air_temp_prev2,air_temp_prev1,air_temp,humidity_prev2,humidity_prev1,humidity,soil_moisture_prev2,soil_moisture_prev1,soil_moisture,leaf_temp_delta_prev2,leaf_temp_delta_prev1,leaf_temp_delta,future_label
31.1,31.6,32.3,47.5,48.6,54.4,57.4,53.0,56.4,1.2,1.1,1.6,stable
36.8,42.7,42.5,33.5,33.0,34.2,63.5,56.9,56.1,7.0,7.9,7.7,future_water_stress
37.6,37.0,36.9,23.7,32.0,23.3,40.6,42.3,45.6,8.1,9.4,8.4,future_water_stress
35.1,37.2,40.1,55.7,55.5,58.0,63.1,68.4,65.9,5.9,5.2,6.9,future_heat_stress
29.5,30.4,33.5,62.4,60.3,57.6,48.1,52.7,48.7,7.1,7.0,7.7,future_water_stress
30.1,28.6,31.7,74.4,80.2,76.0,65.6,60.2,68.5,2.3,3.7,3.1,stable
29.3,28.0,29.2,53.3,51.3,46.6,55.5,52.6,57.3,5.9,6.9,4.9,stable
27.7,28.8,27.6,64.2,65.4,69.8,58.5,56.8,58.0,2.3,4.5,2.8,stable
27.8,29.7,30.1,52.7,50.5,49.6,69.3,73.2,71.5,4.8,2.9,4.3,stable
35.7,34.6,36.0,44.9,44.3,40.6,77.9,83.2,82.8,3.4,4.5,4.5,stable
33.9,35.5,34.5,50.3,44.2,42.8,88.6,93.2,93.3,6.1,7.0,4.6,stable
28.7,29.2,31.6,73.7,80.9,78.8,65.1,66.6,63.1,6.8,4.5,4.4,stable
21.6,22.2,23.5,75.3,73.6,80.4,58.6,61.6,65.3,5.3,6.1,4.7,stable
38.7,40.5,38.3,65.7,58.8,57.5,50.3,52.4,55.4,6.1,5.2,6.5,future_water_stress
34.1,33.0,33.5,80.1,98.1,87.4,37.2,47.4,42.3,8.0,6.9,6.8,future_root_zone_stress
35.1,38.9,37.6,35.7,42.6,36.5,76.1,66.8,64.8,8.9,9.1,9.4,future_root_zone_stress
32.5,34.6,33.4,27.1,39.7,36.6,65.7,75.9,69.8,6.4,7.0,6.2,stable
35.1,35.0,37.9,47.7,57.0,48.5,56.4,63.7,55.9,5.8,4.8,5.4,stable
31.7,31.5,32.4,38.8,43.3,38.2,76.1,78.6,80.8,4.4,7.3,6.3,stable
24.7,26.3,29.3,60.5,59.2,56.3,56.0,54.6,60.3,4.4,1.2,1.8,stable
42.3,45.2,46.4,47.5,46.0,45.5,59.0,50.0,54.5,6.9,10.5,8.5,future_heat_stress
26.9,30.1,30.7,44.1,44.4,46.9,62.7,56.8,56.0,3.2,3.9,2.5,stable
34.4,32.1,36.1,57.9,51.1,57.3,84.4,77.3,81.1,6.0,7.2,5.3,stable
31.4,35.4,37.0,39.9,36.7,37.4,88.6,88.3,90.8,11.0,10.0,8.5,future_heat_stress
37.0,38.1,41.7,47.8,46.4,46.4,39.5,46.5,44.1,6.1,5.0,6.0,stable
26.4,27.1,28.3,84.8,92.5,90.2,94.5,97.7,99.2,4.4,3.7,5.4,stable
34.2,38.4,40.0,26.4,22.7,29.0,42.9,48.9,51.1,9.0,6.9,7.3,future_heat_stress
28.6,27.8,31.5,69.5,79.8,80.3,74.2,73.4,68.5,4.9,4.9,3.0,stable
33.9,30.2,33.1,76.4,83.6,82.4,52.7,43.0,43.6,6.3,6.9,5.4,future_root_zone_stress
29.6,31.0,33.9,56.3,57.6,55.2,64.4,64.8,64.7,1.8,1.1,1.7,stable
40.4,42.4,42.8,31.5,40.5,37.6,27.5,24.6,22.9,5.2,5.7,5.7,future_root_zone_stress
32.6,32.7,32.0,51.2,51.4,48.7,25.5,28.2,29.2,4.0,6.5,6.0,future_water_stress
32.3,31.1,30.9,58.8,68.4,57.4,66.4,71.9,61.7,4.0,3.2,3.7,stable
32.2,34.5,37.0,46.3,53.1,55.4,46.8,54.5,52.1,5.8,5.4,5.4,future_root_zone_stress
21.6,27.5,24.4,53.8,47.1,53.9,79.8,74.6,76.5,4.0,4.9,3.5,stable
27.7,27.8,28.7,75.8,80.7,79.2,65.4,61.5,63.7,2.3,4.2,3.0,stable
24.3,25.3,26.5,76.5,73.3,76.7,34.9,37.2,33.7,3.3,2.3,2.4,stable
32.9,36.0,36.9,53.3,50.3,51.8,56.7,58.1,64.1,4.6,5.7,3.9,stable
27.6,29.5,28.7,85.4,92.1,80.0,45.9,49.8,41.5,2.1,2.9,4.0,stable
31.8,30.0,34.0,79.4,76.9,79.9,60.4,63.5,67.8,5.4,4.5,3.3,stable
43.7,43.1,43.8,27.4,29.3,35.6,67.9,75.9,69.6,12.0,10.5,11.2,future_heat_stress
30.6,33.7,30.8,63.4,67.0,58.4,33.2,39.9,38.8,4.0,7.9,6.2,future_water_stress
21.8,22.2,25.6,55.4,52.3,54.3,53.4,48.9,49.2,1.7,2.5,2.3,stable
30.5,33.8,31.7,31.9,31.6,33.6,67.9,65.2,68.9,4.4,4.4,4.5,stable
36.4,34.6,36.5,43.0,46.1,48.4,74.6,68.3,65.8,5.0,4.9,5.1,stable
40.5,40.5,38.8,48.8,51.0,50.1,55.1,53.6,48.7,8.3,7.1,7.4,future_water_stress
30.8,34.2,34.1,65.6,68.1,67.0,78.3,69.4,71.0,1.8,5.0,3.4,stable
20.9,23.6,22.5,86.3,82.0,82.0,66.3,59.0,57.5,5.7,2.9,4.5,stable
26.8,26.5,29.2,61.2,55.5,59.0,65.2,60.9,57.0,7.9,5.4,7.2,future_root_zone_stress
39.8,37.9,40.2,48.2,45.9,49.7,63.5,63.9,63.8,4.5,6.6,6.2,stable
28.3,28.2,30.2,84.4,85.3,83.5,88.2,85.2,92.2,2.9,2.8,3.7,stable
25.9,28.3,25.8,51.8,47.6,49.4,50.7,50.8,48.3,0.5,2.8,1.9,stable
29.9,31.2,31.4,87.5,82.8,87.4,63.7,68.2,61.0,3.3,4.5,4.3,stable
27.9,27.9,28.3,39.1,39.0,36.9,48.7,44.7,47.8,8.5,6.8,7.0,future_heat_stress
30.6,31.1,33.7,80.9,81.5,88.6,47.0,45.2,47.1,3.4,2.8,2.0,stable
30.9,29.5,32.0,67.8,57.5,64.5,74.1,71.1,73.8,6.9,6.8,6.1,stable
25.5,25.9,26.4,48.5,40.1,44.0,35.9,30.8,32.5,6.7,5.1,5.2,future_water_stress
35.3,35.0,33.7,51.0,51.5,45.4,50.1,51.1,51.2,6.2,5.8,6.6,future_water_stress
37.3,34.1,38.5,58.4,61.6,58.3,59.2,57.5,57.6,7.2,8.1,7.8,future_root_zone_stress
32.7,36.3,37.0,59.6,58.5,55.7,33.3,39.4,33.3,4.7,6.6,5.4,future_water_stress
31.0,30.9,32.0,79.6,83.6,84.6,89.0,94.0,96.0,4.3,3.8,4.6,stable
34.0,34.4,35.2,76.1,74.4,67.6,56.7,57.7,56.8,3.8,7.1,6.0,future_root_zone_stress
32.5,34.7,36.3,60.6,53.5,54.0,48.6,43.1,40.3,6.3,6.4,5.6,future_water_stress
29.6,30.6,32.2,31.1,29.5,39.3,16.3,12.1,15.4,6.5,2.7,3.1,future_water_stress
25.1,26.2,27.9,51.5,66.2,60.0,43.3,39.6,39.4,5.6,5.0,5.4,stable
32.8,33.6,34.2,43.6,46.0,47.8,63.1,69.2,64.8,6.4,5.1,4.9,stable
26.2,27.3,28.4,65.8,64.9,62.4,69.1,65.3,61.4,3.6,2.8,3.4,stable
29.3,34.3,32.8,52.4,44.4,51.3,68.5,67.3,64.0,8.2,5.5,5.4,future_root_zone_stress
33.8,32.4,32.2,84.3,82.6,81.8,77.0,75.5,74.5,1.8,5.0,4.5,stable
30.9,30.4,34.5,63.7,63.2,68.4,63.5,63.8,66.8,0.8,1.9,2.7,stable
30.2,29.1,29.3,80.3,84.3,93.8,69.8,73.1,70.6,3.6,3.5,3.9,stable
34.1,31.0,33.1,76.3,70.8,77.5,50.5,48.8,45.1,3.0,1.2,1.1,stable
28.2,25.4,26.4,58.6,63.2,66.7,54.2,61.6,57.5,2.8,1.5,2.8,stable
23.9,26.7,29.4,55.7,57.6,52.3,67.4,65.6,64.6,5.4,4.7,5.1,stable
23.7,24.6,26.2,69.9,68.6,61.7,68.5,76.8,70.4,2.4,3.0,3.0,stable
34.1,32.6,32.6,48.3,42.8,53.3,45.8,49.4,42.5,6.0,5.0,5.6,future_root_zone_stress
31.5,32.3,35.0,74.6,81.8,78.3,61.3,65.6,61.9,2.1,1.8,2.4,stable
38.2,38.9,39.2,50.8,54.2,59.9,68.3,69.4,72.7,5.4,6.6,5.3,stable
35.4,34.1,36.7,49.6,46.6,52.6,39.4,47.2,44.4,8.6,6.6,6.5,stable
25.7,24.8,27.9,73.4,79.7,71.1,61.6,61.1,54.8,4.5,5.8,4.3,stable
28.2,27.3,25.0,69.0,69.2,67.3,46.7,52.7,45.1,2.3,3.5,2.0,stable
38.1,34.3,36.0,57.5,53.1,57.2,63.2,61.3,59.1,4.4,5.8,6.7,future_root_zone_stress
26.1,29.7,28.2,97.4,92.2,90.6,71.1,65.1,68.9,5.0,4.3,3.9,stable
31.5,32.5,33.2,77.9,86.9,89.8,82.2,84.7,84.2,6.6,6.7,5.9,future_root_zone_stress
38.7,37.8,39.6,77.8,78.0,74.2,37.1,37.2,37.8,2.5,2.9,3.9,future_root_zone_stress
23.9,24.8,27.0,57.6,62.7,63.0,57.7,53.9,58.3,7.3,3.2,4.3,future_root_zone_stress
34.3,32.0,35.6,49.3,43.0,41.8,58.0,66.1,66.6,1.3,2.9,4.3,stable
27.1,30.1,29.2,66.8,69.9,64.6,80.5,86.1,84.5,2.5,3.0,2.8,stable
28.2,28.0,28.6,61.8,67.0,65.9,77.5,75.3,73.6,3.8,3.3,3.2,stable
25.1,23.5,24.4,74.4,79.5,74.4,74.4,66.7,66.7,2.6,4.2,4.0,stable
27.0,31.2,32.1,62.3,59.2,59.4,30.1,27.5,28.9,6.0,6.6,6.4,future_water_stress
38.7,36.3,40.1,51.1,49.0,44.1,71.4,75.2,73.8,9.2,5.8,6.9,future_heat_stress
28.8,29.2,30.9,53.1,52.5,50.0,80.1,75.3,72.6,6.9,4.9,5.9,stable
36.5,36.0,39.9,44.9,45.9,44.7,55.1,57.1,54.2,5.9,7.1,5.9,future_heat_stress
27.6,29.0,29.5,52.5,59.9,60.9,42.6,52.0,44.1,6.1,4.0,4.3,future_water_stress
27.3,25.9,28.7,57.8,60.5,59.7,80.4,72.9,71.5,5.2,3.1,5.0,stable
28.6,29.9,28.4,71.9,68.2,64.7,74.8,71.0,68.2,3.0,3.5,2.3,stable
33.4,35.0,34.3,33.8,36.3,35.9,68.5,66.2,66.3,2.2,3.4,2.9,stable
40.7,38.8,40.9,33.1,33.5,34.0,41.3,38.2,43.8,8.8,7.9,6.5,future_heat_stress
22.8,23.1,24.7,74.9,68.4,72.5,63.7,59.6,57.3,3.8,2.4,2.5,stable
33.8,32.4,35.9,66.1,68.3,61.2,52.4,55.2,62.1,4.4,3.5,5.4,stable
25.1,28.6,28.5,66.8,54.9,58.3,52.9,55.4,58.0,6.1,6.0,4.1,stable
28.2,29.6,28.9,79.5,79.6,88.0,35.0,43.1,42.1,5.2,5.1,4.4,stable
32.9,33.1,33.2,73.0,69.2,65.3,58.2,62.3,62.5,3.7,4.6,4.2,stable
29.9,29.9,33.7,77.4,67.3,71.5,45.7,50.7,49.6,4.6,5.8,5.7,future_root_zone_stress
30.2,31.0,32.3,52.4,57.1,59.5,33.2,35.1,34.2,3.0,5.1,6.1,future_water_stress
31.0,35.1,34.4,50.6,57.1,56.6,54.0,49.1,44.4,6.8,6.1,6.1,stable
37.0,38.2,39.3,29.8,37.7,35.0,59.9,60.2,67.6,4.3,6.5,6.0,future_heat_stress
25.2,25.0,27.7,43.8,54.7,53.9,65.7,67.7,68.7,6.1,3.5,4.5,stable
32.2,31.9,31.9,73.1,67.2,68.3,79.7,78.3,81.9,3.6,2.8,4.2,stable
34.1,34.9,36.4,57.9,56.5,52.6,65.4,66.8,64.3,4.7,4.9,4.0,stable
27.9,30.3,30.0,49.0,48.2,52.0,50.9,43.4,44.0,2.0,1.7,2.6,stable
36.3,35.9,40.0,44.0,54.6,52.8,65.5,71.8,68.7,1.3,4.3,3.7,stable
31.1,30.5,32.9,71.8,69.6,74.8,50.1,50.3,49.1,6.5,3.2,3.6,stable
35.3,34.0,33.3,73.1,72.9,80.7,28.2,28.8,28.1,3.1,3.0,4.6,future_water_stress
28.2,30.3,32.4,58.5,57.0,53.7,83.1,88.3,88.4,0.9,3.6,1.1,stable
30.8,28.1,31.4,53.1,57.1,55.7,26.8,16.3,20.2,7.1,8.2,8.3,future_water_stress
40.1,38.3,40.2,57.2,50.8,57.7,67.2,63.6,66.3,7.7,8.7,8.3,future_root_zone_stress
25.4,22.2,23.5,53.4,46.7,42.8,53.6,47.2,45.1,5.2,5.0,4.3,stable
39.0,35.8,38.1,39.7,41.3,45.6,49.7,38.7,40.4,11.3,9.3,10.6,future_root_zone_stress
30.3,32.3,31.6,75.8,72.0,75.3,38.2,35.9,39.1,4.9,4.6,5.5,future_root_zone_stress
33.8,32.3,31.4,69.4,69.4,75.4,80.6,67.9,73.5,3.2,5.7,4.7,stable
34.2,34.3,32.5,71.9,78.7,76.1,9.6,12.7,13.3,8.4,7.2,8.0,future_water_stress
39.9,37.2,39.8,36.4,39.6,36.4,68.0,65.9,70.5,6.1,7.5,8.3,future_heat_stress
26.6,27.5,26.7,40.1,44.8,43.2,27.0,12.2,21.2,4.7,6.5,4.8,future_water_stress
29.9,30.7,30.5,56.8,59.7,55.4,92.3,84.0,85.8,4.6,3.3,3.7,stable
30.7,31.3,32.9,65.9,69.9,65.5,49.4,41.3,43.8,0.4,2.4,3.1,stable
37.0,37.2,37.6,57.9,51.2,51.5,57.4,56.0,55.1,7.5,9.1,8.5,future_root_zone_stress
31.9,31.7,31.3,57.0,56.9,50.5,79.6,73.2,73.6,4.8,3.7,4.9,stable
35.1,33.7,32.9,56.9,54.4,57.3,86.5,92.7,91.7,4.4,5.4,6.3,stable
38.0,38.7,41.9,46.0,49.4,44.8,59.5,64.2,68.9,7.3,5.4,4.9,future_heat_stress
28.2,29.8,29.3,50.2,52.7,57.0,76.3,81.6,80.0,0.9,3.2,2.2,stable
33.8,37.4,36.0,44.1,43.2,50.5,47.5,47.1,45.7,9.8,7.1,7.4,stable
30.0,33.7,33.1,67.1,66.9,61.3,54.4,53.3,54.6,4.7,5.2,7.0,future_heat_stress
33.0,34.9,35.0,41.9,46.1,46.2,51.6,50.3,52.4,2.8,2.8,3.8,stable
40.3,42.6,43.4,66.4,56.5,56.2,57.7,57.5,56.4,7.5,7.6,7.2,future_heat_stress
32.6,34.0,35.5,52.7,65.2,54.4,75.7,77.4,73.4,9.7,7.2,8.2,future_heat_stress
30.2,29.2,30.7,72.0,71.8,74.0,69.9,70.9,71.9,4.8,4.1,3.6,stable
25.9,25.7,27.1,59.9,55.6,63.2,63.9,64.0,63.9,2.2,1.6,3.6,stable
39.9,42.9,42.0,55.9,45.7,56.2,73.2,68.7,64.1,8.9,8.4,7.6,future_root_zone_stress
36.2,36.0,36.9,69.1,72.7,71.3,72.3,71.8,65.1,6.4,7.6,8.7,future_heat_stress
41.3,40.7,44.2,54.4,48.5,52.6,39.9,37.0,38.2,8.1,9.8,9.5,future_water_stress
24.9,25.0,25.7,51.6,50.2,49.0,61.7,62.0,63.4,2.1,4.2,4.3,stable
32.2,32.0,33.0,52.6,50.6,50.8,57.4,62.7,68.1,3.5,3.3,5.5,stable
29.3,29.3,31.0,66.9,62.3,61.0,66.8,72.6,70.8,3.9,4.8,4.8,stable
29.9,30.1,32.3,93.3,87.4,89.8,67.0,68.9,77.3,4.0,3.0,2.3,stable
31.4,28.8,31.4,69.6,73.4,69.4,46.0,58.2,55.1,7.0,7.2,8.1,future_water_stress
40.9,37.3,42.5,37.5,39.3,41.3,55.0,60.7,57.7,8.8,8.0,7.6,future_heat_stress
31.7,35.1,37.1,61.1,49.7,52.9,67.5,62.2,64.9,6.7,5.2,5.6,future_root_zone_stress
26.0,25.1,25.9,76.2,76.7,69.3,60.7,52.5,54.0,4.4,4.0,3.7,stable
35.2,36.8,36.3,31.2,35.9,39.0,59.3,54.8,63.1,5.6,3.9,4.8,stable
31.8,30.9,34.0,74.8,78.6,77.4,68.7,70.1,64.9,2.1,2.5,2.9,stable
28.4,30.0,30.0,58.0,52.2,58.9,40.4,39.0,41.5,5.2,3.6,2.7,stable
35.7,38.6,40.1,60.1,57.0,55.8,71.8,69.1,67.8,8.8,8.6,7.9,stable
28.2,30.2,29.9,78.3,76.4,85.1,46.8,48.7,51.2,2.2,3.7,4.0,stable
36.0,34.6,38.3,81.4,85.4,80.2,58.6,64.0,57.5,4.7,5.2,6.9,future_root_zone_stress
24.3,27.1,27.3,59.8,58.9,55.3,22.7,23.6,22.8,8.6,7.8,7.8,future_water_stress
38.6,38.7,38.4,70.3,77.1,72.5,69.9,75.3,72.5,3.1,5.0,4.7,stable
37.0,36.2,39.5,49.6,54.3,49.0,40.6,40.4,43.3,8.8,9.6,9.9,future_root_zone_stress
35.2,32.4,32.3,71.0,67.8,67.7,31.7,26.4,27.8,2.4,4.8,3.0,future_water_stress
33.2,33.3,36.2,37.8,47.4,49.1,61.5,65.8,58.8,5.0,5.4,5.5,stable
30.4,33.6,35.0,34.7,26.9,30.9,84.5,79.1,83.1,8.1,6.2,6.1,future_heat_stress
32.2,30.5,30.4,59.5,69.7,65.2,65.0,56.3,59.2,3.4,1.7,2.0,stable
35.6,34.2,37.8,41.5,34.2,37.9,67.4,65.9,71.5,4.8,2.6,4.1,stable
28.8,28.1,30.8,56.8,60.8,62.5,66.9,71.0,70.3,0.7,2.6,3.5,stable
34.7,34.4,36.2,48.9,45.0,55.5,78.2,74.3,76.4,1.6,4.9,4.4,stable
24.2,28.5,28.7,73.4,81.0,72.7,69.1,67.6,63.1,6.9,7.4,6.0,future_root_zone_stress
31.2,33.6,31.6,36.4,36.4,28.9,56.3,46.9,50.9,5.7,5.6,6.7,future_heat_stress
27.3,30.2,29.1,72.8,80.1,80.0,39.4,42.4,45.5,4.4,1.2,2.6,stable
30.4,29.3,28.1,49.3,58.6,55.3,54.6,57.0,53.7,5.6,6.3,5.6,stable
36.1,38.1,38.4,47.7,52.5,51.6,83.8,80.4,83.6,7.1,5.6,5.6,stable
23.7,25.3,27.1,60.9,66.9,62.3,80.2,78.0,80.0,2.0,3.5,2.9,stable
38.7,40.2,43.7,66.2,71.3,69.0,54.8,56.2,55.5,4.9,5.3,5.4,stable
24.8,24.4,26.1,46.6,42.0,42.0,78.3,68.4,73.9,2.1,3.7,4.1,stable
33.8,38.0,38.6,51.2,46.3,46.8,40.6,38.8,43.4,6.8,5.6,5.7,future_water_stress
26.8,24.2,24.0,78.4,77.4,80.6,51.8,53.7,57.0,2.2,3.9,3.8,stable
33.9,32.8,32.8,55.3,47.4,45.1,57.7,58.7,56.1,5.3,5.5,5.7,stable
27.1,27.1,28.2,66.9,67.6,59.5,62.8,51.3,57.1,4.1,4.0,3.2,future_root_zone_stress
39.9,41.9,43.1,32.1,36.5,33.4,18.1,16.2,17.1,7.2,8.6,9.2,future_water_stress
43.2,45.5,46.2,31.0,32.9,39.3,91.0,99.8,96.2,5.5,6.8,6.5,future_heat_stress
26.5,26.4,29.7,54.6,51.8,53.4,80.1,70.7,76.0,5.5,2.5,4.0,stable
31.8,31.6,31.7,78.3,72.5,81.1,62.3,52.2,57.5,2.1,1.9,1.8,stable
27.5,28.7,28.2,58.1,54.0,52.1,52.0,59.2,53.7,7.3,8.7,8.1,future_root_zone_stress
30.3,29.6,33.6,46.6,49.2,51.2,70.9,77.0,73.6,6.5,7.1,6.8,future_heat_stress
34.9,32.5,36.0,57.2,66.0,60.3,42.5,45.6,43.2,5.4,4.9,3.8,future_heat_stress
31.7,28.4,30.8,87.7,84.5,81.9,61.1,62.8,59.8,4.3,5.0,4.7,future_root_zone_stress
35.5,36.4,34.8,62.0,71.4,64.8,46.2,50.2,44.7,3.9,2.5,1.9,stable
24.3,22.9,23.2,66.8,71.5,64.7,45.8,40.0,42.7,6.1,6.5,5.3,stable
27.1,26.7,28.2,88.6,79.2,78.5,95.5,98.7,95.2,1.8,1.7,2.8,stable
30.2,31.1,30.7,49.1,54.5,57.3,59.7,58.5,61.3,3.2,2.7,2.1,stable
24.3,23.7,24.7,63.5,66.2,64.7,73.5,60.7,67.5,3.5,3.9,3.2,stable
38.4,34.4,38.1,49.6,54.0,56.9,55.2,52.4,57.2,6.1,6.8,7.5,future_root_zone_stress
37.4,40.7,39.8,68.3,67.5,65.8,70.1,77.2,71.1,8.9,5.8,5.5,stable
38.6,38.0,40.7,29.1,30.0,27.6,26.1,27.6,29.8,4.9,6.6,6.5,future_water_stress
34.9,34.2,36.3,61.6,59.1,56.1,82.7,79.8,83.5,2.9,4.1,3.2,stable
25.2,24.8,27.6,86.0,78.9,77.3,54.2,60.4,53.0,1.9,2.1,1.9,stable
27.7,26.3,27.6,49.2,60.0,58.5,48.0,52.7,50.4,5.7,6.6,6.7,stable
25.5,26.8,27.6,53.3,58.7,57.6,37.2,40.5,44.5,4.1,4.5,4.5,stable
30.4,33.7,35.7,86.6,79.6,83.4,79.5,85.9,87.4,3.4,2.8,1.6,stable
27.3,26.6,30.2,63.8,62.8,71.8,70.8,69.2,75.6,3.8,4.8,4.0,stable
31.3,33.9,33.6,74.7,72.8,73.7,57.8,51.9,54.8,4.5,2.5,4.5,stable
36.4,39.7,40.9,47.3,54.2,51.6,60.5,59.6,61.0,3.3,5.2,5.3,stable
27.2,28.6,28.3,75.4,75.0,70.8,72.1,66.6,69.9,2.3,3.7,4.1,stable
26.6,30.9,30.0,48.0,56.4,45.8,92.1,91.2,83.2,5.6,3.4,3.5,stable
43.6,46.6,45.0,45.6,45.8,47.7,70.7,72.2,70.5,11.6,10.5,11.0,future_heat_stress
29.7,29.2,31.5,46.1,47.2,44.5,46.0,53.6,51.3,3.8,4.7,3.3,stable
41.1,40.1,43.8,69.2,57.4,60.5,65.8,68.0,64.8,4.1,5.6,5.1,future_heat_stress
29.0,26.8,29.4,43.3,46.0,42.5,44.0,42.3,48.3,6.9,7.2,7.4,future_water_stress
29.5,29.7,32.8,51.7,59.5,50.3,71.6,69.0,66.6,2.0,3.9,2.5,stable
36.0,35.3,36.8,67.7,60.1,62.8,40.0,40.9,40.0,5.7,7.5,7.0,future_water_stress
26.4,28.8,28.2,49.4,48.0,51.0,58.0,56.6,62.1,5.7,4.1,3.0,stable
24.4,26.2,24.9,50.1,48.2,52.4,32.5,33.7,31.6,5.7,7.8,6.3,future_water_stress
41.2,40.5,43.1,30.1,22.2,27.6,30.9,38.2,29.6,10.3,8.2,9.6,future_water_stress
30.4,34.3,32.7,66.6,71.2,66.5,74.3,65.3,70.8,1.4,4.3,4.5,stable
29.5,25.8,29.1,56.4,49.8,54.6,55.4,52.7,48.0,2.2,3.9,3.7,stable
31.2,33.6,36.6,53.0,60.7,55.5,59.4,61.3,57.5,6.2,7.4,6.7,stable
27.8,28.3,28.7,61.7,70.9,64.4,49.5,40.2,48.2,4.2,4.0,3.8,stable
33.5,35.8,35.9,40.3,45.3,43.0,70.4,70.0,71.6,6.3,6.5,5.8,stable
32.9,31.6,35.5,90.0,78.6,84.0,40.1,32.5,33.5,7.8,4.7,5.6,future_root_zone_stress
28.5,31.3,28.1,55.2,47.6,49.2,47.3,48.7,46.1,5.8,2.8,5.3,stable
41.4,38.8,38.0,45.0,42.6,45.6,29.6,26.2,31.4,8.8,7.2,5.9,stable
27.3,29.1,30.2,43.2,44.9,43.7,30.0,23.3,30.9,8.2,5.5,5.7,future_water_stress
27.6,28.7,32.1,49.8,57.7,50.3,76.4,80.2,77.0,4.4,6.3,6.9,stable
33.8,35.3,37.2,61.3,51.1,61.6,71.5,77.8,73.6,5.2,6.6,6.5,future_heat_stress
22.7,24.8,25.3,71.4,79.6,80.1,54.0,59.8,60.3,-1.2,0.3,0.8,stable
25.1,27.4,25.8,78.6,85.2,83.0,73.6,67.8,74.6,6.5,4.2,4.9,stable
29.5,31.6,32.5,62.7,58.2,56.9,38.0,38.3,40.7,1.3,0.3,-0.8,stable
30.6,31.0,31.2,79.8,71.6,75.8,58.7,52.8,54.5,5.2,4.6,4.0,future_root_zone_stress
38.4,39.8,39.0,39.6,32.8,33.9,60.5,65.7,64.0,7.8,8.3,9.6,future_root_zone_stress
27.3,29.1,29.5,74.3,87.8,84.6,69.9,76.5,71.0,8.3,5.6,5.3,stable
27.5,24.7,26.6,72.9,72.6,77.3,69.4,70.1,65.6,4.2,3.6,2.4,stable
42.3,44.6,42.3,22.5,14.1,16.9,64.5,60.3,62.5,7.2,6.9,6.6,future_heat_stress
32.4,35.2,38.4,56.0,56.7,57.9,36.8,41.6,35.3,8.9,8.3,7.7,future_water_stress
35.3,33.3,32.0,34.6,41.6,41.7,32.2,23.0,26.3,8.2,6.7,7.2,future_water_stress
28.0,25.3,28.2,68.3,74.4,71.3,50.6,56.4,50.7,3.1,4.1,3.8,stable
19.4,21.1,19.7,72.4,68.8,63.5,53.1,58.5,61.2,4.0,0.7,2.9,stable
40.4,38.3,43.1,20.2,22.6,20.6,74.6,85.6,76.5,10.9,8.3,9.7,future_heat_stress
28.3,28.5,28.2,53.3,56.1,61.2,61.4,57.8,62.2,3.7,4.0,3.4,stable
26.6,28.1,26.7,63.2,55.1,56.5,81.0,75.7,73.7,3.5,3.5,3.0,stable
27.0,28.3,29.7,73.9,73.2,70.4,11.5,22.4,13.4,8.7,7.3,7.1,future_water_stress
30.4,32.5,33.0,65.0,62.7,67.3,85.8,85.8,88.1,3.5,5.3,4.5,stable
32.2,28.1,30.9,54.1,63.7,60.3,91.0,87.8,84.8,4.2,5.8,4.8,stable
25.9,30.0,29.4,62.9,62.7,60.1,27.6,22.7,26.5,5.9,5.5,5.9,future_root_zone_stress
43.3,44.7,46.5,42.1,38.1,37.3,50.1,48.0,42.4,7.7,7.6,6.7,future_heat_stress
22.9,21.5,23.0,53.5,47.7,50.9,88.5,79.2,81.2,3.2,2.2,2.7,stable
27.2,23.7,28.5,81.5,84.9,80.6,86.2,82.1,88.0,2.0,3.0,3.4,stable
36.6,39.8,39.2,37.4,37.9,38.6,73.8,64.3,71.2,6.3,7.7,8.3,future_heat_stress
25.4,26.1,27.3,79.6,79.6,76.2,59.1,73.6,70.9,5.4,5.6,6.2,future_root_zone_stress
31.5,33.7,33.1,69.9,72.3,70.2,65.4,62.5,62.4,3.8,5.3,6.2,stable
39.6,38.8,38.9,62.0,65.2,60.2,40.4,44.8,38.3,6.7,6.0,7.0,future_root_zone_stress
31.4,33.3,32.1,51.5,49.4,48.1,54.6,50.0,46.0,5.9,9.5,8.8,stable
27.7,25.1,26.2,59.7,60.1,59.1,76.5,70.9,73.3,1.8,2.9,2.7,stable
27.8,30.3,30.5,48.9,51.5,51.6,62.9,60.2,61.2,3.2,4.5,4.3,stable
38.3,37.9,40.3,47.3,44.7,44.2,57.5,62.1,67.2,7.4,7.3,5.1,stable
25.4,25.7,26.7,56.9,57.5,54.1,33.3,38.7,40.3,5.4,5.4,4.3,future_root_zone_stress
32.6,30.4,33.5,78.9,84.3,79.5,37.0,31.2,35.3,6.4,5.8,6.5,future_root_zone_stress
29.9,33.6,31.4,66.1,62.9,62.7,49.5,52.1,52.0,6.6,6.2,7.4,future_root_zone_stress
27.3,29.7,28.2,53.6,52.8,45.5,77.0,70.1,78.9,3.4,1.9,3.7,stable
39.9,40.2,39.4,45.5,47.2,46.9,54.7,50.5,51.1,6.9,5.8,6.7,stable
25.9,25.2,24.4,82.6,76.5,80.6,71.6,81.7,75.9,1.4,3.7,3.7,stable
25.8,27.8,28.6,75.8,76.8,72.1,58.6,57.4,55.0,0.9,2.9,1.6,stable
26.3,26.8,27.3,64.4,61.9,65.1,79.7,70.9,73.0,5.6,5.1,2.9,stable
22.4,22.3,26.1,63.4,67.7,63.0,60.2,67.2,64.5,4.6,2.2,1.8,stable
27.1,29.9,30.5,51.7,53.2,51.2,23.0,19.8,25.1,4.8,4.4,5.8,future_water_stress
24.4,26.6,27.5,70.9,76.8,68.9,67.9,74.4,77.7,1.1,2.6,1.9,stable
35.2,35.6,36.9,81.8,91.5,88.4,24.5,24.6,25.5,7.7,4.6,4.7,future_root_zone_stress
23.3,23.4,24.5,58.9,53.2,53.8,53.2,55.2,57.2,6.0,3.5,4.6,stable
26.6,27.3,29.4,46.4,55.1,56.2,46.2,47.6,52.5,3.5,5.8,5.8,future_water_stress
43.8,46.5,45.8,12.3,17.7,19.8,60.3,65.5,66.6,9.8,10.6,9.5,future_heat_stress
32.7,33.2,34.1,58.2,60.4,57.2,77.5,68.1,76.0,3.7,4.2,4.3,stable
30.6,30.2,32.3,103.5,105.3,104.2,51.4,56.2,52.5,6.9,4.7,4.7,stable
29.1,29.8,32.1,63.6,56.8,62.1,42.1,43.5,39.5,1.2,0.5,1.1,stable
24.9,26.5,26.8,51.3,51.7,51.8,69.8,72.5,69.9,-0.1,2.6,3.1,stable
27.4,28.3,27.7,48.2,47.2,46.5,66.1,73.0,71.5,3.7,4.3,5.7,stable
26.7,26.6,27.3,52.9,54.6,54.8,68.3,67.9,64.5,3.1,1.3,2.9,stable
34.0,37.9,38.1,44.0,47.0,44.7,31.0,31.5,30.7,6.8,7.6,7.4,future_water_stress
25.3,29.4,27.4,63.6,60.0,64.6,67.6,75.9,70.4,6.6,5.5,5.7,stable
27.5,28.6,29.3,84.1,89.2,85.8,51.5,52.6,49.8,4.1,4.5,5.0,stable
33.3,33.5,34.6,39.0,31.3,38.1,68.2,77.0,73.5,7.4,6.9,7.1,stable
31.5,29.8,33.5,74.7,74.8,81.2,68.3,57.8,66.6,2.2,2.9,3.0,stable
27.9,26.9,30.0,69.0,65.4,70.9,65.6,72.9,69.4,4.3,4.8,4.3,stable
35.9,37.1,37.8,44.4,35.2,38.4,96.1,86.1,90.2,5.8,5.4,5.6,stable
30.7,28.0,30.8,66.7,73.8,72.1,69.3,70.9,70.1,4.6,2.6,3.6,stable
31.2,34.1,30.4,83.5,80.6,88.7,84.9,76.7,84.4,3.1,2.7,2.3,stable
44.3,45.0,46.9,45.5,37.4,42.2,44.5,42.9,42.4,10.6,8.8,8.7,future_heat_stress
25.3,28.8,31.0,63.8,68.2,67.7,66.2,69.8,66.3,4.1,3.3,4.2,stable
26.1,28.6,30.8,58.0,57.8,62.4,58.4,64.1,62.2,1.3,3.4,2.9,stable
30.5,29.1,30.6,50.1,54.0,48.3,84.3,87.1,82.0,3.9,2.5,2.9,stable
36.7,35.6,38.5,55.4,60.8,50.6,29.2,20.3,19.8,4.2,3.6,5.2,future_root_zone_stress
43.9,40.9,42.8,23.5,31.7,23.9,65.4,66.0,67.9,6.5,6.6,6.5,future_root_zone_stress
33.9,32.0,33.8,58.8,62.8,56.1,67.6,61.5,64.4,1.9,2.3,2.4,stable
26.8,27.0,28.7,59.9,64.5,62.5,74.2,71.2,64.8,1.6,4.9,3.4,stable
27.3,24.7,27.7,66.7,70.7,72.8,83.9,78.5,83.3,4.6,4.5,4.9,stable
32.7,34.8,34.1,75.0,78.1,71.7,57.4,56.2,60.4,7.9,7.1,6.9,stable
30.5,32.1,32.4,59.9,60.7,61.1,42.7,49.3,39.2,5.9,3.8,4.8,stable
29.1,29.7,28.5,81.0,80.2,74.2,71.8,70.5,74.3,3.2,4.2,4.6,stable
38.3,39.6,38.6,59.8,57.0,58.1,62.2,59.4,60.9,2.9,4.2,5.2,stable
41.8,40.7,41.6,11.8,16.5,16.6,50.9,56.1,48.4,7.8,9.4,9.1,future_heat_stress
25.2,28.3,26.3,78.8,81.3,82.6,65.6,63.8,64.8,4.0,4.9,5.4,stable
39.7,40.3,40.6,50.1,43.6,52.4,43.9,44.8,43.9,6.7,7.4,7.1,future_root_zone_stress
31.3,34.5,34.2,52.3,57.7,56.6,57.8,59.7,58.2,2.8,1.5,1.4,stable
24.8,26.9,29.9,73.6,72.0,73.4,50.5,51.6,46.8,4.9,2.5,2.7,stable
36.4,39.2,38.6,33.7,41.5,28.5,34.4,31.3,37.3,7.7,6.0,7.1,future_root_zone_stress
27.5,27.3,28.1,66.3,66.4,68.4,64.2,66.1,68.8,2.3,2.1,2.0,stable
36.2,35.6,36.9,24.7,31.5,29.6,88.4,89.6,92.2,8.1,9.5,10.4,future_heat_stress
29.4,31.3,32.3,88.2,86.1,87.2,84.8,80.2,83.4,5.7,4.0,4.1,stable
26.4,27.0,27.1,58.0,54.3,59.5,65.6,63.3,64.9,3.9,4.2,2.7,stable
28.6,26.7,26.4,56.1,58.3,64.0,21.3,18.1,17.6,3.2,3.1,4.3,future_water_stress
38.3,36.6,37.2,38.3,41.0,42.5,53.5,52.8,58.0,5.1,4.5,5.7,future_water_stress
28.6,27.8,28.4,71.7,79.9,70.5,44.7,49.5,52.4,2.2,5.4,5.0,stable
41.9,39.1,41.8,37.3,37.2,40.0,73.0,74.6,73.4,9.6,8.1,9.3,future_heat_stress
32.3,34.1,36.0,46.8,38.3,40.5,68.5,64.3,68.9,4.3,5.4,5.0,future_heat_stress
25.3,27.5,25.4,40.5,44.8,50.2,37.7,37.2,39.3,2.9,5.3,3.3,stable
40.4,39.9,40.3,29.8,31.9,33.7,54.5,52.3,61.2,4.5,6.4,6.0,future_heat_stress
31.8,30.4,30.6,58.3,68.8,65.8,21.7,28.7,22.0,3.5,3.6,4.2,future_water_stress
39.3,38.3,40.8,44.7,40.9,48.1,28.3,36.0,30.0,9.5,8.8,10.5,future_water_stress
34.7,36.4,38.4,45.7,37.9,42.6,88.0,88.0,87.0,6.0,7.3,7.5,future_heat_stress
32.5,32.9,32.8,54.3,62.9,60.2,25.1,26.9,23.3,3.4,6.3,6.7,future_water_stress
28.1,28.7,31.9,59.6,62.1,53.2,58.6,61.2,55.4,1.9,2.9,2.1,stable
25.2,22.2,24.8,65.8,72.2,71.4,90.0,91.9,92.0,5.1,4.0,4.3,stable
30.0,29.9,31.4,20.8,18.0,20.6,46.9,45.1,46.9,5.1,7.5,6.2,stable
34.7,36.0,33.5,52.1,56.3,50.5,54.6,46.9,50.7,4.8,6.8,6.1,future_root_zone_stress
27.5,27.6,26.1,77.3,67.2,68.5,54.2,51.2,45.4,2.9,3.0,2.4,stable
21.7,23.5,24.0,53.9,55.0,61.3,46.2,45.5,51.8,2.0,3.3,3.6,stable
32.7,35.0,35.5,44.4,46.4,46.3,51.2,54.4,55.0,6.4,5.4,7.4,stable
29.5,31.7,33.4,27.9,25.3,29.5,47.1,46.2,43.0,10.9,9.2,9.2,future_water_stress
23.9,25.9,23.8,81.3,75.5,76.9,44.9,49.2,45.0,1.3,2.4,2.7,stable
31.9,30.6,32.9,84.2,84.1,84.3,62.1,64.0,71.7,2.3,5.9,4.9,stable
25.1,25.8,26.0,54.4,50.9,42.3,81.2,81.4,75.5,3.0,2.9,2.8,stable
29.7,33.9,31.9,64.0,70.5,68.3,69.3,69.8,70.2,1.4,2.1,1.9,stable
30.4,29.5,30.3,38.2,48.3,39.8,54.7,49.6,53.1,1.2,3.7,2.7,stable
30.9,31.5,32.2,85.2,87.7,89.7,59.4,65.6,61.5,2.7,2.8,2.1,stable
26.2,26.0,29.4,60.1,57.8,60.6,65.4,67.1,69.9,1.8,2.3,2.8,stable
25.7,27.8,28.4,57.2,55.9,57.7,50.7,50.1,46.5,3.8,3.0,3.1,stable
32.2,30.9,32.7,79.7,82.3,76.1,82.2,80.1,75.5,4.5,4.6,5.7,stable
38.5,39.8,38.7,39.4,45.8,41.3,48.4,43.8,52.3,7.0,8.5,9.1,future_heat_stress
26.4,23.6,25.5,61.0,57.8,63.6,76.5,73.1,73.2,3.1,3.8,4.7,stable
43.0,44.8,46.7,39.6,46.0,39.1,76.3,74.9,82.2,8.5,8.3,8.0,future_heat_stress
32.5,33.2,34.7,60.7,65.3,69.3,53.2,64.8,57.3,3.2,4.0,5.0,future_root_zone_stress
28.9,28.0,27.8,65.4,67.2,64.4,51.8,55.6,49.8,4.2,5.1,5.5,future_root_zone_stress
27.9,27.6,29.5,58.1,56.0,61.6,79.2,70.3,70.4,-2.6,-1.2,0.3,stable
29.4,31.8,32.9,43.3,49.3,52.1,61.0,63.4,63.7,5.7,4.9,5.5,future_root_zone_stress
23.3,27.0,28.2,72.5,71.0,77.6,47.5,44.6,44.9,6.6,5.2,5.4,future_root_zone_stress
24.1,25.9,28.2,67.4,51.9,62.4,61.9,66.9,69.0,2.3,4.7,5.3,stable
21.4,25.9,25.4,76.7,82.2,78.1,76.4,77.4,70.1,6.5,5.3,5.0,stable
29.9,29.0,31.3,51.4,55.6,56.6,61.1,58.4,60.9,4.9,3.2,2.8,stable
41.2,40.2,42.6,42.4,40.0,37.5,79.4,85.1,90.6,2.8,5.6,3.0,stable
17.9,23.5,23.8,83.7,87.3,80.2,57.5,47.5,48.3,2.2,4.0,4.0,stable
30.9,34.5,32.5,36.9,25.4,30.4,75.0,67.7,68.1,6.8,8.1,7.4,stable
33.2,33.8,35.6,55.5,51.5,50.9,33.5,26.2,29.5,5.1,5.2,5.3,future_water_stress
36.4,38.9,39.7,42.1,43.8,44.4,54.9,52.1,42.6,8.9,8.6,9.4,future_root_zone_stress
24.8,26.3,25.5,69.6,78.5,74.8,68.2,68.3,69.5,2.4,2.8,2.3,stable
28.8,27.9,28.4,62.2,66.6,72.1,56.6,54.3,55.4,3.4,3.1,2.2,stable
28.3,30.3,29.7,40.9,50.3,51.4,52.2,53.2,48.6,5.7,5.6,5.0,future_root_zone_stress
26.0,29.5,29.7,57.4,64.5,64.2,32.3,39.9,37.9,7.1,5.7,6.9,future_water_stress
33.1,35.2,34.5,62.2,65.2,65.3,56.6,53.0,51.0,6.3,3.7,4.3,future_root_zone_stress
19.2,21.2,22.6,78.1,76.5,75.8,50.5,61.0,54.3,5.6,4.2,3.6,stable
23.1,24.1,25.4,54.3,51.9,52.5,73.8,71.2,71.1,5.7,3.7,4.7,stable
29.2,30.5,30.7,85.5,93.8,88.9,83.1,78.8,80.0,2.8,2.8,3.7,stable
28.7,32.2,30.2,67.0,68.7,71.9,44.8,38.1,41.6,5.5,6.2,6.2,future_root_zone_stress
32.4,31.0,30.5,45.0,53.1,55.7,25.9,18.4,22.1,5.9,5.3,6.2,future_water_stress
26.4,28.6,29.5,73.9,69.4,69.3,65.8,58.7,66.8,5.7,3.5,3.2,stable
23.7,25.5,26.0,43.7,46.5,43.8,58.1,61.3,53.7,3.2,2.4,2.9,stable
36.4,33.9,35.4,56.3,52.8,51.9,52.0,46.3,44.8,6.4,4.7,4.5,future_root_zone_stress
24.3,25.5,25.8,64.9,64.0,59.3,60.2,61.0,56.5,2.8,4.9,3.3,stable
38.1,38.9,38.5,50.1,50.3,44.2,27.0,26.1,33.9,4.2,5.1,4.3,future_water_stress
22.5,24.7,26.5,89.0,79.6,78.7,40.6,34.3,36.3,0.9,2.0,3.0,stable
23.1,24.3,25.6,75.0,77.8,76.0,73.0,72.3,73.0,2.4,3.2,3.6,stable
41.0,39.8,40.9,46.6,50.9,49.4,89.5,96.2,96.9,3.4,3.7,4.5,stable
37.2,37.4,35.3,49.1,42.3,46.7,63.8,58.2,56.0,9.0,9.0,8.2,future_heat_stress
29.2,31.7,33.2,45.6,47.4,46.3,54.0,64.3,59.6,6.6,5.5,5.0,stable
26.4,26.3,29.2,98.9,96.9,103.8,78.9,79.3,77.1,3.1,2.9,2.4,stable
26.5,26.5,29.6,74.8,83.3,83.2,51.4,47.3,51.4,3.7,5.7,4.6,stable
37.5,37.8,37.8,75.0,74.1,81.6,54.2,55.8,61.9,9.8,8.0,8.7,future_water_stress
23.7,21.5,24.6,74.6,75.6,71.2,52.3,55.3,49.2,4.0,3.5,3.6,stable
30.0,29.9,30.4,68.6,72.8,71.4,72.2,71.6,72.9,5.6,3.3,2.8,stable
31.1,30.6,31.7,55.4,50.2,49.6,62.2,55.9,66.1,6.6,6.4,5.6,stable
36.1,34.0,37.9,68.8,57.7,57.8,43.2,45.9,51.7,4.9,4.6,5.8,future_water_stress
21.7,22.0,23.7,72.3,76.0,69.8,54.4,57.2,52.1,3.9,4.4,5.4,stable
34.0,29.4,32.6,50.3,51.9,49.0,73.2,78.2,75.0,6.2,6.9,6.4,stable
32.6,34.2,32.3,79.3,66.3,74.6,10.3,17.2,9.4,7.5,6.5,7.1,future_water_stress
36.4,37.1,36.1,23.3,21.8,29.8,49.3,46.7,45.3,7.0,4.6,5.9,stable
32.4,32.4,35.7,31.4,32.0,31.3,84.0,72.9,76.6,5.8,4.4,5.7,stable
32.0,35.8,32.7,49.8,46.5,48.4,56.2,54.7,50.1,6.6,7.0,6.6,future_heat_stress
35.0,36.9,37.8,65.8,59.9,55.9,78.6,76.0,69.8,4.4,7.8,6.5,future_heat_stress
23.5,24.4,26.7,56.0,53.9,57.3,40.7,42.3,44.4,3.0,2.7,2.7,stable
25.8,27.7,29.7,79.6,84.1,78.5,85.5,81.8,80.7,3.7,5.5,5.7,stable
38.3,39.1,38.0,63.1,65.8,60.3,74.4,84.7,78.7,3.1,1.9,2.3,stable
27.5,25.5,27.9,60.6,54.6,61.5,73.7,74.8,71.3,3.2,3.1,3.4,stable
27.5,29.8,30.4,45.7,47.0,45.7,47.7,45.4,44.8,3.9,5.8,5.1,stable
23.9,24.7,26.4,62.8,69.2,71.5,63.5,67.9,66.8,2.2,3.7,2.5,stable
27.3,28.9,29.8,46.6,40.8,41.4,58.9,59.2,55.5,2.2,4.2,5.2,stable
28.8,30.1,28.8,75.3,74.1,83.0,64.0,75.5,73.0,2.6,4.3,4.5,stable
28.8,26.3,31.1,63.4,53.2,60.2,77.0,77.0,73.0,3.6,4.7,4.1,stable
34.5,33.4,35.6,67.4,62.8,59.0,45.5,40.0,43.3,5.9,8.2,7.3,future_water_stress
28.2,29.0,29.0,85.1,79.0,80.6,77.8,74.4,79.3,5.0,4.8,4.0,stable
25.1,28.3,27.8,51.0,47.3,49.6,73.3,80.6,78.9,2.1,1.3,2.9,stable
31.0,30.6,32.2,101.8,111.0,109.9,47.4,45.9,53.0,6.7,4.5,4.1,stable
30.5,31.0,32.6,75.1,66.8,65.4,91.6,88.3,85.2,4.2,1.9,3.2,stable
34.9,34.2,34.4,65.9,69.6,66.0,54.5,54.1,53.6,4.9,3.3,4.3,future_root_zone_stress
29.9,28.4,30.5,62.4,64.3,67.0,45.2,43.2,45.7,4.9,3.3,4.7,stable
29.9,25.7,28.4,45.9,39.7,42.4,57.6,56.9,60.1,2.5,5.0,5.0,stable
28.3,26.9,30.3,61.2,64.2,61.3,15.1,14.5,14.9,6.5,8.4,7.0,future_water_stress
29.8,28.9,28.0,71.9,74.6,68.7,23.0,20.8,19.9,4.6,7.2,5.5,future_water_stress
33.4,33.8,33.9,44.4,54.5,53.7,65.9,63.6,67.6,4.9,4.8,5.5,stable
26.0,26.6,29.1,75.2,68.8,80.2,50.6,52.7,55.6,3.3,4.0,4.2,stable
32.6,29.3,31.8,58.3,56.6,58.0,54.9,55.1,52.3,0.9,0.4,0.1,stable
30.8,29.3,29.8,68.6,65.6,72.1,51.7,46.5,45.4,5.8,4.6,4.1,stable
29.1,30.4,29.9,69.4,66.1,61.3,62.8,67.3,66.6,-0.1,1.4,3.0,stable
31.8,30.0,35.1,53.5,42.8,52.7,74.3,77.5,79.7,10.8,9.9,10.6,future_heat_stress
35.8,37.5,38.3,49.0,42.4,53.7,55.5,48.4,54.8,7.3,7.2,8.4,future_heat_stress
31.5,30.5,33.3,57.4,56.9,59.9,48.7,52.4,48.3,4.3,7.5,5.0,stable
27.9,27.9,29.8,54.5,59.8,56.9,46.4,46.6,43.9,3.7,3.2,2.5,stable
31.9,32.2,32.2,42.5,37.4,44.0,71.9,64.8,65.5,5.9,6.3,5.5,stable
29.5,28.9,29.0,61.0,58.7,61.8,23.3,19.0,24.1,7.0,7.7,6.7,future_water_stress
26.8,29.6,29.5,57.4,65.9,65.5,77.8,75.9,69.7,3.3,4.2,5.0,stable
24.3,27.0,25.0,83.6,87.5,88.3,51.5,56.6,52.5,5.4,2.9,2.7,stable
41.4,39.1,42.7,54.7,54.5,59.0,78.4,68.4,69.8,5.9,6.6,6.9,stable
27.9,27.9,32.2,75.5,74.8,75.2,45.6,49.7,52.8,2.2,4.0,3.1,stable
24.1,23.5,24.9,60.7,68.7,69.1,60.3,64.7,64.6,4.1,2.9,3.7,stable
24.7,25.2,23.5,57.7,70.4,61.3,81.3,80.6,75.1,2.1,2.2,4.7,stable
25.1,25.6,29.8,80.3,78.3,75.6,84.1,88.8,93.9,1.5,3.5,4.2,stable
25.5,27.7,30.2,46.1,53.2,58.1,64.4,65.1,64.0,5.5,6.4,7.3,future_heat_stress
23.1,25.5,25.4,56.3,57.8,61.0,46.7,57.3,53.3,3.2,2.4,2.6,stable
29.7,30.1,29.7,43.5,51.1,49.3,5.9,16.7,11.6,7.1,3.2,3.5,future_water_stress
36.8,37.3,37.9,68.8,72.8,67.9,56.5,60.1,60.4,7.4,8.1,6.7,future_water_stress
31.3,30.2,33.7,73.3,75.9,81.7,64.3,67.4,66.5,6.2,5.7,5.3,stable
29.6,27.4,29.8,71.7,63.3,70.3,73.3,79.0,79.2,3.2,1.9,2.0,stable
30.3,30.4,32.3,48.1,48.0,49.8,81.7,82.0,78.3,5.3,4.1,3.4,stable
37.4,34.8,39.7,66.6,73.3,72.2,74.0,73.8,72.2,6.6,5.4,4.5,future_root_zone_stress
34.5,33.7,34.9,38.8,37.9,39.9,39.9,38.6,32.4,9.8,7.5,9.4,future_water_stress
27.3,23.6,25.2,79.0,80.7,79.5,74.6,75.0,79.3,1.3,2.7,2.3,stable
38.6,37.2,37.0,59.0,57.3,56.1,49.5,49.0,53.3,5.2,7.3,7.6,future_heat_stress
28.9,26.0,27.9,63.3,64.9,64.4,70.4,66.7,64.1,4.6,1.5,2.9,stable
43.3,46.2,45.2,37.7,34.9,42.6,54.0,43.1,48.0,7.0,6.5,8.2,future_heat_stress
31.7,33.0,33.4,72.5,69.4,67.6,46.7,43.0,40.2,4.4,5.8,5.2,future_heat_stress
34.3,34.7,33.1,51.1,49.3,43.4,53.1,44.0,44.6,1.2,2.9,3.1,stable
30.3,32.5,33.7,58.7,61.8,60.1,76.7,74.4,75.9,7.3,4.2,5.8,stable
36.4,41.3,42.4,59.1,52.8,50.8,73.4,74.6,72.7,1.6,3.5,4.1,stable
35.6,34.3,35.5,51.5,59.8,55.4,77.3,68.9,71.8,5.2,6.8,6.3,future_heat_stress
24.3,27.6,26.5,54.7,46.3,52.9,104.5,100.0,97.2,0.9,2.0,2.2,stable
36.9,35.6,39.7,28.6,24.4,28.2,94.0,89.5,95.3,7.6,7.3,7.2,future_heat_stress
24.4,27.7,29.8,52.5,55.5,55.8,72.3,66.5,71.1,2.5,2.9,3.9,stable
34.4,36.2,35.3,66.4,58.4,61.9,46.4,52.4,46.4,6.8,6.6,5.8,stable
33.7,37.4,37.9,54.7,46.5,54.5,93.8,99.0,91.4,4.9,6.3,6.7,stable
25.6,26.0,26.4,75.6,74.2,76.6,65.3,63.3,63.9,3.6,2.8,4.6,stable
41.1,39.5,40.1,13.7,21.0,21.7,8.3,1.9,-0.2,8.5,9.1,7.6,future_water_stress
26.4,29.5,29.5,58.3,52.9,57.8,85.2,86.5,86.1,4.1,3.5,3.3,stable
38.7,40.4,39.3,52.1,48.0,46.5,75.8,72.5,73.0,6.2,7.2,7.3,stable
35.8,31.3,34.9,60.8,59.8,52.7,65.1,51.4,57.5,4.0,1.5,2.9,stable
35.5,34.3,37.2,41.4,42.4,37.8,78.3,74.1,73.6,7.7,5.9,6.0,future_heat_stress
26.4,26.0,25.2,67.9,79.4,71.4,72.8,67.8,66.2,5.6,2.8,4.2,stable
38.3,36.7,41.6,47.0,41.2,39.9,89.5,89.1,84.8,7.4,6.2,5.3,stable
25.0,24.6,24.7,92.5,87.2,95.6,69.0,73.0,72.2,5.3,5.8,4.7,stable
32.9,33.3,36.1,78.3,78.5,77.3,60.3,64.2,63.0,4.6,2.3,3.2,stable
28.1,31.9,31.8,57.0,47.4,51.7,81.3,81.7,76.8,3.4,1.6,1.6,stable
31.4,32.1,33.8,65.3,60.0,60.6,87.7,85.2,88.2,1.5,3.2,2.0,stable
28.3,30.7,29.7,53.2,53.7,56.4,77.2,75.2,73.3,4.9,3.3,4.0,stable
28.4,29.6,27.4,60.8,64.1,58.9,86.4,90.5,89.4,2.4,3.2,2.9,stable
36.9,33.2,34.3,31.5,33.3,33.1,52.8,51.4,53.8,7.8,5.3,5.8,future_heat_stress
30.3,32.2,31.2,47.1,50.7,52.6,96.1,93.3,89.3,7.8,9.7,10.0,future_heat_stress
27.9,29.3,28.0,54.4,52.5,53.4,80.2,78.5,82.0,2.0,2.5,4.2,stable
24.6,27.1,25.1,81.5,78.0,81.0,43.9,49.2,43.0,3.8,4.7,5.1,stable
28.4,28.6,26.5,81.4,82.3,76.2,77.2,81.7,75.3,2.9,2.6,2.9,stable
27.5,28.0,30.1,69.8,68.9,73.3,76.9,65.0,69.8,2.7,3.9,2.5,stable
30.4,29.9,32.5,69.5,73.0,65.6,51.5,54.8,56.0,1.5,2.4,2.3,stable
29.3,28.4,31.1,68.8,67.0,73.1,43.6,41.1,42.1,4.8,3.6,3.5,stable
29.9,30.0,31.7,58.9,53.3,55.6,96.1,90.3,91.8,3.2,6.2,4.4,stable
24.2,23.6,25.7,63.5,65.5,61.2,74.2,64.9,68.8,7.9,7.6,7.1,stable
38.3,38.9,41.7,75.8,69.2,71.3,32.0,28.5,32.6,4.3,6.7,6.1,future_water_stress
25.5,26.0,26.7,69.3,65.8,69.3,86.3,88.7,91.0,4.0,2.2,2.4,stable
26.7,30.9,30.7,51.5,42.9,43.8,47.4,53.3,52.3,2.4,3.7,2.2,stable
31.2,30.5,32.2,59.2,56.7,59.2,74.5,84.1,74.3,8.4,5.7,7.1,stable
35.4,31.4,36.3,49.9,51.4,52.2,100.5,95.1,97.0,3.0,3.5,3.5,stable
30.2,28.7,30.4,67.6,64.0,63.4,40.5,45.1,45.4,4.2,5.5,4.2,stable
21.0,23.0,23.3,74.2,80.6,78.7,56.2,48.3,57.7,5.3,5.3,4.2,stable
39.2,39.2,41.3,59.7,63.2,55.2,33.4,38.0,31.7,5.6,5.0,6.5,future_root_zone_stress
26.4,26.0,27.6,79.2,78.0,80.7,71.6,66.9,64.7,3.9,2.8,2.5,stable
37.5,34.2,37.7,33.4,39.6,33.1,68.4,74.8,71.3,5.2,5.9,5.4,stable
36.5,34.7,36.1,67.8,72.8,68.2,45.5,41.0,42.4,5.2,4.5,3.9,future_root_zone_stress
36.7,34.6,35.3,35.1,32.5,33.7,50.0,48.7,50.3,3.3,4.6,3.9,stable
30.3,30.6,31.3,76.0,62.8,66.4,60.6,59.1,63.0,9.1,6.5,7.6,stable
37.8,40.2,38.6,30.4,34.3,30.2,30.3,33.4,32.5,12.0,11.0,9.5,future_root_zone_stress
24.6,27.2,24.7,58.5,57.2,61.7,67.9,75.2,68.1,5.4,5.2,3.1,stable
29.3,30.9,32.6,60.1,57.6,56.4,10.0,11.0,11.3,4.1,4.8,4.5,future_water_stress
28.9,28.7,31.3,52.9,56.9,49.8,41.8,38.9,41.4,2.5,2.2,3.4,stable
27.9,32.0,30.5,43.1,45.7,38.1,68.1,65.4,71.7,2.9,4.5,4.4,stable
30.9,27.9,32.3,67.2,58.4,63.7,39.3,45.3,40.7,3.5,4.8,3.4,stable
24.3,25.0,25.6,75.6,78.3,74.1,77.0,76.6,76.2,3.7,3.9,2.9,stable
42.0,42.7,42.3,48.2,49.4,49.4,41.0,46.8,41.9,8.0,8.9,8.0,future_heat_stress
35.2,34.0,37.8,60.1,56.6,60.2,32.8,26.8,27.1,3.1,5.6,6.3,future_water_stress
33.6,34.9,33.6,55.8,50.7,46.3,30.3,38.3,38.6,6.3,5.1,6.1,future_water_stress
34.1,34.2,33.6,80.3,74.4,78.1,63.3,54.9,61.2,5.1,4.7,3.6,future_water_stress
35.0,38.8,39.3,73.0,68.4,70.3,59.0,53.2,48.9,5.5,6.8,6.2,future_root_zone_stress
26.4,27.4,26.5,71.2,65.9,63.5,56.1,62.4,57.6,4.0,2.2,3.0,stable
27.4,26.7,25.5,84.3,78.8,83.8,77.3,74.4,76.3,1.7,2.3,3.7,stable
28.9,28.3,31.6,63.7,58.9,57.3,50.8,59.3,52.9,5.8,6.1,4.6,stable
35.4,37.8,37.2,58.2,63.6,56.7,100.4,98.8,92.7,8.0,7.5,7.1,stable
31.6,29.4,29.2,53.9,49.2,54.4,79.3,85.5,84.3,3.0,4.9,3.0,stable
27.5,28.3,27.9,50.7,52.3,49.1,70.4,78.1,74.3,2.2,5.3,5.1,stable
34.5,34.0,35.6,52.0,45.1,50.2,22.9,27.8,28.9,6.6,7.0,7.9,future_root_zone_stress
29.4,27.6,30.6,50.4,59.5,54.2,67.4,63.7,62.0,3.2,4.0,5.2,stable
26.0,28.7,27.4,39.4,43.8,39.3,49.0,49.3,45.8,8.6,7.4,5.8,future_water_stress
37.2,36.6,37.2,32.3,25.5,31.6,63.6,66.7,61.7,2.9,3.6,4.2,stable
25.4,28.4,28.8,65.7,57.8,61.7,67.3,64.2,70.3,3.9,3.8,3.5,stable
25.0,27.2,26.8,65.5,64.6,63.1,75.8,79.0,74.1,1.2,3.2,3.5,stable
26.4,27.1,29.0,45.3,51.0,52.0,45.8,53.4,52.1,4.6,4.3,4.7,stable
35.6,35.7,37.1,36.6,36.8,35.4,68.2,60.4,63.1,7.6,8.3,7.2,stable
25.2,25.5,29.7,76.8,78.4,78.7,59.2,61.2,59.0,4.0,1.5,4.3,stable
27.3,25.9,27.9,81.7,77.6,76.2,85.6,87.1,85.1,4.5,3.9,4.0,stable
29.7,33.9,33.2,34.2,44.1,46.6,69.7,67.3,69.2,3.0,3.8,3.7,stable
36.6,39.5,37.0,46.3,35.0,39.7,66.8,60.8,65.1,5.4,5.2,6.9,future_heat_stress
27.0,29.8,31.1,74.2,73.3,73.2,66.9,59.9,70.8,1.4,1.8,1.4,stable
38.1,38.3,35.8,51.9,54.6,54.2,76.9,76.4,74.6,5.9,3.8,5.6,stable
26.4,29.3,30.1,59.1,55.6,66.5,56.8,64.2,63.3,3.0,3.6,3.1,stable
31.0,27.2,30.5,58.1,62.0,62.8,45.7,56.6,49.1,5.1,5.4,4.5,future_root_zone_stress
28.2,27.8,31.1,48.0,49.2,48.7,71.5,72.7,77.8,1.4,2.4,2.7,stable
29.0,29.9,30.5,72.4,65.8,66.0,72.5,70.2,69.2,1.6,2.5,2.9,stable
28.4,26.1,29.2,69.0,67.8,67.1,51.4,50.1,54.1,3.0,4.6,4.9,future_water_stress
36.2,35.7,37.5,72.9,68.9,64.5,50.5,44.9,43.8,5.7,4.8,5.2,future_water_stress
34.2,31.1,34.3,67.1,71.5,72.9,80.0,79.8,75.2,5.6,6.5,6.1,future_root_zone_stress
37.3,34.5,37.7,79.8,75.1,82.1,31.4,27.6,33.9,10.2,9.7,7.6,future_water_stress
22.1,20.0,24.3,51.3,58.0,55.1,45.6,49.2,48.8,0.5,1.0,1.6,stable
35.6,38.2,39.8,35.6,44.9,40.7,50.6,50.8,58.0,8.7,9.8,9.6,future_heat_stress
30.2,31.4,31.8,71.8,67.0,66.8,65.3,66.7,64.8,3.6,5.2,5.7,future_root_zone_stress
31.3,31.9,35.2,83.8,78.2,80.7,65.8,56.3,59.7,3.6,5.6,4.3,stable
33.7,33.2,34.4,50.7,46.6,47.7,73.0,64.0,64.6,10.0,7.5,8.4,future_water_stress
35.4,33.2,34.7,70.3,61.2,63.0,75.4,72.2,72.0,5.1,6.6,5.9,stable
28.8,28.7,29.5,87.1,84.9,84.8,73.4,74.6,75.7,1.1,1.1,3.6,stable
29.7,32.7,33.0,31.7,45.1,34.9,55.6,57.3,58.5,4.6,3.1,4.0,stable
41.5,42.5,44.6,43.7,49.6,48.5,85.1,78.9,77.7,8.7,9.2,8.6,future_heat_stress
20.9,22.4,24.7,52.2,48.4,50.5,53.9,54.6,62.4,2.3,0.6,1.4,stable
25.3,28.0,26.9,65.5,67.2,64.5,82.5,71.8,75.5,3.0,2.0,2.8,stable
41.4,42.9,41.7,50.6,44.5,44.2,77.4,77.2,79.9,7.6,4.8,5.5,future_heat_stress
27.0,27.0,31.4,66.0,68.2,67.6,61.9,64.6,63.3,1.0,1.6,2.5,stable
32.4,34.2,33.8,58.3,70.5,61.9,49.3,51.6,51.2,3.3,4.8,5.9,stable
33.7,34.0,35.0,80.7,73.6,70.1,47.4,49.1,43.4,1.6,2.1,2.4,stable
30.9,32.2,30.8,61.1,66.2,61.2,71.7,67.5,64.0,5.4,4.7,5.3,future_root_zone_stress
30.6,34.1,33.0,67.0,62.9,65.8,62.1,70.2,63.8,2.7,4.7,3.6,stable
25.8,30.1,27.3,62.5,70.2,60.6,63.8,62.4,62.8,2.5,4.2,4.5,stable
28.2,28.3,29.3,51.1,58.1,54.4,39.5,47.9,46.1,3.5,4.5,4.3,stable
29.8,29.6,31.2,72.6,64.0,70.5,67.4,67.4,65.4,5.5,3.4,3.4,stable
37.1,37.8,39.2,44.1,40.8,50.2,67.0,65.2,61.0,4.2,5.7,5.2,future_root_zone_stress
26.6,27.3,30.4,56.7,59.1,50.0,54.2,54.5,53.1,1.6,1.8,3.0,stable
38.8,37.4,39.9,40.3,48.9,37.3,68.4,70.6,71.5,4.5,4.9,4.7,stable
33.9,36.9,36.1,39.3,40.5,36.7,49.1,46.1,45.0,3.2,5.2,4.6,stable
28.9,27.8,27.3,51.6,53.5,52.1,32.0,40.8,42.1,5.5,8.4,7.8,future_water_stress
28.3,27.9,30.4,58.6,71.1,67.5,74.3,78.1,76.6,4.7,4.1,2.6,stable
23.8,26.6,24.4,89.3,82.3,81.3,92.9,87.9,88.1,4.8,5.9,4.6,stable
29.3,28.8,30.8,65.1,66.8,65.6,87.0,84.3,88.2,-0.0,1.9,0.3,stable
33.1,33.8,33.0,65.7,60.3,61.9,46.9,46.2,47.3,1.7,2.4,2.8,stable
41.1,42.8,45.5,49.4,45.0,41.2,22.0,23.3,19.1,9.2,7.9,8.6,future_water_stress
27.0,26.5,27.1,64.3,64.2,66.1,52.0,64.0,55.1,3.8,3.3,3.9,stable
26.9,26.0,28.7,48.6,53.6,50.6,67.4,58.2,58.0,2.3,3.0,2.6,stable
36.4,35.2,36.0,61.2,64.7,60.2,57.9,72.6,69.1,3.7,4.1,3.3,stable
27.0,28.1,26.9,63.9,52.4,64.1,51.8,51.0,47.7,2.0,4.7,4.0,stable
32.1,33.3,34.1,75.9,67.3,69.2,84.1,80.7,86.4,2.3,5.3,4.2,stable
34.9,35.2,38.3,61.2,60.8,59.0,56.0,57.2,60.3,7.1,4.6,6.2,future_root_zone_stress
26.3,28.3,29.4,53.9,52.2,58.5,63.9,66.4,63.6,6.8,5.1,5.9,stable
27.3,29.4,31.0,64.5,62.3,65.1,75.3,76.8,79.0,3.9,3.9,3.5,stable
30.6,30.4,31.2,70.1,67.5,61.3,75.5,81.1,80.3,5.4,4.7,5.3,stable
29.0,27.9,30.4,86.6,84.6,88.1,71.5,75.0,77.4,3.1,1.3,2.6,stable
34.0,34.2,35.4,46.6,56.3,52.3,25.2,33.0,29.9,8.5,7.8,8.6,future_water_stress
31.3,27.9,32.3,56.0,61.3,62.1,50.8,42.5,49.6,8.2,6.9,6.5,future_water_stress
24.6,27.0,27.9,76.6,83.3,84.6,70.7,62.9,66.4,2.7,3.5,3.2,stable
27.9,31.0,29.0,80.5,88.2,84.2,80.6,79.1,81.0,2.4,4.6,4.6,stable
33.7,33.9,37.4,48.1,53.3,49.1,46.3,48.2,46.9,9.1,7.5,7.5,future_heat_stress
38.9,37.5,38.7,35.3,42.3,31.6,42.5,46.6,40.9,7.2,7.1,7.5,future_root_zone_stress
29.2,28.4,32.3,85.4,84.8,87.0,67.2,71.7,66.9,3.9,3.7,3.6,stable
35.1,33.6,34.6,76.7,76.6,83.1,91.2,94.1,90.6,0.9,2.7,3.4,stable
33.6,33.2,32.5,65.4,64.4,62.9,64.2,65.0,65.6,7.0,5.1,5.5,future_root_zone_stress
39.8,37.4,39.2,38.1,41.6,33.6,72.8,81.3,78.6,2.7,3.3,4.7,stable
27.4,29.0,29.0,76.3,64.4,71.4,49.1,51.0,48.4,6.3,4.3,5.8,stable
32.1,30.3,29.5,65.5,58.7,56.4,48.3,45.4,48.7,2.7,4.1,3.3,stable
33.4,34.7,33.6,70.8,70.5,67.5,32.1,26.0,27.0,4.4,6.1,5.3,future_root_zone_stress
31.6,31.3,32.6,49.5,48.4,44.0,44.9,45.9,43.6,-0.2,2.1,3.3,stable
35.7,40.1,40.8,49.9,53.4,49.0,70.0,70.8,64.9,9.4,6.7,8.4,future_heat_stress
30.7,32.7,32.2,71.6,79.0,76.8,45.4,50.5,53.8,5.2,4.1,3.7,stable
30.0,34.0,32.2,32.8,41.3,38.9,74.2,74.5,74.2,5.7,3.8,4.9,stable
21.8,25.1,26.5,67.0,75.9,69.7,39.0,44.5,46.0,4.1,2.1,3.3,stable
36.1,36.5,36.4,37.3,38.8,43.1,58.4,60.4,57.5,4.5,5.1,6.2,stable
34.2,36.1,36.5,38.6,47.9,42.2,15.7,14.2,14.9,7.1,6.0,5.2,future_water_stress
34.2,34.8,36.9,55.6,47.6,49.7,54.8,57.6,56.0,5.8,6.3,5.2,stable
30.9,29.6,29.3,51.1,55.1,53.5,76.9,74.1,68.4,2.9,3.0,1.5,stable
35.0,33.9,36.5,52.9,55.0,55.9,58.4,61.1,63.5,3.6,3.3,4.4,stable
31.9,35.3,35.2,61.5,66.3,60.6,69.7,73.4,74.9,4.4,4.3,4.3,stable
25.3,28.0,28.0,75.7,70.6,69.3,78.5,82.9,80.7,6.8,4.2,5.2,stable
36.1,36.9,36.6,54.1,55.3,55.0,60.0,65.9,60.6,6.2,7.0,6.4,stable
23.9,23.1,27.1,59.2,56.0,56.8,71.4,75.4,70.5,6.7,4.8,3.8,stable
31.5,31.7,34.2,44.3,41.6,40.5,54.3,49.2,53.9,6.7,7.3,6.6,stable
31.7,34.9,34.5,56.0,54.1,55.6,32.7,31.2,29.2,3.5,6.3,3.8,future_water_stress
28.9,28.6,30.6,65.4,64.3,65.9,77.7,82.3,82.5,3.6,4.7,3.4,stable
30.8,31.7,30.9,84.6,72.6,76.4,64.4,61.1,69.8,2.4,2.6,4.4,stable
24.4,24.8,27.1,76.4,79.9,78.0,81.5,82.3,87.6,3.8,5.5,5.3,stable
29.7,32.3,31.1,56.7,56.3,53.4,61.8,58.3,61.5,3.3,3.5,2.5,stable
35.3,36.7,36.3,54.9,58.6,59.6,72.6,67.8,72.1,4.6,7.2,7.9,stable
28.2,26.9,28.4,39.7,50.0,53.0,71.9,65.5,66.7,4.7,6.4,4.0,stable
37.4,35.8,38.5,62.5,60.1,64.8,34.4,26.9,35.5,5.7,4.0,3.6,future_root_zone_stress
34.9,32.7,34.3,32.2,38.2,43.3,54.5,49.7,55.5,4.7,5.2,5.3,future_heat_stress
31.9,33.8,32.7,31.9,38.9,36.3,47.0,53.5,52.1,9.9,11.8,11.4,future_water_stress
23.8,24.7,26.8,55.9,49.7,49.8,78.2,77.6,77.9,5.3,3.4,4.9,stable
36.9,38.6,38.5,45.4,49.6,47.4,56.6,49.9,52.7,2.9,3.7,4.6,future_root_zone_stress
37.4,38.6,41.5,69.6,65.3,59.9,50.6,58.0,53.5,6.1,6.2,5.2,stable
38.9,40.4,41.2,41.9,41.2,41.0,55.9,57.0,50.4,4.7,3.1,4.2,stable
38.3,36.6,40.6,30.5,28.8,37.5,58.7,68.9,61.5,9.4,7.4,9.6,future_heat_stress
19.5,18.8,20.1,59.1,52.2,49.5,77.2,73.8,71.0,2.2,3.3,3.6,stable
31.5,32.0,33.0,66.2,72.4,68.8,80.3,74.1,78.1,0.7,1.2,2.1,stable
36.6,36.4,35.4,54.1,56.5,60.5,74.2,73.4,64.1,4.7,6.5,6.4,stable
31.6,30.2,31.3,69.1,64.7,70.5,79.8,83.7,85.9,2.5,1.3,3.1,stable
30.0,29.7,33.8,49.3,60.5,53.2,68.3,58.1,62.9,6.0,4.9,4.2,future_heat_stress
27.3,28.5,31.1,61.2,56.7,65.6,70.2,66.3,70.4,2.4,3.7,3.8,stable
31.5,35.4,33.6,81.6,84.0,87.7,79.0,84.8,82.1,2.6,3.1,3.1,stable
27.7,26.9,27.1,79.6,74.0,78.1,102.6,100.1,99.9,7.4,5.8,6.9,stable
28.6,29.7,30.8,63.7,63.4,63.8,67.8,65.0,65.7,5.8,5.1,4.4,future_root_zone_stress
31.2,32.6,34.6,73.2,77.5,75.9,50.5,45.0,47.7,0.5,3.7,2.5,stable
30.7,29.3,28.5,56.9,57.6,59.4,78.1,79.0,79.9,1.1,0.8,1.6,stable
37.8,36.8,38.7,43.0,45.8,46.1,66.9,67.7,63.7,8.4,5.7,7.5,future_heat_stress
37.5,35.8,35.0,35.8,46.4,39.4,45.7,46.3,42.4,11.0,8.8,8.4,future_heat_stress
36.1,35.7,39.4,60.8,59.8,57.3,57.5,51.6,48.9,7.2,6.7,6.4,stable
28.7,30.3,30.0,71.5,64.4,62.1,73.3,73.1,74.7,4.7,3.8,3.5,stable
26.2,29.8,29.8,62.3,65.9,55.5,78.4,73.5,72.1,1.0,1.5,2.0,stable
29.7,27.9,30.2,76.9,75.1,82.3,89.1,84.8,83.1,3.4,1.7,3.3,stable
36.4,36.0,38.3,78.7,69.8,77.5,45.7,54.5,52.5,7.6,6.8,7.6,future_root_zone_stress
39.9,42.6,41.4,37.5,34.8,40.7,56.5,66.1,61.7,4.6,6.1,4.8,future_heat_stress
26.5,27.1,28.1,74.7,87.4,76.5,80.0,78.0,80.0,2.4,1.3,2.7,stable
27.6,27.3,29.4,70.8,69.3,78.6,57.3,50.9,60.4,7.7,5.2,4.5,future_root_zone_stress
26.4,29.9,29.4,48.2,46.1,38.3,59.7,66.2,64.1,5.2,4.6,4.0,stable
34.1,31.8,34.6,53.2,51.6,52.1,32.4,17.6,26.7,7.4,8.0,6.4,future_root_zone_stress
29.9,31.2,31.5,58.5,65.4,68.4,59.3,57.3,62.9,3.1,2.3,3.4,stable
30.2,32.6,34.3,58.7,57.9,58.0,75.3,70.6,73.5,4.5,4.4,3.7,stable
29.8,34.4,33.4,62.7,65.2,66.0,49.0,42.6,46.0,6.0,6.1,5.9,future_water_stress
34.1,33.9,37.8,82.9,83.9,83.4,53.8,62.9,60.3,7.5,6.3,6.2,future_water_stress
27.8,30.7,31.3,80.1,64.6,67.9,45.1,42.2,45.7,3.3,5.7,4.1,stable
23.1,20.3,24.1,74.9,66.7,75.2,66.6,64.8,66.9,1.4,1.6,1.9,stable
34.9,37.0,40.5,27.5,33.1,31.8,44.2,51.8,54.1,7.3,5.2,5.6,stable
40.9,40.8,40.8,41.9,50.0,48.6,42.9,41.1,47.4,6.8,5.2,5.7,stable
30.8,31.3,34.3,58.1,56.2,56.6,73.5,67.7,70.2,2.4,3.1,2.5,stable
35.8,37.4,36.2,49.0,44.0,42.3,53.7,45.0,53.8,3.9,4.8,6.1,stable
32.0,34.1,35.6,88.1,89.4,91.5,82.4,90.1,85.0,3.2,4.0,3.3,stable
27.7,30.9,30.5,56.8,69.2,62.5,61.5,56.8,60.6,5.4,4.7,6.1,future_water_stress
36.4,39.2,39.7,38.5,42.3,41.1,68.2,77.0,77.0,6.3,6.3,6.7,future_heat_stress
31.5,32.3,31.3,60.8,60.1,56.6,63.4,60.7,60.5,3.5,4.8,7.0,future_root_zone_stress
32.4,30.9,31.2,60.9,60.1,57.3,48.8,57.6,57.8,5.0,4.8,4.8,future_water_stress
38.8,36.5,40.9,31.2,38.7,36.1,54.0,51.1,48.8,5.5,4.8,5.8,stable
26.6,29.4,27.2,67.7,71.9,65.3,50.1,45.2,47.4,2.1,4.4,3.5,stable
38.4,37.2,41.9,51.4,57.8,50.4,70.5,75.4,74.9,3.6,5.0,3.6,stable
25.9,27.3,28.5,74.7,77.8,75.0,60.4,66.1,66.9,4.3,4.1,4.3,stable
27.4,30.4,30.5,70.0,73.6,69.8,85.8,82.3,79.7,4.0,4.5,2.7,stable
35.4,38.6,39.2,57.0,48.6,50.5,40.1,41.5,40.0,9.0,7.7,9.2,future_heat_stress
30.2,27.3,30.5,59.9,58.2,63.5,77.0,72.3,72.5,7.0,6.0,4.5,stable
36.8,38.2,41.7,58.7,53.7,52.1,39.5,43.5,41.6,9.0,9.0,8.0,future_water_stress
38.1,40.5,39.5,42.9,45.5,43.8,79.7,74.3,76.3,5.9,7.8,7.2,stable
34.5,35.7,38.5,42.1,47.8,46.0,38.5,36.4,33.3,5.3,5.6,3.3,future_water_stress
29.5,31.2,33.9,37.4,48.7,43.6,60.6,57.0,63.8,4.2,3.9,4.2,stable
36.3,35.7,37.5,50.5,51.6,53.3,41.3,46.4,46.7,5.0,5.9,5.8,stable
25.5,29.4,28.0,80.4,83.4,76.3,83.0,82.1,86.1,5.7,4.8,3.8,stable
32.0,33.3,31.7,49.6,46.2,47.2,71.5,83.5,81.3,3.3,5.6,5.3,stable
33.8,33.1,32.6,62.7,69.7,63.9,21.6,27.9,23.4,4.8,3.1,5.0,future_root_zone_stress
29.3,31.3,31.5,48.6,50.9,55.2,40.5,38.3,37.0,5.2,5.3,5.9,future_water_stress
35.2,34.8,34.7,57.0,58.2,49.1,54.7,55.0,53.7,4.6,6.5,6.5,future_water_stress
24.9,25.0,25.6,59.2,62.9,65.8,51.0,48.8,55.2,4.1,2.6,2.7,stable
28.1,31.2,31.2,57.3,63.6,54.2,83.1,76.2,83.0,4.4,3.5,3.4,stable
33.2,34.6,36.8,52.6,54.7,51.4,54.2,45.8,45.7,4.0,5.3,4.1,stable
26.7,27.0,27.9,77.7,82.3,78.0,53.9,51.7,52.7,6.7,4.5,4.4,stable
27.7,29.4,30.1,64.4,64.5,57.1,72.7,62.6,68.4,5.1,3.9,4.0,stable
26.6,26.5,29.0,65.8,60.2,65.7,83.0,81.1,75.9,1.3,2.2,3.3,stable
44.1,46.0,45.3,18.7,25.4,23.9,73.9,71.6,68.6,13.5,10.1,10.9,future_heat_stress
37.7,36.3,36.1,34.0,32.7,29.6,35.9,37.9,32.6,6.3,4.2,6.8,future_water_stress
29.8,28.7,31.5,32.8,35.4,37.3,60.8,59.2,61.0,7.2,4.3,5.5,future_root_zone_stress
27.0,31.7,31.0,67.0,71.5,67.9,59.0,63.9,61.6,2.6,2.0,2.2,stable
33.5,32.8,36.0,65.6,79.5,69.7,38.0,33.4,37.4,5.3,6.2,7.7,future_root_zone_stress
32.2,29.7,31.0,66.3,73.7,75.0,93.7,97.4,94.5,2.8,4.5,3.9,stable
26.5,30.2,30.4,54.9,43.9,53.7,29.6,23.4,29.6,5.9,5.5,4.8,future_root_zone_stress
26.9,29.3,29.6,66.7,62.8,73.0,58.5,63.5,64.6,6.6,7.4,6.3,future_root_zone_stress
33.7,33.3,33.6,50.2,50.9,42.0,60.8,58.6,59.9,4.4,2.0,3.0,stable
46.2,41.9,44.5,58.9,56.1,60.7,63.2,57.2,60.6,7.9,6.6,7.0,future_heat_stress
24.0,26.6,27.3,66.8,56.0,62.6,56.5,68.0,60.3,4.9,5.6,5.0,stable
28.5,26.8,27.3,68.8,66.4,61.3,63.3,60.5,58.4,4.3,5.1,4.7,stable
34.3,31.8,34.0,47.6,46.3,52.9,53.8,60.3,63.2,6.9,4.8,5.6,stable
35.3,36.5,37.8,67.1,62.8,62.0,61.8,64.2,60.7,6.2,7.3,6.7,future_heat_stress
31.3,33.3,31.6,55.8,58.1,54.0,64.5,66.3,62.3,4.0,3.8,4.9,future_root_zone_stress
31.7,31.3,32.9,48.0,50.7,55.7,43.1,51.6,48.4,2.8,4.4,4.9,future_water_stress
25.1,26.3,28.5,81.5,87.5,80.9,60.0,60.7,58.4,1.8,3.0,2.3,stable
27.4,31.3,30.0,73.3,61.1,69.3,56.0,50.8,52.1,6.0,3.7,3.3,stable
28.1,28.0,29.1,74.6,67.4,67.5,58.8,61.3,62.6,5.7,2.7,4.4,stable
29.8,32.1,32.4,64.6,66.9,59.3,53.1,58.5,57.0,2.9,3.5,4.6,stable
22.8,22.1,21.4,61.1,58.5,53.4,64.2,65.2,61.6,1.4,2.4,3.1,stable
37.0,38.5,41.7,21.3,23.1,30.4,29.8,26.5,31.8,7.5,8.0,7.9,future_water_stress
31.7,30.9,32.0,67.3,78.0,78.5,51.3,60.5,60.2,7.1,5.8,5.4,stable
24.9,25.7,28.6,71.5,70.7,71.9,63.6,66.2,71.3,0.8,1.8,1.8,stable
27.5,25.9,27.7,61.9,63.4,63.3,53.5,60.9,62.6,6.6,6.3,7.1,future_root_zone_stress
34.0,36.1,37.5,67.8,67.2,65.8,71.9,73.2,69.3,9.6,8.2,7.8,future_heat_stress
30.8,30.9,32.9,90.5,89.8,83.5,53.8,52.8,52.8,0.1,0.4,2.2,stable
33.7,31.4,35.1,55.6,53.9,53.7,41.5,42.4,38.0,7.5,5.7,7.3,future_water_stress
34.8,34.3,35.0,57.2,60.1,62.7,74.3,73.7,77.3,4.2,4.1,5.5,future_root_zone_stress
32.6,33.3,32.8,66.5,57.9,58.8,62.4,68.1,65.1,5.6,6.3,5.2,future_root_zone_stress
41.2,46.8,44.5,35.2,34.8,37.7,90.9,94.1,88.8,10.5,9.0,8.2,future_heat_stress
28.7,29.7,31.7,51.8,52.4,57.9,91.7,91.6,88.2,2.8,3.5,3.1,stable
36.7,36.4,38.1,45.8,42.5,40.5,64.4,62.2,62.2,5.6,7.2,6.7,future_heat_stress
27.3,27.7,31.5,63.5,62.1,60.0,47.2,43.3,43.0,4.8,6.3,4.3,stable
31.3,32.3,31.9,61.4,62.2,57.4,72.7,72.2,75.1,5.3,3.5,3.5,stable
32.3,33.2,32.0,88.5,82.3,86.8,63.1,61.5,61.9,4.8,3.8,4.7,stable
28.8,27.2,26.6,78.2,74.2,76.1,44.1,38.4,44.4,6.6,5.3,5.0,stable
38.2,38.4,38.7,35.7,31.4,32.9,78.3,82.4,85.3,9.1,8.3,5.9,future_heat_stress
23.4,20.9,22.5,69.1,69.7,72.6,63.9,64.9,57.1,5.8,3.8,4.5,stable
27.6,27.7,28.4,66.5,76.2,65.2,38.5,40.1,41.7,5.5,4.0,5.0,stable
23.9,30.1,26.5,59.7,62.6,62.5,49.3,58.9,56.0,4.3,2.1,1.7,stable
38.3,40.1,40.5,22.5,26.7,26.6,55.7,62.2,61.4,7.6,8.0,7.1,future_water_stress
35.3,35.3,36.4,50.0,48.0,56.3,74.0,63.2,68.3,3.7,4.9,4.6,stable
32.9,31.0,34.9,60.1,57.0,64.7,55.5,53.5,53.8,8.3,6.2,5.4,future_water_stress
32.1,34.8,33.4,27.8,25.0,20.8,50.7,59.9,49.8,4.9,5.0,6.1,future_heat_stress
37.0,37.7,38.1,28.4,27.5,34.5,32.1,26.4,28.5,4.0,4.3,4.4,future_water_stress
25.2,24.0,25.0,75.0,75.4,76.6,50.5,50.5,52.6,3.7,2.4,2.5,stable
27.6,25.4,26.9,54.5,44.8,53.9,11.0,13.8,10.8,6.5,5.9,4.1,future_water_stress
26.3,29.2,27.0,61.9,64.7,64.7,68.3,65.7,63.2,1.7,2.1,1.0,stable
32.7,33.6,35.5,43.5,41.6,36.3,50.5,53.2,54.1,5.6,6.7,6.2,stable
32.3,34.0,33.6,49.2,52.6,46.6,72.0,75.4,70.2,3.1,3.2,3.8,stable
26.4,25.9,25.6,65.1,69.7,72.3,49.1,41.4,39.2,2.2,1.5,3.3,stable
24.9,26.6,27.4,75.7,69.8,73.2,50.3,41.8,49.4,7.4,2.9,5.5,stable
30.8,28.6,29.0,79.0,73.9,77.6,40.8,39.7,42.1,8.0,5.9,7.3,future_water_stress
24.7,25.4,27.9,71.6,76.9,77.4,83.5,80.1,74.6,3.6,1.6,3.5,stable
30.0,32.6,33.1,80.7,74.5,75.3,42.0,45.9,44.9,5.4,3.3,3.3,future_root_zone_stress
33.2,32.2,32.9,68.3,66.4,68.5,46.4,48.0,46.1,4.2,3.3,2.9,stable
27.1,27.8,27.9,40.6,41.6,43.5,76.9,68.1,66.7,5.8,2.6,4.1,stable
26.3,28.8,26.3,52.8,56.2,50.0,60.2,62.1,63.5,4.2,5.4,5.8,stable
31.8,29.7,29.5,75.0,66.9,73.9,57.4,58.3,58.9,4.7,5.9,5.8,future_root_zone_stress
43.3,40.4,44.3,46.3,43.5,40.0,77.7,84.3,83.9,9.0,10.7,8.5,future_heat_stress
24.0,24.8,23.8,60.4,52.3,50.1,37.2,41.4,45.2,3.6,3.7,4.8,stable
28.6,28.7,29.4,74.9,80.7,79.9,71.3,66.3,63.4,4.8,4.0,4.2,stable
26.6,29.0,30.1,67.9,64.0,70.0,54.7,50.2,53.5,6.4,3.7,4.0,stable
31.5,31.4,34.0,73.2,66.9,64.6,32.2,41.4,34.6,5.7,6.3,5.7,future_root_zone_stress
31.6,31.0,30.9,40.4,41.4,44.6,47.5,56.3,49.8,6.0,5.3,7.9,stable
30.6,30.4,33.5,64.8,67.3,62.7,79.2,78.4,77.0,6.3,4.4,5.5,stable
40.9,42.3,43.5,64.1,60.3,54.8,46.5,49.6,47.5,8.7,8.5,6.0,future_root_zone_stress
36.5,34.0,36.4,29.1,27.2,26.6,48.8,46.0,44.2,5.0,6.6,5.9,future_heat_stress
28.5,26.9,27.1,80.8,70.6,74.4,76.8,79.0,68.2,6.3,5.0,4.7,stable
25.0,27.2,28.7,49.6,53.0,51.8,69.3,63.4,69.8,4.9,2.4,4.3,stable
22.9,24.0,26.3,68.3,64.1,61.8,81.8,80.6,76.7,1.1,2.4,2.7,stable
28.6,29.1,31.5,76.7,79.9,78.1,58.5,58.8,53.6,6.1,3.8,4.1,stable
39.4,38.2,42.4,30.3,27.3,22.2,53.4,55.3,52.8,11.5,9.2,8.7,future_water_stress
34.1,34.5,32.3,43.4,35.8,44.1,36.5,38.8,39.8,4.8,4.4,4.3,stable
34.0,35.1,33.6,41.5,49.8,46.7,39.5,40.3,39.6,5.1,7.2,6.3,future_root_zone_stress
43.0,41.1,41.5,31.0,30.8,30.8,52.0,38.9,46.5,4.9,4.1,4.6,stable
30.7,30.5,32.2,94.6,101.4,89.8,49.9,48.9,48.0,2.8,5.5,5.9,future_root_zone_stress
31.2,27.8,29.2,92.4,87.3,88.8,87.1,93.3,92.2,2.1,2.8,3.5,stable
34.0,39.1,39.4,59.0,66.7,60.4,82.6,82.3,84.3,4.4,4.9,4.7,stable
21.3,22.2,24.4,55.9,58.3,56.7,78.6,76.7,71.5,5.4,3.5,4.0,stable
32.1,31.7,32.5,59.4,64.4,72.5,41.5,48.3,46.5,4.7,4.7,4.9,future_water_stress
25.6,26.6,30.3,46.9,53.5,44.4,35.7,38.1,40.1,6.7,7.0,7.4,future_water_stress
39.5,42.3,41.6,20.7,15.2,14.1,47.8,44.3,43.3,6.7,7.1,7.4,future_water_stress
45.0,42.9,46.7,35.8,38.0,38.8,66.5,71.5,68.4,10.0,11.3,10.7,future_heat_stress
28.1,31.2,32.9,57.8,64.2,62.2,62.3,66.2,62.6,6.4,4.9,4.4,stable
35.1,31.2,31.6,86.4,85.1,85.9,81.0,87.3,84.8,3.7,3.0,5.0,stable
28.5,27.2,29.1,65.3,61.0,64.1,69.6,64.7,73.3,2.3,4.6,3.3,stable
36.3,34.9,39.4,73.4,68.0,64.2,41.0,35.4,41.8,7.1,6.8,6.1,future_root_zone_stress
26.8,27.5,27.5,52.9,52.0,54.9,43.6,48.8,40.8,4.9,3.2,2.1,stable
25.7,25.6,23.9,72.0,68.2,72.5,67.7,66.2,63.0,3.7,3.9,4.2,stable
36.3,35.7,38.9,69.3,76.0,75.1,60.7,53.6,57.3,3.4,4.2,4.0,stable
25.2,26.6,29.5,76.6,77.4,75.0,49.4,55.5,54.0,6.0,4.3,3.5,stable
42.3,41.7,45.3,41.4,48.3,40.9,75.9,67.0,70.4,9.4,11.1,10.8,future_heat_stress
35.7,36.8,36.5,33.0,43.4,36.7,40.4,36.0,41.7,4.6,6.1,4.6,future_heat_stress
28.2,29.1,30.2,53.3,53.2,59.6,52.5,66.1,55.2,1.7,2.4,3.4,stable
28.5,28.2,31.3,70.0,66.7,72.5,67.9,72.3,65.7,7.7,8.3,7.1,stable
39.4,39.6,39.7,43.8,48.7,44.1,27.9,25.8,23.8,10.0,9.1,7.8,future_water_stress
29.5,32.2,34.6,64.9,64.8,65.2,55.1,52.7,55.8,3.3,4.2,5.3,future_root_zone_stress
33.7,32.4,33.9,68.1,73.8,73.5,31.8,26.4,29.6,6.6,6.3,4.5,future_water_stress
33.8,29.0,31.6,53.3,43.9,47.9,67.7,75.5,69.9,5.6,6.4,5.5,stable
36.0,37.5,38.7,49.8,53.2,53.5,46.3,54.2,50.7,6.6,6.8,7.8,future_heat_stress
28.2,29.2,30.3,82.2,72.1,77.2,72.4,66.3,66.6,4.4,5.4,7.0,future_root_zone_stress
41.9,40.4,40.6,25.6,34.5,27.8,31.2,28.2,29.9,11.5,10.3,9.1,future_water_stress
34.2,37.5,36.8,46.4,42.1,48.3,49.4,43.0,49.9,7.7,9.1,7.2,future_water_stress
25.7,26.6,30.6,75.4,73.0,72.6,91.6,94.4,86.9,1.1,1.9,2.5,stable
32.4,29.5,30.4,79.8,85.2,82.1,69.7,70.5,72.3,10.2,8.7,8.6,stable
26.4,25.9,27.7,58.8,64.8,63.0,74.2,64.5,67.3,4.7,2.8,4.2,stable
32.7,33.7,34.5,77.6,86.1,87.2,43.3,41.2,41.2,10.1,7.7,8.4,future_root_zone_stress
35.8,33.9,36.2,48.7,47.1,46.6,72.1,83.1,77.0,8.0,6.9,6.6,stable
24.6,28.3,28.7,66.2,73.9,67.4,17.6,16.6,10.8,3.4,5.0,5.7,future_water_stress
24.1,21.1,25.0,89.6,91.5,90.7,61.4,46.1,52.8,3.1,2.4,4.1,stable
34.3,35.1,38.4,54.4,61.5,50.6,71.6,69.7,66.8,8.7,8.2,8.6,future_heat_stress
32.2,30.2,31.1,59.8,55.2,54.2,29.1,38.7,33.6,5.5,4.1,3.6,stable
36.8,34.6,38.1,65.8,68.3,69.4,88.8,88.8,95.4,5.6,5.6,5.1,stable
26.1,31.0,31.0,59.1,57.7,64.3,88.4,81.0,82.5,1.9,3.1,2.3,stable
32.3,35.3,34.1,61.9,69.4,63.7,60.0,68.0,62.8,4.5,6.9,6.3,future_root_zone_stress
35.2,35.1,37.7,58.7,56.3,59.5,30.4,27.4,34.0,4.6,7.8,7.2,future_water_stress
37.9,40.0,40.3,49.0,47.0,47.4,70.8,75.8,77.9,6.2,5.4,5.3,stable
28.2,27.2,27.2,74.8,79.0,78.8,91.5,84.6,86.8,2.6,4.8,5.0,stable
25.4,26.6,26.7,48.4,53.6,55.1,80.8,75.6,77.8,4.3,2.8,1.4,stable
43.3,44.4,43.7,47.2,53.3,50.6,58.9,61.3,57.0,8.3,10.2,8.5,future_heat_stress
31.1,32.4,31.9,71.5,78.6,78.7,65.9,64.0,62.9,3.5,4.7,3.9,future_root_zone_stress
29.0,27.4,30.1,66.2,75.6,74.4,41.2,52.8,49.7,4.5,4.0,3.1,stable
39.3,40.1,39.7,37.0,34.1,31.6,82.1,84.6,87.0,8.7,7.7,7.2,future_heat_stress
29.7,33.2,36.4,86.2,88.2,90.4,56.5,64.4,62.6,1.5,3.6,4.0,stable
28.4,29.6,30.2,74.9,73.6,76.5,70.6,70.5,70.2,4.1,1.9,4.2,stable
28.1,29.9,31.9,71.7,67.6,72.0,42.8,37.3,42.5,3.7,5.0,4.2,future_root_zone_stress
33.3,33.9,33.1,39.4,38.8,35.2,76.5,79.0,78.1,-0.7,-0.5,-0.0,future_water_stress
33.2,34.6,37.6,33.0,36.0,34.7,12.3,17.2,20.1,3.7,6.3,5.2,future_water_stress
27.4,27.6,27.8,43.6,52.9,52.1,65.4,64.2,66.0,4.1,5.2,6.6,stable
30.5,32.5,31.7,67.9,70.2,64.2,50.6,61.5,58.9,4.0,5.4,4.1,future_root_zone_stress
28.3,30.6,30.2,67.0,72.9,68.5,62.5,61.7,59.5,1.5,2.0,1.9,stable
22.2,21.6,26.4,71.2,62.9,68.5,44.1,41.5,45.2,3.7,3.8,3.8,stable
29.7,32.1,31.9,60.1,63.9,62.6,74.6,68.7,77.9,0.6,2.3,2.6,stable
28.9,30.3,32.6,69.8,68.1,62.5,67.7,74.7,73.8,0.4,0.9,2.1,stable
26.6,26.2,28.1,71.3,72.9,78.2,51.7,52.5,54.4,3.0,3.8,4.0,stable
38.7,36.9,38.3,61.4,56.9,57.2,44.0,49.3,52.0,8.5,6.0,5.6,stable
30.4,30.9,33.9,54.7,52.1,56.3,26.3,28.6,27.6,5.3,6.5,5.8,future_root_zone_stress
36.7,37.6,37.8,53.6,50.0,54.7,55.5,53.1,58.2,5.1,5.8,5.4,future_root_zone_stress
29.5,31.4,31.0,47.7,52.1,51.1,40.6,48.0,42.6,6.3,5.6,6.4,stable
30.0,27.6,30.1,79.3,90.4,86.0,45.4,44.6,51.6,3.7,6.0,4.8,stable
42.0,42.8,41.2,32.7,22.8,29.9,56.1,52.0,59.4,4.9,5.6,4.3,stable
27.7,30.5,30.8,51.9,38.5,43.1,50.9,51.0,49.3,7.0,4.7,4.7,stable
31.7,34.5,34.7,24.4,30.9,31.6,76.8,77.5,76.1,4.7,5.4,4.8,stable
21.4,27.6,25.5,76.0,69.7,65.4,81.6,77.4,76.7,1.7,2.5,4.2,stable
27.4,29.8,28.2,57.1,56.0,57.2,47.3,47.7,49.1,3.9,5.6,4.7,stable
21.6,21.3,23.8,81.0,79.6,80.0,36.1,34.8,41.6,4.0,3.4,4.5,stable
33.7,31.0,33.9,47.0,45.3,50.9,48.2,44.6,46.9,3.3,7.7,6.8,stable
32.3,30.5,33.4,52.6,52.8,51.5,34.3,43.1,38.2,3.1,5.2,4.5,stable
29.4,33.1,32.9,39.6,50.8,44.0,21.2,23.1,27.9,2.7,3.8,2.9,future_water_stress
23.1,27.8,27.7,66.1,64.0,68.9,56.0,52.8,57.7,3.4,5.6,4.3,stable
37.7,38.7,38.4,48.1,43.5,52.5,58.9,63.1,56.7,3.9,3.9,5.2,future_root_zone_stress
29.1,27.8,30.6,57.2,53.7,57.7,64.5,62.4,60.3,2.2,6.3,5.1,stable
27.8,28.8,31.1,88.1,76.9,81.9,38.8,41.5,45.1,3.3,2.2,2.9,stable
32.9,32.0,33.9,50.8,55.6,56.0,49.1,55.2,53.0,7.7,6.8,6.5,stable
28.6,29.0,29.9,44.5,51.7,46.1,21.4,27.0,22.6,6.0,6.2,6.6,future_root_zone_stress
33.3,32.9,34.8,49.8,44.8,46.5,69.2,70.5,66.9,4.4,6.1,3.9,stable
27.3,30.5,31.2,28.1,34.3,38.8,64.0,69.9,68.3,8.2,7.1,6.4,stable
31.3,32.6,36.1,56.8,48.7,48.5,94.0,87.7,85.0,6.9,7.0,5.1,future_heat_stress
28.1,28.2,29.2,46.6,54.6,44.4,40.1,49.0,41.2,6.6,6.4,7.8,stable
31.7,30.3,31.9,82.4,75.2,78.3,73.3,72.1,75.7,6.5,4.8,4.9,future_root_zone_stress
33.0,33.8,34.2,57.4,60.2,57.9,94.4,83.5,91.7,4.0,2.8,3.4,stable
48.1,47.8,49.2,30.5,43.7,38.0,75.4,73.8,76.6,9.1,9.8,10.1,future_heat_stress
36.4,35.7,34.5,49.8,36.4,46.6,61.7,63.7,67.9,6.2,3.1,4.3,stable
34.2,34.2,33.9,63.8,63.3,67.2,59.6,53.0,55.0,3.5,1.9,1.7,stable
28.9,31.1,28.6,54.8,44.3,51.3,57.5,55.2,55.4,5.2,3.9,2.9,stable
29.6,33.3,34.2,63.1,62.1,64.2,31.5,40.1,34.9,4.2,4.3,4.6,future_water_stress
26.3,25.6,27.8,61.2,61.1,59.8,43.1,44.5,44.8,2.4,6.2,5.6,stable
40.4,39.5,43.3,47.8,39.7,45.4,60.3,59.1,63.8,7.0,7.8,6.9,future_heat_stress
29.7,28.7,26.9,75.2,84.0,84.7,66.4,65.0,66.4,7.4,7.3,6.4,stable
42.9,41.5,43.1,47.6,39.7,37.6,35.3,36.6,31.4,4.9,5.2,6.0,future_water_stress
35.2,35.7,35.7,52.5,57.3,57.8,68.6,61.3,65.3,7.4,6.3,6.3,future_heat_stress
32.0,32.0,31.9,74.9,74.6,72.4,70.8,77.5,77.3,4.1,3.6,3.8,stable
29.1,31.1,30.1,51.6,50.3,53.8,20.9,23.6,20.6,8.2,5.1,6.9,future_water_stress
38.1,40.1,42.8,32.4,39.7,39.2,19.9,15.2,12.0,6.0,7.9,5.2,future_water_stress
31.6,30.8,32.6,82.6,92.6,85.5,48.1,51.6,45.3,6.0,4.6,3.7,future_root_zone_stress
23.6,28.0,29.7,43.6,44.3,44.5,68.2,66.7,69.9,5.1,5.4,6.4,stable
31.5,31.3,30.6,75.1,70.0,74.7,73.6,67.4,72.9,5.8,5.5,3.9,stable
28.9,26.9,27.7,70.8,78.7,72.7,52.1,51.7,48.5,7.7,5.1,5.4,future_root_zone_stress
28.3,32.3,30.6,47.2,47.3,55.0,58.1,61.5,63.8,5.2,5.4,5.9,stable
37.5,40.2,40.3,71.2,65.8,74.7,44.9,50.0,47.9,2.4,5.0,4.3,future_root_zone_stress
33.0,32.5,35.5,71.0,68.2,74.0,82.2,80.2,83.0,5.5,4.4,5.8,stable
33.9,30.3,34.6,48.2,48.9,50.4,82.7,79.6,76.9,4.7,5.5,5.2,stable
34.1,32.8,34.6,56.7,57.3,62.8,82.3,78.8,82.7,3.6,3.2,3.9,stable
35.4,37.4,38.0,59.4,53.7,56.1,28.6,28.4,34.4,7.5,5.5,6.0,future_root_zone_stress
33.2,32.0,35.2,57.6,58.4,54.6,60.8,64.7,63.8,6.9,6.2,6.8,stable
28.3,26.7,30.0,82.2,76.9,71.6,93.3,83.8,86.0,3.7,3.7,3.0,stable
42.3,42.8,44.7,33.5,28.0,29.8,73.1,70.8,74.5,8.9,9.3,7.6,future_heat_stress
29.0,30.8,32.9,58.6,55.5,61.5,77.3,71.6,67.2,6.5,7.2,5.9,future_heat_stress
30.4,30.5,30.6,74.2,84.1,77.0,35.5,34.9,40.4,4.2,6.8,5.6,future_root_zone_stress
33.3,33.3,35.5,35.5,37.5,42.8,46.2,50.6,43.8,6.4,7.2,8.1,future_heat_stress
27.7,27.5,29.6,41.0,37.1,34.7,54.9,49.3,51.1,3.8,4.2,5.1,stable
23.3,22.6,25.4,57.9,62.1,57.6,67.4,65.9,70.3,4.6,2.8,3.4,stable
28.7,28.0,28.1,55.5,56.2,56.0,54.1,58.1,57.8,2.0,1.8,3.6,stable
36.5,39.6,40.2,58.1,57.1,60.3,45.4,48.1,44.6,4.4,4.3,6.3,stable
26.7,29.6,31.3,79.6,78.4,74.7,36.6,41.0,43.6,3.6,2.8,3.7,future_root_zone_stress
20.7,21.7,22.5,76.9,79.5,77.7,41.9,33.6,37.9,1.0,2.4,3.3,stable
28.0,32.5,32.5,73.4,80.2,76.9,75.2,71.4,68.8,4.9,5.9,5.6,stable
32.4,32.3,33.7,79.3,78.6,80.8,74.9,77.8,80.3,4.2,4.9,3.6,stable
35.6,36.9,36.7,40.2,39.0,42.7,49.1,44.6,41.2,6.3,6.5,8.7,future_water_stress
41.3,42.3,41.6,43.7,44.9,41.2,96.0,91.3,93.7,3.6,5.1,5.3,stable
29.9,34.6,32.5,45.6,38.3,46.4,75.9,77.3,78.5,3.5,3.9,4.9,stable
40.8,40.7,39.8,58.8,51.3,58.1,67.9,68.1,73.2,7.2,7.6,6.0,stable
27.3,29.3,27.9,49.4,58.7,49.6,50.8,53.6,47.9,4.4,2.8,3.2,stable
26.2,28.3,28.5,69.9,68.0,75.3,66.0,77.1,71.6,-1.3,-2.3,-1.5,stable
24.6,26.4,26.6,63.4,72.3,71.0,46.6,45.7,48.2,4.6,4.3,4.6,stable
38.5,36.2,37.6,46.7,42.3,47.6,51.0,42.5,50.0,8.4,7.0,8.0,future_root_zone_stress
28.4,27.3,32.0,97.2,93.3,89.3,49.0,46.4,55.1,3.6,3.1,3.9,stable
39.5,40.4,41.5,46.1,53.8,43.7,55.2,48.9,53.4,8.9,8.5,8.0,future_root_zone_stress
32.0,33.5,36.3,46.5,45.0,48.0,32.6,31.2,34.0,7.4,4.4,4.8,future_water_stress
32.7,35.9,32.7,34.2,38.0,35.5,50.5,49.7,49.5,6.6,6.1,5.4,stable
29.0,28.2,30.2,58.7,60.5,56.8,55.7,66.2,58.1,5.4,4.5,3.5,stable
25.7,29.2,27.5,71.1,77.8,80.0,81.4,82.1,76.5,3.5,2.2,2.4,stable
33.2,32.4,33.3,66.1,64.6,62.5,64.5,60.0,64.2,2.8,3.9,3.4,stable
34.5,35.0,36.9,57.8,65.7,66.9,48.5,56.9,51.8,6.2,5.6,6.2,stable
29.7,33.6,32.6,61.0,57.2,56.0,65.3,66.8,70.4,3.8,2.4,2.7,stable
24.0,23.7,26.8,54.6,62.4,63.4,40.4,40.7,44.0,3.7,3.7,3.9,stable
26.4,26.1,28.3,58.1,55.1,54.7,46.1,42.0,42.4,0.9,2.8,2.9,stable
30.3,31.5,29.9,58.8,49.1,52.0,93.8,93.5,93.6,3.9,3.5,2.9,stable
35.8,36.4,35.8,59.4,63.6,66.6,48.5,41.4,40.0,3.6,6.0,5.8,future_water_stress
26.0,28.9,26.3,82.9,72.4,75.5,56.8,61.2,63.6,1.5,4.9,3.4,stable
35.7,36.1,38.4,79.2,82.1,86.8,57.5,59.4,61.4,6.0,4.9,6.1,future_root_zone_stress
40.9,44.0,42.0,24.7,13.0,22.1,77.9,70.9,78.5,9.8,8.4,7.6,future_heat_stress
35.4,34.5,35.7,36.0,40.2,41.2,23.5,31.6,25.5,5.0,6.9,6.1,future_water_stress
34.4,32.9,36.4,62.6,64.4,67.2,48.5,40.2,48.5,6.0,4.9,3.5,stable
26.7,28.3,26.3,71.4,71.7,77.1,100.7,91.1,98.1,0.1,2.1,3.3,stable
29.4,29.7,32.2,62.7,65.3,59.7,96.4,91.0,90.3,3.5,2.6,2.0,stable
31.2,32.8,36.1,53.3,39.6,43.1,64.8,63.8,67.1,6.0,5.8,6.1,future_heat_stress
28.3,27.3,30.6,56.0,59.0,62.5,39.6,32.8,41.9,4.0,5.0,6.3,future_root_zone_stress
32.2,32.9,34.0,62.5,68.3,64.4,52.0,49.5,56.4,5.0,2.3,3.5,stable
32.2,31.3,33.6,31.9,32.2,43.5,62.6,65.5,66.3,6.5,4.3,4.9,stable
32.4,33.7,36.1,53.4,55.8,52.4,20.1,16.7,19.3,8.5,9.7,9.0,future_root_zone_stress
31.0,33.8,33.5,51.4,52.3,54.2,94.2,88.2,86.3,1.9,3.8,3.3,stable
29.8,31.9,32.1,70.7,70.0,73.3,73.8,74.0,76.0,3.7,4.0,3.4,stable
33.1,31.9,35.1,69.1,68.2,68.5,81.1,70.1,78.5,4.8,7.6,6.2,future_root_zone_stress
39.2,41.0,39.1,21.0,15.3,21.0,59.4,55.3,63.2,12.0,11.7,10.8,future_heat_stress
33.1,37.4,37.6,31.9,41.1,33.2,53.7,54.9,54.4,5.6,6.0,5.3,future_root_zone_stress
32.3,32.6,30.8,48.8,49.7,47.8,96.9,94.3,98.5,3.8,4.4,4.2,stable
32.9,34.3,32.4,59.5,66.7,70.5,48.7,54.9,48.6,6.0,4.4,3.3,stable
34.4,34.5,37.8,46.8,50.9,47.1,31.3,31.4,25.7,7.1,6.5,6.1,future_water_stress
29.6,31.1,29.5,79.5,77.2,78.0,42.1,48.8,46.1,3.8,5.2,4.7,future_root_zone_stress
27.4,24.5,24.7,70.8,73.3,73.1,68.0,72.7,72.2,0.7,2.0,3.2,stable
24.5,26.2,26.9,67.8,65.9,64.7,70.0,73.9,77.2,2.4,5.4,4.4,stable
29.8,29.1,29.7,50.1,42.7,45.9,32.0,35.3,39.2,2.7,4.6,4.0,future_water_stress
32.1,32.2,31.8,29.5,29.8,29.9,47.5,38.3,44.1,8.0,9.2,7.2,future_water_stress
36.9,39.3,41.2,83.1,76.1,80.4,77.5,87.7,83.4,3.3,5.2,4.5,future_heat_stress
31.8,33.0,35.8,48.9,56.1,58.8,60.8,54.8,55.5,5.1,6.2,6.3,stable
39.7,41.8,41.0,63.0,60.9,58.5,47.8,46.4,42.0,10.2,11.4,11.4,future_root_zone_stress
45.2,46.2,45.8,35.8,41.7,37.2,51.2,59.8,59.3,5.0,6.1,6.4,future_heat_stress
30.0,28.8,27.5,79.1,80.7,78.2,43.8,46.6,41.5,3.6,4.2,3.1,stable
31.5,29.9,31.2,78.3,74.1,78.1,70.1,69.9,67.5,5.8,3.3,3.4,stable
27.4,29.7,31.4,63.7,49.5,52.7,49.0,55.7,56.5,9.1,8.9,8.4,future_heat_stress
29.4,29.2,30.4,70.6,78.3,68.4,59.9,58.2,63.0,6.3,6.4,5.9,stable
28.5,27.9,29.1,61.9,61.8,56.4,55.7,56.3,58.3,4.2,3.1,5.3,future_root_zone_stress
30.2,28.1,31.4,66.9,75.2,74.7,52.0,48.3,45.5,2.6,2.5,2.7,stable
27.7,32.1,32.6,47.0,53.4,49.9,35.6,34.5,35.1,7.9,4.7,6.4,future_water_stress
33.1,37.1,38.4,60.6,60.8,68.4,44.4,37.9,42.0,2.9,2.7,3.8,future_water_stress
34.8,35.9,39.1,85.3,82.6,90.0,57.5,58.9,56.8,6.0,5.5,4.5,future_root_zone_stress
32.7,30.9,35.6,79.3,76.7,76.4,44.9,51.0,42.8,1.9,4.3,2.4,stable
23.9,26.0,27.5,50.9,53.7,55.5,82.6,74.0,73.9,2.4,4.4,2.6,stable
27.0,30.8,33.3,55.0,55.1,59.6,62.2,65.0,65.1,3.6,3.8,3.7,stable
34.0,32.4,35.1,50.5,58.0,50.7,67.4,60.9,63.9,2.3,2.8,2.3,stable
34.4,33.6,33.1,68.1,63.4,64.9,67.5,69.0,69.7,5.8,7.2,7.1,future_heat_stress
26.2,25.0,26.8,77.5,77.7,81.7,41.7,49.9,46.5,3.7,4.5,6.2,future_root_zone_stress
20.9,24.8,24.9,68.5,64.8,70.5,65.8,60.0,61.3,0.5,2.5,2.7,stable
34.2,34.0,35.0,45.2,57.2,53.7,51.2,48.5,47.8,5.7,5.2,6.9,stable
31.0,29.2,31.8,64.8,65.5,69.4,55.3,46.2,54.8,5.2,5.3,4.1,future_root_zone_stress
21.3,22.3,22.3,71.2,62.7,67.8,49.1,55.8,50.8,5.0,2.8,2.1,stable
30.8,32.3,32.5,64.1,62.2,63.1,69.0,61.2,65.1,6.0,5.6,4.7,future_root_zone_stress
27.1,26.0,25.5,66.7,78.5,78.7,48.7,51.3,47.6,1.9,2.8,1.7,stable
20.8,24.0,23.6,75.4,79.0,77.2,59.3,59.8,59.7,1.3,0.5,1.9,stable
31.7,32.1,34.6,65.1,70.3,63.3,72.9,65.9,73.3,2.0,3.1,4.2,stable
37.8,37.1,40.9,28.5,35.1,36.3,62.1,65.6,61.7,7.6,7.8,5.8,stable
27.1,26.6,28.7,64.2,50.8,60.3,63.9,62.7,66.6,2.7,3.4,2.9,stable
25.8,26.9,28.4,61.3,60.5,51.8,63.0,67.6,58.1,-0.1,-0.4,0.3,stable
25.4,26.4,29.8,46.8,47.3,49.0,39.6,41.7,45.3,5.5,4.8,3.6,stable
25.2,25.5,26.4,71.5,66.9,73.2,58.3,62.1,54.4,0.4,4.0,2.4,stable
35.4,34.1,35.6,49.5,58.3,51.2,34.9,37.9,44.9,6.3,6.3,5.6,future_root_zone_stress
37.3,34.5,34.7,44.2,38.5,38.8,76.2,73.7,75.8,3.2,4.3,4.2,future_heat_stress
36.4,34.0,34.8,54.6,57.5,59.1,46.6,58.2,56.7,5.2,3.6,4.3,stable
41.1,42.9,42.0,26.2,30.6,25.2,40.7,40.8,38.1,6.0,6.7,7.6,future_water_stress
27.5,26.6,30.0,64.8,72.6,75.0,97.0,94.4,93.8,0.4,3.1,3.3,stable
40.5,40.8,45.1,25.6,32.1,29.3,57.7,55.3,58.2,9.2,9.5,8.9,future_heat_stress
22.5,23.9,27.7,67.6,72.9,64.9,73.2,74.3,77.4,5.5,4.8,4.4,stable
19.9,22.6,20.8,45.5,50.7,48.0,92.4,83.4,83.2,2.4,2.5,2.0,stable
30.8,34.3,31.7,56.7,48.7,50.5,81.3,82.0,84.0,2.0,0.6,-0.1,stable
27.4,28.9,28.8,47.9,42.8,47.2,64.1,69.6,62.8,3.9,5.7,5.6,stable
29.5,27.6,28.4,49.0,50.8,44.5,41.5,48.5,43.0,1.5,2.1,1.9,stable
37.3,34.7,36.9,42.6,43.7,44.3,63.0,61.8,60.9,8.4,8.9,7.3,future_heat_stress
36.3,38.8,39.7,51.4,54.0,60.5,55.6,60.4,54.9,10.9,7.8,10.0,future_heat_stress
24.4,25.8,24.2,70.9,66.8,63.0,42.5,41.0,44.9,1.7,3.7,4.0,stable
45.6,44.0,44.2,27.4,35.3,33.3,67.4,69.9,64.9,5.6,7.6,8.3,future_heat_stress
24.2,25.2,27.6,56.6,63.3,59.8,73.4,69.0,66.3,2.2,4.1,4.3,stable
32.5,32.0,30.8,70.6,66.6,78.0,89.1,81.8,82.8,3.9,4.0,3.6,stable
26.0,23.9,25.8,59.1,67.3,62.6,69.0,74.9,76.9,3.0,2.3,2.7,stable
34.4,35.0,36.9,52.3,56.7,54.7,67.2,68.7,70.5,4.7,6.0,5.2,future_heat_stress
30.8,29.4,31.4,64.2,62.9,62.8,64.3,66.2,66.1,1.6,1.7,2.3,stable
34.3,33.5,35.1,77.8,78.4,77.0,61.1,63.0,59.7,5.1,5.8,4.6,future_root_zone_stress
29.6,30.8,31.9,72.0,73.7,75.6,72.4,76.3,73.4,3.0,4.0,4.1,stable
27.3,26.8,28.7,57.0,50.4,49.7,48.7,52.2,49.7,7.0,6.6,7.1,future_water_stress
26.4,30.2,30.2,66.9,59.9,66.5,49.1,55.9,50.9,5.9,4.8,5.3,stable
33.5,35.1,34.4,54.9,61.7,55.4,56.8,62.1,56.7,8.9,7.7,7.2,future_root_zone_stress
23.7,26.8,25.8,73.3,62.9,66.9,40.0,43.2,43.0,1.9,2.6,2.7,stable
24.5,23.8,22.4,54.1,63.5,55.0,56.0,56.1,59.9,2.6,3.7,2.3,stable
25.2,28.5,27.1,69.5,71.7,74.7,68.6,76.7,68.9,3.7,3.4,4.4,stable
33.4,33.2,32.7,67.5,73.3,70.6,96.1,87.6,92.2,3.1,2.4,3.5,stable
31.0,33.4,31.7,67.0,54.1,60.2,27.5,21.8,28.0,4.0,4.1,4.4,future_water_stress
37.1,34.5,36.7,40.2,37.6,39.1,87.8,89.7,84.2,6.3,7.2,7.2,future_heat_stress
31.3,30.3,33.8,80.5,83.0,86.3,65.4,65.2,65.8,0.7,2.7,1.5,stable
33.0,34.9,32.2,87.1,81.9,85.2,27.9,29.6,32.5,4.5,6.0,4.4,future_root_zone_stress
23.8,23.7,27.5,54.4,58.3,59.9,47.2,38.7,43.3,3.3,3.7,4.0,stable
30.0,29.6,28.7,66.5,59.3,64.3,62.1,64.9,61.3,1.8,3.3,3.5,stable
32.6,33.1,31.9,83.5,81.9,84.3,45.8,41.7,38.5,3.2,2.7,3.7,future_water_stress
27.9,30.3,30.4,64.9,67.6,67.6,48.3,45.3,49.4,3.4,2.8,3.9,stable
38.7,37.3,35.4,81.5,75.8,78.0,47.3,48.4,52.6,6.7,5.0,6.2,future_root_zone_stress
31.9,30.6,34.6,43.4,45.5,49.5,65.2,67.9,65.9,5.1,4.9,4.9,stable
23.7,26.6,26.8,58.1,54.0,60.4,87.8,88.5,83.8,1.2,1.7,1.5,stable
39.0,38.7,39.2,35.6,36.3,36.7,71.0,75.6,68.8,6.5,7.1,9.4,future_heat_stress
39.0,40.1,43.3,34.3,41.7,36.9,52.6,55.0,52.8,7.5,4.5,6.1,future_root_zone_stress
26.1,24.8,27.4,67.0,75.5,70.0,56.7,56.3,56.5,2.0,0.9,2.2,stable
29.3,26.0,27.4,79.1,72.1,79.1,81.0,89.9,82.7,2.6,4.3,4.3,stable
25.7,26.4,29.3,55.2,54.7,51.6,55.3,49.0,57.0,3.5,2.7,2.9,stable
30.3,30.4,30.2,27.3,27.2,32.0,37.2,40.1,45.2,6.9,8.0,6.6,stable
26.1,26.3,26.9,58.6,60.7,64.9,63.7,66.0,67.5,2.7,2.5,2.3,stable
32.1,33.0,34.8,82.2,78.2,78.8,73.5,63.5,62.2,6.2,6.2,8.3,future_root_zone_stress
37.4,38.3,38.1,56.3,55.0,56.2,50.2,42.8,43.2,5.4,5.3,5.3,future_root_zone_stress
26.0,25.7,26.0,68.7,74.7,77.0,45.6,37.5,40.6,1.8,2.9,2.8,stable
31.6,32.7,33.6,86.4,85.1,78.8,52.0,50.9,49.2,4.1,4.4,3.2,stable
40.7,42.7,43.6,33.9,31.0,32.3,67.7,70.6,69.4,9.2,9.6,9.4,future_heat_stress
26.9,29.0,28.5,55.8,49.4,50.3,74.5,67.7,69.7,4.7,5.0,5.4,stable
25.5,28.2,27.5,74.0,78.9,78.4,76.9,71.8,69.7,4.4,2.4,3.7,stable
42.8,39.6,44.4,16.7,26.3,25.4,54.1,61.2,56.8,9.1,10.9,10.0,future_heat_stress
28.5,31.0,31.9,66.9,67.7,69.2,46.3,43.5,42.9,1.7,2.6,3.4,stable
31.8,26.9,29.2,78.7,77.9,79.1,86.6,90.4,95.3,4.3,3.3,3.8,stable
35.2,35.9,36.8,60.0,58.8,55.7,75.3,78.4,75.2,2.8,6.5,4.6,stable
30.5,30.7,31.8,89.6,81.9,81.7,99.2,93.2,94.3,2.4,1.2,1.9,stable
43.7,41.1,42.3,61.2,62.6,61.1,93.3,96.3,95.2,7.6,6.9,7.6,future_heat_stress
21.8,27.0,27.6,67.0,64.4,67.7,64.5,73.8,69.3,3.7,4.0,4.6,stable
28.3,25.7,26.8,75.5,75.9,71.2,62.4,66.0,60.0,3.1,3.4,4.1,future_root_zone_stress
34.3,37.4,38.8,14.6,21.1,18.2,53.7,58.9,59.1,12.0,10.9,10.5,future_heat_stress
36.0,35.0,38.2,43.8,44.6,44.6,41.7,46.3,41.7,6.9,4.4,5.6,stable
20.6,22.8,22.2,77.6,78.0,75.4,78.2,73.8,71.0,2.0,4.6,3.5,stable
37.0,34.2,37.4,48.9,42.2,45.3,74.4,75.0,78.1,8.1,8.0,6.2,stable
33.2,33.0,34.9,66.3,69.8,62.0,85.2,91.4,85.4,4.1,1.4,2.0,stable
24.9,27.4,28.7,58.0,59.9,53.2,39.2,31.9,32.9,4.7,2.9,4.6,future_water_stress
20.3,21.7,22.1,63.7,70.0,69.1,77.6,69.0,73.2,1.6,2.8,1.9,stable
36.2,38.5,39.8,23.3,15.0,21.0,76.8,73.9,76.3,7.5,9.5,8.8,future_heat_stress
28.1,28.5,28.3,39.3,38.1,39.0,44.6,53.1,47.4,4.5,5.3,6.0,future_water_stress
31.6,30.1,32.0,76.2,67.7,70.8,88.5,86.4,89.8,4.3,4.3,2.9,stable
41.4,44.3,42.2,21.8,21.5,25.5,56.2,56.2,56.6,5.1,6.0,7.3,future_heat_stress
32.5,31.3,32.2,49.6,52.1,45.9,62.2,65.1,63.6,2.0,2.3,2.3,stable
30.6,32.4,35.1,64.9,65.9,67.4,71.8,74.8,70.8,4.5,3.3,2.5,stable
39.0,37.4,38.8,54.5,52.5,59.3,66.6,64.0,61.0,8.1,5.5,7.3,stable
22.1,24.4,25.7,97.6,104.8,95.2,96.1,97.9,101.3,3.3,4.0,1.7,stable
31.9,30.8,31.8,56.2,56.2,49.5,76.3,67.0,65.2,3.8,5.1,5.3,future_water_stress
21.6,25.8,26.4,42.7,44.5,47.0,61.5,64.7,66.7,6.5,5.2,5.4,future_water_stress
27.1,25.4,29.5,66.3,74.9,73.5,69.6,79.0,72.0,2.0,2.8,2.7,stable
32.3,33.3,31.8,41.1,43.3,45.7,56.1,51.9,48.1,5.3,6.2,5.8,stable
25.2,27.8,27.0,73.5,75.4,71.8,74.9,73.7,72.3,4.2,2.7,2.5,stable
24.3,23.3,27.4,74.1,76.2,81.4,54.1,51.7,49.3,1.7,2.9,2.0,stable
24.7,29.2,27.8,81.9,82.2,91.7,88.0,85.3,86.4,3.3,4.1,4.2,stable
34.8,33.5,35.5,41.4,37.6,36.2,70.9,73.4,73.2,5.5,3.5,4.1,stable
35.8,33.0,34.6,45.9,44.2,48.2,45.4,51.2,50.1,6.8,4.3,5.8,stable
26.9,26.5,30.3,64.6,66.2,68.7,64.7,62.5,67.2,6.7,4.7,4.2,stable
25.7,25.4,29.9,51.3,45.0,51.6,73.6,67.1,67.9,5.8,3.9,4.6,stable
27.4,27.9,31.4,65.6,69.3,72.8,82.3,72.5,78.3,3.5,4.8,2.6,stable
26.7,28.2,29.4,61.9,61.1,62.2,62.5,56.5,63.1,6.2,3.1,4.1,stable
24.4,28.9,27.2,73.5,75.4,78.9,72.7,82.1,78.4,5.8,5.3,5.7,stable
29.0,32.7,32.4,31.1,41.0,32.0,0.9,3.1,0.5,8.5,6.4,5.4,future_water_stress
25.1,26.9,28.1,76.3,67.8,74.9,46.9,46.6,41.9,4.3,2.7,2.9,stable
38.2,36.7,40.3,62.5,55.9,60.3,52.2,45.7,48.3,7.1,8.1,6.5,future_root_zone_stress
29.9,32.7,34.2,71.4,71.1,71.1,84.6,79.3,79.4,3.2,3.3,3.1,stable
38.2,41.1,41.4,41.3,38.6,41.4,39.8,46.3,42.5,5.9,8.0,8.0,future_heat_stress
32.9,33.7,32.8,56.6,54.8,55.1,94.4,92.1,94.0,1.7,4.0,4.6,stable
25.0,26.6,28.0,55.6,54.5,63.8,76.3,77.3,72.5,0.4,2.8,2.0,stable
31.2,28.3,30.7,60.4,56.2,53.6,70.5,72.5,68.4,2.0,5.5,3.5,stable
22.6,25.5,26.8,49.0,53.2,51.6,82.7,82.4,81.9,3.2,2.4,3.8,stable
30.5,31.3,31.9,32.3,34.9,41.4,43.3,39.6,39.7,8.9,8.5,8.9,future_water_stress
23.4,23.7,23.4,60.7,60.7,62.9,61.9,66.0,69.4,1.0,4.3,3.0,stable
37.3,39.5,39.5,21.9,33.7,31.2,76.0,77.6,71.9,8.2,10.7,10.3,future_heat_stress
26.1,22.6,23.6,63.5,62.4,57.6,75.4,72.2,76.2,2.0,1.5,1.0,stable
30.7,28.9,28.9,49.4,55.0,45.9,17.3,23.2,21.1,5.5,5.4,6.0,future_water_stress
22.2,23.4,24.2,71.3,71.5,73.3,69.2,65.4,69.0,6.4,5.9,3.9,stable
27.9,29.6,30.8,41.5,33.5,33.5,91.2,94.3,92.2,7.6,7.8,6.4,future_heat_stress
35.9,31.0,35.0,55.3,41.7,51.4,64.0,66.0,63.2,2.1,1.7,2.2,stable
33.1,34.5,36.5,58.0,64.4,65.1,68.0,67.2,68.5,4.0,4.6,5.5,stable
27.1,29.3,30.2,61.2,59.3,64.2,56.9,55.9,59.7,1.7,1.8,3.1,stable
36.2,35.5,36.6,33.2,36.2,41.9,48.0,54.8,56.0,9.7,6.1,6.2,stable
29.1,30.8,31.0,65.3,55.8,63.0,54.8,52.2,50.9,7.3,4.4,6.0,stable
29.7,31.7,32.7,74.7,78.2,76.5,77.6,74.7,77.9,3.4,4.4,4.4,stable
22.5,24.5,26.4,62.2,62.9,68.7,48.6,42.1,47.5,4.1,2.3,4.1,stable
25.9,25.7,25.7,65.3,52.6,60.9,66.0,73.1,71.5,5.6,3.3,3.7,stable
31.8,32.6,33.7,44.8,52.5,48.1,80.0,79.7,77.0,6.7,3.8,4.6,stable
26.5,23.7,24.7,82.5,77.7,78.9,76.6,79.2,75.9,4.1,2.6,2.9,stable
34.1,33.9,33.4,83.2,81.9,80.6,66.4,76.5,76.6,4.6,5.4,4.9,future_root_zone_stress
36.7,35.1,39.0,37.4,44.4,40.3,56.9,50.7,50.7,2.7,4.9,4.7,stable
29.7,28.5,31.0,60.4,63.7,66.9,47.3,52.3,48.3,4.4,4.2,3.5,stable
31.5,34.2,34.5,66.6,65.6,64.3,65.4,55.9,58.6,5.5,6.2,5.3,future_water_stress
37.2,38.3,40.6,33.9,37.8,32.1,41.1,42.5,40.7,4.8,5.5,4.8,future_water_stress
32.3,30.7,34.0,73.9,79.3,83.1,71.9,66.7,66.4,7.5,7.9,7.0,future_root_zone_stress
33.4,32.7,33.1,67.7,71.1,63.0,74.3,76.3,79.9,6.6,4.1,5.6,stable
30.7,28.6,28.1,64.1,59.1,52.8,57.4,63.6,62.3,5.5,4.7,5.8,stable
28.8,30.5,30.3,71.3,65.8,66.5,76.4,73.5,81.8,1.9,3.5,2.7,stable
27.9,28.2,30.5,59.5,72.6,68.2,82.1,79.1,81.5,5.3,3.6,3.7,stable
38.5,37.6,38.4,43.3,44.7,43.7,37.7,47.0,43.0,6.3,5.6,5.2,stable
23.5,21.3,23.8,55.9,55.8,61.8,63.2,68.4,61.0,4.3,4.1,3.7,stable
30.0,30.9,32.1,62.0,50.6,61.6,73.1,73.2,76.5,6.0,8.3,8.7,future_heat_stress
39.3,35.2,38.5,53.8,54.4,53.5,59.1,54.8,51.8,6.7,6.4,7.1,stable
27.7,27.3,27.8,61.7,64.6,59.7,58.2,55.6,54.6,0.4,-0.5,-0.1,stable
32.2,35.8,36.1,72.8,65.7,68.7,68.4,59.3,62.7,2.0,2.1,4.1,stable
27.6,28.1,26.5,58.7,64.0,72.9,44.5,43.3,45.6,4.3,5.7,5.4,stable
33.7,33.5,38.3,27.0,28.1,26.9,59.0,66.7,60.9,5.1,6.5,6.5,future_heat_stress
29.3,29.8,28.6,42.5,38.6,39.1,20.1,21.2,23.4,8.1,6.8,8.1,future_water_stress
30.0,29.4,28.6,68.0,66.0,64.2,37.9,45.9,37.7,1.9,2.8,2.6,stable
27.6,29.2,29.3,50.5,50.7,46.0,53.3,48.5,53.2,4.5,4.9,4.7,stable
31.0,31.9,33.8,71.4,72.3,74.3,55.2,53.5,48.0,4.5,5.4,5.6,stable
23.6,26.6,25.6,72.9,76.7,76.5,45.6,48.8,45.9,1.9,5.2,3.6,stable
31.6,34.0,34.3,56.1,45.2,46.6,55.0,45.7,52.2,4.2,5.7,5.5,stable
42.9,44.1,43.7,48.8,47.4,45.4,53.8,53.1,51.9,5.3,5.0,5.1,future_heat_stress
28.2,29.4,31.9,49.3,48.8,54.7,61.7,60.3,56.6,3.0,4.6,4.1,future_water_stress
25.7,27.0,29.0,73.1,80.2,82.4,42.0,50.9,42.8,1.7,1.9,3.1,stable
36.0,33.4,37.3,60.9,55.7,58.4,59.1,54.1,55.0,6.0,5.1,4.3,stable
33.0,31.9,32.6,64.9,55.2,57.9,35.6,29.9,31.7,5.4,4.5,4.4,future_water_stress
34.8,32.7,34.7,66.1,68.0,66.4,50.1,51.1,47.2,4.6,4.0,4.9,stable
27.3,31.6,31.5,63.9,59.7,64.5,56.9,59.5,58.3,3.3,2.7,4.9,stable
27.8,29.6,29.6,65.2,63.5,67.2,67.5,69.6,72.3,0.9,2.9,1.4,stable
28.2,28.5,28.4,64.2,60.8,61.8,62.0,63.3,62.5,4.7,4.2,4.0,stable
27.2,29.9,28.5,44.9,40.0,48.4,75.0,75.9,75.9,3.1,0.6,0.5,stable
37.8,34.9,35.9,56.9,64.0,65.3,46.5,47.3,47.0,8.0,6.0,6.8,stable
37.3,34.4,34.8,59.6,64.4,56.1,46.5,44.9,50.5,7.9,6.3,7.5,future_heat_stress
37.1,41.5,40.9,73.3,64.7,62.8,57.9,57.1,58.1,7.9,7.1,7.2,future_heat_stress
45.3,46.4,45.1,56.1,60.4,58.3,59.7,59.9,54.3,4.6,8.1,7.1,future_root_zone_stress
30.1,28.7,32.3,68.4,57.6,63.4,72.7,74.8,76.5,1.6,2.9,2.2,stable
31.8,33.0,33.6,40.8,44.4,37.6,39.5,41.5,39.2,2.1,4.0,3.9,stable
34.6,32.9,36.4,44.1,43.8,43.8,47.7,51.5,44.5,8.4,7.5,7.6,future_water_stress
28.1,29.9,32.6,76.4,63.2,70.5,76.9,72.9,80.3,3.5,3.7,4.0,stable
32.6,35.5,36.5,51.2,59.4,57.2,53.1,51.9,47.4,-0.5,1.3,1.4,stable
33.2,36.5,37.1,55.3,54.2,55.1,39.6,42.5,43.8,2.5,4.7,3.9,future_water_stress
25.2,23.9,28.6,59.7,59.5,57.6,64.5,62.1,60.8,1.0,1.0,2.6,stable
31.2,35.4,35.4,51.0,51.8,59.9,61.0,63.0,63.8,5.4,4.2,5.7,stable
29.3,26.4,27.3,59.7,63.5,68.5,29.8,31.2,33.0,5.0,2.0,3.1,stable
32.2,36.0,34.7,18.9,18.9,20.3,51.9,54.9,51.9,4.5,5.0,5.5,stable
45.1,49.2,48.3,8.9,11.3,13.4,81.2,69.6,76.6,9.1,9.5,10.8,future_heat_stress
40.8,44.0,44.9,59.3,53.6,55.3,23.5,27.1,26.0,14.8,13.5,14.2,future_water_stress
26.7,26.9,28.5,93.4,91.3,95.4,30.8,38.5,37.0,5.7,8.6,6.8,future_water_stress
29.2,29.8,33.4,51.9,52.1,52.2,84.1,75.1,79.0,5.7,3.4,3.8,stable
30.8,29.5,33.3,41.3,52.7,49.6,80.2,75.5,78.3,5.9,5.9,6.4,stable
28.9,30.7,34.8,57.7,55.6,52.1,56.8,60.0,58.8,8.4,7.9,7.0,stable
35.6,36.3,34.5,90.5,78.1,82.4,60.8,63.6,64.4,1.2,1.3,1.1,stable
27.0,28.3,27.6,55.6,49.2,49.7,54.3,51.2,53.0,5.6,4.9,4.8,stable
33.4,32.2,36.4,26.7,28.2,30.6,23.3,17.1,23.8,7.0,8.1,7.1,future_water_stress
30.7,33.1,32.7,61.2,60.6,63.3,17.1,20.0,23.4,7.3,5.9,6.2,future_water_stress
37.9,41.2,41.9,45.0,51.4,47.3,62.9,63.5,61.2,9.2,7.8,6.3,stable
34.7,32.2,35.2,43.7,43.9,44.6,102.0,102.4,99.4,4.3,5.3,6.4,stable
28.1,28.4,31.9,68.0,63.0,66.8,44.9,49.3,42.5,6.7,6.1,5.7,future_root_zone_stress
24.4,26.0,25.8,63.0,56.6,57.7,51.2,48.7,47.9,4.0,4.9,3.8,stable
31.3,31.7,33.4,70.7,70.3,69.8,72.8,68.4,75.8,4.5,6.3,6.1,future_root_zone_stress
35.1,34.8,35.7,72.6,77.2,78.9,59.9,55.5,58.6,8.9,6.6,7.4,future_root_zone_stress
28.6,28.5,30.1,76.4,80.4,76.6,83.0,81.4,85.1,5.5,4.3,3.6,stable
35.2,33.4,37.2,57.6,55.2,49.7,47.2,45.3,48.8,5.9,5.9,5.9,future_heat_stress
32.3,30.3,30.8,83.4,83.7,84.3,43.2,41.4,40.8,6.2,5.4,4.1,stable
34.2,32.3,33.2,66.9,57.8,64.8,55.6,49.6,51.1,4.2,3.2,2.3,stable
26.3,27.7,26.5,70.0,76.4,73.8,59.6,49.8,49.3,6.2,6.1,7.3,future_root_zone_stress
29.3,28.9,31.5,75.5,80.2,75.8,37.0,41.9,43.6,5.9,7.1,5.8,future_root_zone_stress
33.1,35.0,34.3,54.8,61.7,62.6,80.0,80.9,81.7,4.8,4.6,4.1,stable
31.8,27.3,30.8,72.9,66.2,68.1,82.9,83.3,78.2,5.8,6.3,5.1,stable
33.0,34.5,37.2,58.2,55.0,52.0,74.8,72.1,68.7,3.1,3.5,5.5,stable
32.2,32.2,28.7,48.7,43.5,45.3,47.7,36.8,42.5,5.4,8.1,7.1,future_water_stress
38.3,36.0,39.3,61.1,59.8,58.6,83.9,83.4,83.6,5.2,5.9,7.0,future_heat_stress
43.5,42.6,43.3,34.4,25.5,32.5,81.7,80.3,77.4,9.5,9.0,8.4,future_heat_stress
31.1,32.8,33.7,38.2,39.2,36.1,68.8,70.1,74.8,10.6,10.1,9.5,future_heat_stress
39.8,38.6,37.9,48.7,53.8,52.6,47.6,57.4,54.0,3.1,4.3,5.3,stable
37.3,36.3,37.2,30.9,33.5,31.9,47.2,48.2,45.2,5.0,4.8,4.7,stable
27.8,25.4,29.2,84.3,74.9,73.2,52.4,47.0,49.8,3.4,5.6,3.3,stable
34.1,31.5,34.0,83.0,79.4,78.1,73.0,72.1,78.0,0.9,1.5,1.4,stable
32.9,31.5,34.5,22.8,27.4,29.9,61.5,57.4,61.0,6.1,7.8,7.8,stable
26.0,27.9,26.2,58.0,61.6,62.1,70.2,71.8,69.2,2.7,2.2,3.2,stable
38.0,36.5,40.5,56.8,64.0,63.1,79.8,83.6,85.8,5.4,6.3,6.0,stable
45.3,47.7,49.5,34.1,38.6,36.7,77.1,79.0,78.3,10.3,10.5,10.6,future_heat_stress
35.8,36.0,35.1,52.8,51.8,49.7,54.3,56.4,50.4,6.6,7.3,6.0,future_heat_stress
38.9,38.4,39.6,91.5,81.1,83.4,82.2,84.0,81.7,4.6,6.3,5.0,stable
32.2,32.0,33.0,59.2,60.9,66.1,59.2,61.1,60.0,3.9,2.1,4.1,stable
33.4,29.8,30.6,50.5,48.6,52.7,31.1,25.9,31.4,2.1,4.4,3.7,future_water_stress
31.2,26.6,28.8,72.9,72.6,76.2,53.9,47.6,51.6,7.8,6.2,6.4,future_root_zone_stress
37.4,37.5,38.6,35.6,32.4,41.4,65.7,59.6,65.3,8.8,8.3,10.0,future_heat_stress
32.8,32.8,34.0,52.8,58.0,55.8,24.4,23.7,15.7,3.8,6.4,5.9,future_water_stress
28.1,29.7,29.3,82.7,81.7,76.1,58.0,60.2,56.9,6.4,5.1,3.8,stable
29.6,33.5,34.7,69.2,73.6,72.6,51.4,52.6,48.9,9.0,8.1,6.2,future_root_zone_stress
23.3,22.9,24.6,58.4,55.4,56.3,68.4,70.4,68.5,2.2,3.8,3.8,stable
40.7,38.2,38.7,50.3,51.3,44.2,49.6,56.6,49.1,7.9,7.3,5.4,future_root_zone_stress
33.0,32.4,34.0,63.2,57.3,55.7,72.9,76.6,70.2,2.4,4.2,2.5,stable
33.5,36.3,35.2,48.6,58.8,56.5,68.3,60.5,64.4,4.0,3.7,3.9,stable
38.8,36.9,39.6,46.7,49.3,52.5,67.6,67.3,66.2,5.6,6.1,7.0,stable
28.8,26.8,29.4,80.2,72.3,74.5,80.4,70.7,75.0,1.5,3.9,2.0,stable
31.0,30.2,33.9,41.3,40.0,43.0,54.8,54.1,48.5,3.7,5.8,5.0,future_root_zone_stress
31.4,30.6,32.5,39.9,39.3,41.7,75.3,65.9,72.4,8.0,7.3,6.4,stable
34.5,34.2,35.1,46.6,39.5,42.7,69.1,73.6,67.4,5.8,3.8,3.5,stable
33.7,34.2,36.9,50.9,40.9,46.2,93.4,90.3,87.9,6.8,5.3,6.1,stable
37.8,36.1,36.3,48.0,41.5,43.7,64.8,72.2,67.0,4.0,5.9,6.0,stable
25.0,25.2,30.1,85.1,79.8,85.3,67.7,64.8,66.4,4.0,4.6,5.7,stable
31.0,31.3,34.8,40.3,32.3,38.0,49.2,44.4,49.9,4.9,4.8,6.3,stable
36.0,38.8,38.4,60.2,53.3,56.7,65.6,60.0,62.9,7.1,4.4,6.8,stable
34.2,38.1,38.1,52.8,59.3,48.5,55.6,47.5,47.0,2.8,4.2,5.4,future_root_zone_stress
28.7,25.4,26.7,81.0,88.7,82.3,64.8,62.6,61.5,3.7,1.7,3.9,stable
29.5,30.5,29.8,46.6,45.0,41.9,80.2,76.9,71.5,2.4,5.2,3.0,stable
37.2,35.6,36.5,32.0,38.4,34.6,59.1,57.9,57.4,8.8,8.5,7.8,stable
36.8,35.6,34.8,88.5,89.3,82.4,50.3,48.5,47.6,8.7,7.3,7.3,future_root_zone_stress
28.1,28.2,28.7,70.8,61.1,64.2,78.1,87.4,80.9,5.5,5.0,4.4,stable
37.0,37.2,38.1,36.9,29.4,36.9,72.7,79.3,72.3,7.8,6.9,6.6,stable
29.9,27.8,29.0,47.0,45.7,45.7,52.1,51.8,53.5,3.4,6.2,4.7,stable
32.6,32.9,34.0,48.0,44.8,45.5,64.3,66.1,54.6,5.6,3.0,3.9,stable
32.7,38.9,35.8,63.3,63.2,64.4,53.8,51.8,58.8,6.3,5.4,5.4,future_water_stress
32.2,30.9,32.1,43.1,49.2,45.6,48.5,50.8,45.2,9.6,8.0,6.8,stable
43.1,41.7,44.8,26.8,28.8,28.4,55.0,58.2,57.0,11.5,10.8,8.7,future_water_stress
29.5,27.6,30.3,70.1,65.0,66.9,62.4,51.1,55.4,4.4,5.0,4.9,stable
33.9,32.5,33.7,54.0,58.5,60.0,83.0,81.8,80.1,3.4,3.0,1.7,stable
34.0,35.4,34.6,41.8,46.9,45.0,51.1,56.4,61.0,9.1,8.4,8.1,future_root_zone_stress
39.5,37.9,39.0,44.4,33.8,34.2,56.2,60.4,61.5,5.9,6.6,7.8,future_root_zone_stress
28.6,27.0,28.1,57.4,54.7,56.9,77.6,72.4,73.3,1.3,0.1,0.7,stable
32.2,32.9,32.7,69.7,74.0,64.4,66.1,66.5,64.8,3.3,3.6,2.9,stable
28.6,29.8,28.6,58.7,69.4,59.7,93.2,84.8,89.6,3.8,3.9,5.3,stable
31.1,31.7,32.7,45.7,49.8,53.5,62.4,66.1,64.7,2.2,3.3,4.5,stable
31.6,32.4,32.1,40.3,48.0,49.3,61.1,60.2,61.2,7.3,5.8,6.5,future_heat_stress
26.9,24.5,26.8,50.6,48.6,47.5,47.4,46.1,42.7,1.4,0.4,1.6,stable
27.1,29.5,30.2,37.8,39.5,35.9,77.9,68.0,72.2,-1.8,-2.4,-1.9,stable
30.4,31.8,30.5,59.5,61.1,66.5,66.5,61.5,60.7,1.3,2.3,1.5,stable
36.9,37.9,39.4,24.4,29.8,24.4,56.6,49.0,49.3,8.2,6.8,6.8,stable
31.6,28.1,32.6,69.6,73.5,69.1,27.9,25.7,29.8,9.1,8.9,8.2,future_root_zone_stress
34.4,34.9,34.2,35.6,36.1,31.1,61.8,67.5,62.4,2.8,3.9,2.9,stable
32.4,33.5,32.8,70.3,69.4,63.8,59.5,63.0,66.1,6.5,6.6,7.4,future_root_zone_stress
37.5,36.6,39.0,61.4,61.4,57.2,77.9,76.8,72.9,7.9,6.6,7.0,future_root_zone_stress
24.6,26.1,30.1,82.4,72.0,75.5,53.4,55.2,52.8,3.2,3.6,5.6,stable
44.9,45.4,44.7,38.0,39.1,40.0,56.7,62.2,61.5,6.8,8.2,6.3,future_heat_stress
29.4,32.3,32.7,43.2,54.0,51.8,37.9,29.3,32.1,6.3,4.4,4.1,future_water_stress
26.0,27.8,31.0,62.7,63.2,59.2,70.9,71.5,70.2,3.9,5.1,4.1,stable
37.5,40.3,40.7,43.3,51.9,43.1,71.5,76.9,76.1,8.5,6.4,7.3,stable
35.6,35.5,37.9,28.0,29.3,23.0,42.7,38.4,40.9,6.3,5.8,5.8,future_water_stress
30.8,33.2,32.0,71.0,77.3,81.7,73.3,76.0,69.4,4.5,4.5,4.5,stable
36.7,36.7,41.7,57.0,59.6,52.4,78.4,71.5,76.0,5.2,4.4,4.1,stable
24.6,26.0,27.4,47.0,53.7,56.2,57.3,53.7,51.1,6.6,6.0,5.7,stable
19.6,18.7,19.7,69.3,64.8,61.0,67.6,78.7,74.7,3.7,5.2,3.9,stable
36.5,37.9,40.7,47.0,51.9,52.9,63.6,67.8,67.6,6.6,6.1,8.0,future_heat_stress
35.2,38.2,39.1,42.6,49.0,50.7,63.0,64.9,61.9,8.1,9.0,8.5,future_heat_stress
34.6,36.2,35.8,59.6,48.3,56.1,66.3,67.5,68.2,5.1,5.4,4.5,future_root_zone_stress
25.0,27.2,27.7,46.1,37.9,46.2,65.0,63.6,61.5,5.6,3.3,3.8,stable
29.7,33.2,30.7,71.5,66.7,66.7,54.4,55.6,55.5,3.1,4.3,4.8,stable
34.8,33.3,37.4,49.1,38.8,40.2,52.0,51.2,52.9,5.7,6.4,7.5,future_water_stress
34.3,37.4,37.4,73.1,63.4,63.2,55.4,58.0,57.8,5.9,5.8,4.1,stable
29.6,34.6,34.3,66.2,68.5,70.6,80.5,77.0,75.9,4.3,4.9,3.4,stable
42.2,40.5,43.7,28.4,29.3,29.7,78.9,74.2,78.0,5.8,6.4,6.1,future_heat_stress
22.8,24.2,22.6,67.8,75.4,74.5,47.2,48.0,52.4,3.6,3.9,3.2,stable
31.1,32.6,31.2,49.5,49.6,44.4,27.3,25.6,28.4,4.5,5.0,6.3,future_water_stress
32.0,27.8,32.7,65.0,61.5,64.4,65.8,63.3,66.1,4.5,5.0,3.6,stable
30.5,29.4,29.9,50.1,47.6,51.1,84.5,91.7,92.4,3.1,0.4,2.0,stable
27.2,28.3,27.9,56.0,57.1,61.8,60.5,53.2,59.6,3.9,3.5,2.0,stable
36.0,36.4,35.4,60.3,53.5,53.8,71.1,75.7,70.5,7.0,5.5,5.1,future_root_zone_stress
33.6,31.4,35.3,64.9,69.1,73.2,85.9,83.2,89.9,4.1,3.0,1.6,stable
32.9,31.3,32.4,22.9,28.1,32.3,16.8,21.0,19.0,4.8,4.7,5.8,future_water_stress
29.1,27.2,28.2,73.5,69.8,72.4,41.4,45.7,46.3,3.5,3.2,3.4,stable
32.8,28.8,31.5,48.8,50.4,49.1,73.2,72.0,68.9,3.0,3.9,5.0,future_root_zone_stress
24.5,28.2,27.9,74.6,80.8,78.7,43.0,54.6,51.5,4.7,6.4,6.5,future_root_zone_stress
40.7,41.3,42.1,62.2,58.4,56.2,59.4,52.9,52.3,5.5,6.2,5.5,future_root_zone_stress
29.7,31.1,32.4,55.3,58.9,58.3,76.7,79.9,81.2,2.9,1.5,3.4,stable
36.4,35.2,36.9,44.0,46.1,49.8,68.8,68.8,75.0,4.8,5.7,5.5,future_heat_stress
31.9,32.2,33.6,58.7,57.9,60.4,51.4,54.0,56.3,7.7,5.9,5.7,stable
32.2,34.1,35.2,64.2,63.5,67.5,28.6,33.0,33.9,5.6,6.9,6.0,future_root_zone_stress
24.7,21.7,26.7,45.0,46.6,52.1,55.1,64.7,63.6,3.7,4.5,4.8,stable
33.3,33.0,34.0,70.1,67.6,62.5,93.4,87.9,94.7,3.6,2.0,2.8,stable
29.1,26.0,26.6,66.0,61.3,58.0,104.9,107.5,103.8,3.0,3.1,3.6,stable
34.1,33.6,35.2,66.8,56.3,58.4,68.1,71.1,68.1,5.8,7.6,5.8,future_root_zone_stress
31.1,28.4,30.9,68.1,72.7,66.5,70.9,72.4,75.7,4.1,4.7,4.9,stable
28.0,30.4,29.6,73.5,69.0,75.5,43.5,43.2,47.4,4.2,2.1,1.7,stable
34.9,34.3,36.6,58.4,60.2,63.1,58.7,53.8,56.7,6.4,5.7,6.3,future_heat_stress
27.3,28.6,30.8,80.0,86.6,85.5,47.7,44.9,48.1,4.4,6.2,4.6,stable
32.5,36.4,37.2,51.8,60.9,62.4,61.3,63.4,56.1,8.2,6.9,6.7,future_water_stress
30.5,30.2,31.2,65.0,58.8,61.2,88.2,90.3,92.5,5.4,2.3,3.0,stable
27.6,28.4,27.6,79.9,84.3,77.0,83.5,86.5,85.9,4.0,3.7,4.1,stable
37.8,39.2,40.7,18.9,23.6,23.6,82.3,76.8,74.2,14.2,13.8,14.4,future_heat_stress
24.4,27.2,27.5,60.4,53.8,52.8,53.2,48.0,50.3,2.6,3.7,3.8,stable
23.3,24.1,25.0,60.9,70.4,66.2,61.7,60.6,63.0,4.0,3.9,4.0,stable
40.4,41.4,39.4,44.1,48.7,46.1,79.5,81.9,80.9,7.1,8.1,7.6,future_heat_stress
32.6,36.2,38.0,50.1,53.5,50.1,40.3,37.7,36.8,7.4,4.5,4.7,future_root_zone_stress
24.6,23.4,27.1,81.4,82.9,79.5,73.8,81.4,74.9,2.5,3.9,4.3,stable
31.8,32.8,31.7,81.5,74.0,76.4,33.0,36.7,35.3,5.1,4.8,5.0,future_root_zone_stress
31.1,35.1,33.3,43.8,46.9,41.8,47.1,44.3,40.7,5.8,3.8,4.6,stable
34.6,36.0,39.7,32.5,25.3,30.3,59.7,59.1,62.0,5.7,3.7,5.5,stable
42.2,38.8,39.8,47.8,51.0,49.4,62.4,61.4,65.0,9.5,7.8,8.6,future_heat_stress
26.7,26.9,30.2,53.0,57.5,54.8,64.3,62.3,61.5,5.7,4.3,5.7,stable
18.2,20.9,23.6,70.8,74.2,72.2,47.5,43.5,50.2,4.8,4.4,3.6,stable
27.4,26.2,26.3,59.0,66.2,66.6,67.2,76.4,76.0,5.8,6.0,5.0,stable
30.8,32.3,33.0,49.7,52.2,45.7,17.5,3.0,12.6,6.0,6.6,7.8,future_water_stress
32.9,30.5,30.8,36.5,45.8,42.8,55.0,53.5,54.0,1.2,3.4,2.8,stable
24.5,26.4,25.3,66.6,74.6,68.6,54.6,45.1,48.0,3.3,4.2,5.3,stable
28.9,33.1,30.3,63.8,63.3,57.2,47.7,38.9,43.5,2.6,4.9,3.7,stable
31.5,34.8,34.3,65.9,59.8,60.3,56.9,61.8,58.3,7.1,6.4,6.9,future_root_zone_stress
32.6,31.4,30.8,77.6,81.2,79.0,44.4,52.4,49.8,7.0,6.8,6.1,future_root_zone_stress
24.6,26.8,25.4,50.5,54.4,54.2,84.8,85.5,83.7,4.6,4.2,3.5,stable
34.4,35.6,35.6,43.5,50.7,49.1,70.2,60.8,62.1,4.7,5.7,5.4,stable
37.2,35.6,38.7,50.8,48.0,52.4,66.1,72.3,61.8,6.7,7.9,5.2,future_water_stress
27.8,30.2,29.0,86.0,89.4,82.4,67.1,71.7,64.9,3.4,3.2,5.1,stable
26.6,30.5,29.0,57.7,62.6,68.0,57.8,58.0,61.3,4.6,3.8,4.7,stable
30.4,33.7,36.0,62.0,68.8,72.2,88.0,93.7,94.3,6.3,3.4,4.7,stable
44.9,44.8,44.9,49.1,39.7,45.5,86.4,85.8,78.7,9.0,8.2,7.2,future_heat_stress
36.6,38.4,38.3,53.9,48.6,57.4,73.6,83.5,80.0,7.2,7.0,6.4,future_heat_stress
35.2,34.3,39.0,39.1,40.5,34.6,72.9,78.4,76.5,7.2,9.7,9.0,future_heat_stress
31.2,34.1,35.2,43.5,47.5,47.2,46.1,45.6,48.0,4.8,4.2,4.6,stable
25.0,27.7,27.8,56.8,58.4,57.5,81.9,81.7,85.8,3.8,3.4,3.4,stable
41.3,39.8,41.9,59.2,57.8,53.1,70.2,68.6,69.5,8.5,7.2,9.5,future_heat_stress
35.6,34.9,35.6,72.1,74.5,68.3,74.5,70.2,72.4,3.6,2.3,3.9,stable
36.4,36.8,36.2,52.3,46.2,50.8,22.5,27.0,21.7,9.2,8.3,9.4,future_water_stress
20.3,19.1,23.2,56.2,58.3,56.1,52.4,55.2,56.5,3.5,4.6,3.7,stable
34.7,34.5,32.8,62.0,55.4,56.2,91.0,95.3,94.5,6.4,3.9,3.4,stable
33.3,31.1,33.4,9.8,7.5,14.4,54.7,59.0,54.7,7.7,8.5,7.7,future_heat_stress
31.8,28.9,30.4,69.9,69.5,73.1,43.4,45.0,43.1,8.9,8.9,7.2,future_root_zone_stress
31.8,30.0,29.9,69.1,63.0,65.5,47.3,40.4,41.9,4.2,3.2,4.2,stable
36.3,37.3,37.4,51.6,52.2,48.8,50.3,41.2,48.7,6.9,7.2,6.3,future_water_stress
33.8,35.6,37.5,52.0,44.8,47.3,86.8,89.9,81.4,3.6,6.0,6.3,stable
33.6,30.6,30.5,67.5,63.4,59.5,19.2,19.8,18.5,5.8,4.6,5.9,future_water_stress
26.4,26.4,26.2,45.9,41.6,48.0,62.2,53.6,60.3,6.0,4.9,4.4,stable
31.8,37.4,34.1,59.6,58.3,54.7,80.2,79.7,80.8,7.6,6.4,6.1,stable
30.1,31.1,31.6,63.4,63.0,61.7,47.8,49.9,43.3,9.7,8.0,8.1,future_water_stress
30.3,32.5,32.5,58.6,52.5,57.5,55.7,50.0,50.5,9.8,5.9,8.5,future_heat_stress
33.6,31.4,35.2,57.1,63.6,63.1,61.6,61.9,65.1,6.6,7.4,7.3,future_root_zone_stress
32.9,33.8,33.7,49.4,56.1,50.5,29.1,28.8,29.3,7.4,6.9,6.9,future_water_stress
36.6,39.5,37.3,43.5,40.2,40.3,56.2,57.1,54.2,6.3,8.0,6.4,future_water_stress
22.7,24.6,24.5,57.7,62.3,59.3,83.9,75.9,81.7,5.4,4.6,4.8,stable
31.7,33.6,34.2,51.9,55.8,48.7,62.2,61.7,70.7,3.7,3.9,1.7,stable
27.1,29.8,27.5,53.7,51.6,59.0,46.6,53.3,51.9,2.4,3.0,2.7,stable
31.4,29.6,29.0,69.0,68.8,66.2,63.2,59.7,54.8,3.4,2.7,3.4,stable
27.1,28.8,29.1,74.5,63.6,68.8,42.4,41.6,42.6,5.8,4.3,4.1,stable
34.5,31.6,31.3,47.3,59.2,51.5,81.7,73.0,80.6,3.2,5.0,4.8,stable
36.8,38.5,39.9,48.2,47.2,46.7,65.9,70.1,67.1,8.0,6.9,7.7,future_root_zone_stress
26.3,29.1,29.2,43.9,36.7,37.2,39.4,43.1,35.9,5.4,6.1,4.8,future_water_stress
35.7,37.1,38.2,60.4,62.3,65.5,59.6,61.4,63.9,8.0,5.0,6.7,stable
32.9,33.6,33.3,33.8,30.7,36.0,62.2,69.2,61.3,11.5,9.5,8.3,future_heat_stress
42.2,40.3,41.5,54.9,57.4,55.4,69.6,67.0,68.7,7.9,10.3,10.3,future_root_zone_stress
34.1,32.4,33.4,44.2,47.1,46.9,45.3,43.1,45.8,4.2,3.8,3.1,stable
29.2,29.1,31.5,45.1,46.0,44.2,69.5,70.4,65.2,4.0,4.1,2.8,stable
31.2,31.0,32.7,47.3,44.0,49.7,54.6,58.5,59.7,9.6,10.3,9.2,future_heat_stress
42.3,44.0,41.8,31.1,25.7,25.6,43.1,47.3,50.9,9.7,6.1,7.5,future_water_stress
30.4,32.2,30.9,66.6,58.8,64.2,28.5,29.5,29.4,3.1,3.8,3.5,future_water_stress
23.1,24.4,23.3,61.8,68.3,60.5,50.2,50.7,52.3,0.8,3.8,2.6,stable
30.2,27.5,29.0,55.1,48.5,47.8,70.2,69.0,67.7,4.4,5.2,3.7,stable
27.2,28.8,28.8,59.6,58.2,49.6,57.0,58.3,51.6,5.7,4.3,3.2,stable
33.7,35.2,31.9,62.2,61.2,59.8,46.8,39.9,44.2,5.3,5.2,5.9,stable
27.2,26.6,29.5,59.9,60.4,61.0,78.1,74.9,74.5,0.7,1.7,2.6,stable
27.0,24.8,26.7,59.4,53.1,52.6,73.5,78.0,78.0,5.7,4.1,5.0,stable
38.2,36.6,36.0,56.9,52.3,61.6,63.2,58.8,53.3,5.3,4.8,6.0,stable
27.4,25.5,27.0,72.7,68.6,64.4,50.7,52.8,42.7,7.3,6.3,7.6,stable
28.6,31.5,31.2,61.6,61.6,61.7,99.8,102.3,99.9,2.9,4.0,1.8,stable
37.8,38.0,37.8,60.7,61.6,55.1,36.4,31.6,28.3,3.9,6.4,5.3,future_root_zone_stress
39.4,39.3,40.8,39.7,34.5,30.2,75.8,78.6,78.6,9.3,9.0,8.0,future_heat_stress
29.2,31.4,33.3,22.6,24.2,28.4,50.0,47.5,46.7,6.9,5.7,5.4,stable
33.9,32.5,33.7,43.1,45.0,46.6,79.1,76.3,78.0,4.9,4.2,4.2,stable
31.9,33.8,31.4,48.7,50.2,50.9,36.1,39.9,41.6,5.9,4.9,5.5,future_water_stress
25.7,26.7,29.1,88.9,96.2,91.9,67.7,67.4,70.5,4.7,1.9,2.4,stable
33.3,35.0,38.1,38.9,35.7,42.3,81.0,75.3,78.8,7.3,5.3,6.5,future_heat_stress
28.8,29.8,30.6,64.6,69.3,65.1,43.3,43.7,44.0,0.3,2.2,3.0,stable
28.5,28.8,31.6,77.2,74.4,69.9,74.4,77.8,74.9,2.1,2.1,3.3,stable
25.5,26.0,27.0,70.8,73.7,75.6,65.2,63.8,62.6,3.6,1.8,2.5,stable
20.9,22.7,22.5,56.2,48.0,59.0,74.3,77.1,73.5,5.0,5.5,4.9,stable
33.3,32.1,32.6,60.0,60.1,67.1,85.8,78.5,81.3,5.8,7.0,7.3,stable
31.1,34.0,34.9,58.2,54.2,56.8,63.3,65.5,58.2,4.6,4.5,6.0,future_root_zone_stress
33.1,33.1,34.6,49.6,51.6,50.2,68.5,66.9,67.9,4.4,5.7,4.9,future_root_zone_stress
33.5,31.9,30.7,60.9,63.0,60.6,53.0,58.9,53.2,3.4,3.6,3.3,future_root_zone_stress
34.9,37.6,38.5,58.5,53.8,56.4,64.6,69.1,67.4,5.8,5.2,6.6,future_heat_stress
32.8,32.8,36.1,57.1,57.0,49.5,47.2,42.9,43.0,7.7,9.7,7.0,future_heat_stress
30.4,33.6,33.4,39.0,37.0,38.4,53.5,56.2,60.3,3.5,1.5,1.5,stable
48.1,46.9,48.0,38.2,41.5,31.5,45.6,47.3,46.3,9.6,9.9,9.2,future_heat_stress
38.6,43.1,40.4,55.6,59.0,58.1,49.9,48.2,49.6,3.8,5.1,4.8,stable
28.9,33.3,34.1,63.3,53.1,60.4,32.9,31.5,34.7,5.3,6.3,6.1,future_water_stress
27.8,27.9,28.1,60.9,61.0,60.6,50.6,48.5,44.5,1.3,2.2,3.2,stable
31.2,29.4,31.5,58.4,63.4,64.0,41.6,46.2,40.6,6.9,4.3,6.8,future_water_stress
48.7,45.0,47.5,38.9,48.0,41.8,79.8,85.5,82.9,13.0,11.1,10.5,future_heat_stress
28.6,26.4,29.1,76.1,78.6,72.6,62.5,64.8,66.3,5.1,3.7,3.4,stable
30.0,29.4,31.1,75.6,69.8,75.5,40.6,38.0,46.7,2.6,4.0,2.6,stable
29.3,28.0,29.0,38.1,38.3,41.8,74.1,74.3,79.7,4.7,7.2,7.2,future_heat_stress
27.8,26.7,28.9,56.6,57.8,53.7,57.9,63.7,56.8,3.8,3.9,3.7,stable
37.2,36.8,37.4,47.2,42.9,44.7,77.7,81.6,79.4,6.2,5.0,6.0,stable
27.3,25.7,27.1,54.7,48.8,44.5,57.9,56.8,63.7,0.6,1.3,-0.5,stable
31.4,29.9,29.5,67.1,54.6,60.4,79.3,72.8,72.5,4.7,5.7,5.1,stable
38.9,43.5,40.5,60.4,55.6,63.2,88.6,76.6,79.6,8.8,8.6,6.9,future_root_zone_stress
27.1,25.2,27.1,68.0,72.9,67.9,45.2,52.6,43.6,4.8,4.5,3.5,stable
29.5,32.3,30.4,57.5,52.0,58.2,64.4,66.8,63.7,5.7,5.6,4.2,stable
27.5,25.8,29.4,71.0,62.2,69.5,46.8,44.9,46.6,4.5,4.1,4.0,stable
29.1,30.2,30.4,80.4,77.9,77.8,84.9,89.2,84.2,2.0,1.9,2.8,stable
25.9,28.1,29.2,49.9,60.9,57.8,19.9,22.8,16.5,5.2,6.9,7.1,future_water_stress
34.1,34.3,35.4,58.1,55.5,58.6,72.5,72.5,73.2,4.7,4.4,4.5,future_heat_stress
35.3,33.6,34.4,53.2,44.3,52.5,64.4,63.0,63.6,7.5,5.9,7.2,stable
25.0,25.6,26.1,41.2,40.4,44.5,77.7,79.1,83.3,2.2,2.2,3.5,stable
39.0,40.0,39.0,37.4,35.7,42.3,37.8,35.5,29.5,7.2,8.1,7.6,future_root_zone_stress
39.3,39.6,39.7,36.5,44.0,37.7,54.1,61.6,58.2,3.6,4.6,3.6,stable
40.1,40.5,40.5,57.1,50.7,47.9,77.3,75.4,72.7,8.5,7.8,7.1,future_water_stress
27.9,30.0,28.4,74.6,78.4,82.0,94.7,100.1,97.8,2.3,2.9,4.5,stable
32.9,30.4,32.7,40.1,44.2,52.2,45.5,47.2,50.8,1.8,4.4,3.7,future_water_stress
31.4,29.8,31.3,71.0,76.5,69.1,56.7,48.2,51.9,5.9,2.1,2.5,future_root_zone_stress
30.2,31.4,32.6,56.3,54.4,53.3,92.9,91.0,85.7,6.9,5.5,5.4,stable
25.2,28.6,26.1,60.8,68.9,65.7,44.8,46.4,40.5,3.6,3.3,1.6,stable
20.4,17.5,19.4,67.8,62.7,69.9,65.7,67.0,60.3,3.0,3.6,3.2,stable
33.0,32.3,34.1,47.0,45.7,37.5,59.7,64.0,63.4,4.0,5.3,4.6,stable
34.3,33.7,36.0,68.6,64.5,61.6,34.8,41.8,39.9,8.9,6.6,7.4,future_water_stress
36.0,36.0,39.3,43.1,47.7,44.1,61.8,64.1,65.3,5.4,7.4,5.4,stable
33.0,35.2,36.2,49.4,53.4,56.1,53.7,66.5,59.8,3.0,2.6,3.1,future_water_stress
34.5,36.8,37.2,67.8,67.0,60.5,21.7,16.6,19.0,3.0,5.4,4.8,future_water_stress
37.7,36.5,36.2,41.7,38.8,41.2,57.0,54.6,61.1,6.1,4.2,5.6,stable
27.1,30.6,30.5,55.6,51.4,58.9,42.7,42.4,44.3,0.5,2.6,3.5,stable
30.7,33.6,34.7,72.4,74.7,75.7,85.0,80.5,80.1,8.9,8.0,8.8,future_heat_stress
31.0,32.8,35.9,52.2,46.8,48.3,50.6,48.6,46.8,2.6,4.9,5.3,future_water_stress
28.8,28.0,31.3,56.6,59.1,62.7,71.5,65.4,65.5,4.9,1.8,3.1,stable
31.9,33.2,34.0,48.1,40.5,46.9,70.2,67.0,72.0,6.1,5.5,4.6,future_heat_stress
30.0,29.9,32.2,63.8,64.4,64.4,47.8,46.6,50.4,4.5,6.1,5.6,stable
42.6,42.1,41.2,28.3,19.5,25.0,14.9,18.4,16.1,11.1,11.1,9.3,future_water_stress
28.5,29.8,31.5,64.4,72.4,66.1,60.7,70.3,65.0,4.8,4.8,5.1,stable
34.2,32.2,33.1,55.3,49.5,54.8,51.2,41.8,41.4,6.0,8.7,8.3,future_water_stress
36.9,34.3,36.9,34.1,31.1,29.3,54.3,58.0,58.0,6.5,7.7,6.7,future_root_zone_stress
29.3,32.8,32.8,59.5,51.9,55.7,74.7,72.5,73.3,6.4,5.5,4.8,stable
31.3,29.3,32.0,40.6,43.5,33.7,30.5,29.3,31.7,4.5,4.9,5.5,future_water_stress
27.0,29.4,31.3,66.1,56.3,61.3,70.2,76.3,72.8,3.3,3.5,4.1,stable
29.4,31.4,32.1,74.0,83.4,71.0,74.3,67.4,65.5,1.4,2.7,3.6,stable
29.6,30.4,32.0,36.2,40.6,35.6,43.3,39.1,43.3,5.4,7.5,6.9,future_water_stress
36.8,36.9,36.4,36.0,45.0,44.2,54.7,57.4,53.0,7.0,4.3,5.2,future_root_zone_stress
27.6,30.9,30.3,63.8,57.6,70.1,72.6,67.6,72.2,5.1,3.4,4.8,stable
28.7,28.7,32.0,40.8,42.3,44.4,47.1,45.5,43.6,6.4,6.3,4.9,stable
34.5,32.7,35.3,75.6,73.6,69.2,79.7,75.5,69.4,3.7,3.8,3.3,stable
32.7,31.7,35.1,52.3,54.8,55.5,51.4,48.8,44.9,4.7,2.5,2.7,stable
28.2,30.3,30.7,68.8,70.1,60.1,69.0,78.7,76.5,1.7,2.7,2.7,stable
30.8,31.3,32.7,65.4,67.7,69.9,40.9,46.4,45.7,6.9,4.1,5.2,stable
32.5,33.0,33.2,63.0,59.8,57.3,71.8,72.7,77.1,5.0,5.9,5.7,stable
40.1,43.4,44.8,55.1,60.1,56.2,87.5,77.3,78.4,5.4,4.5,4.9,future_root_zone_stress
38.5,38.5,41.5,52.8,56.2,54.7,54.0,60.1,56.6,11.8,10.6,9.6,future_heat_stress
30.9,28.4,32.9,65.8,60.9,64.2,45.8,41.1,42.5,2.3,3.0,1.9,stable
31.1,30.2,30.4,61.8,65.7,61.9,51.8,53.7,55.7,9.0,8.8,8.1,future_water_stress
35.0,37.9,37.9,52.8,50.4,54.8,33.5,38.5,34.5,8.6,8.0,6.4,future_root_zone_stress
35.2,36.0,35.5,71.0,66.3,67.9,43.8,46.1,52.2,3.5,4.0,2.5,future_root_zone_stress
31.1,29.4,28.8,69.8,63.9,64.7,69.1,65.7,68.0,1.2,3.2,2.5,stable
33.2,33.7,32.4,69.1,69.5,68.5,48.6,45.7,44.5,3.5,4.1,2.5,stable
33.6,31.1,33.8,52.5,49.9,49.5,76.6,82.2,79.8,6.5,7.3,5.9,stable
25.9,23.9,26.4,74.8,78.4,73.5,74.1,67.5,71.6,3.0,3.0,3.2,stable
30.7,30.8,30.7,47.9,43.3,47.4,62.5,70.1,63.9,4.6,5.2,4.5,stable
31.3,30.4,30.6,34.1,31.5,36.8,35.9,31.5,36.4,8.3,8.3,8.6,future_water_stress
22.9,25.7,28.6,55.8,43.8,52.6,78.3,79.4,77.1,0.0,2.5,3.1,stable
27.3,27.9,30.7,66.8,61.6,63.2,51.7,51.9,52.3,6.3,5.9,5.7,future_water_stress
27.2,28.5,30.1,69.0,68.7,74.3,56.8,47.4,53.7,3.7,2.9,2.3,stable
43.5,45.2,47.9,30.1,27.6,27.3,48.3,49.4,54.9,9.2,8.5,10.5,future_heat_stress
36.2,35.6,37.2,62.3,63.9,60.1,76.8,75.4,76.9,4.7,6.9,6.6,stable
34.5,34.8,32.8,66.1,70.9,68.3,43.2,39.7,45.1,5.1,5.6,6.2,stable
28.9,26.4,29.9,51.4,53.4,56.7,46.7,37.3,44.9,3.0,2.1,2.9,stable
33.1,34.2,32.6,58.2,60.0,56.0,47.9,49.3,53.0,7.5,6.0,7.3,future_heat_stress
31.3,31.6,35.4,80.3,87.1,77.7,45.4,43.8,46.6,2.0,1.5,0.8,stable
31.5,30.5,31.7,91.2,88.0,88.1,64.6,65.7,67.6,2.8,4.0,3.9,stable
33.0,32.5,33.4,59.5,49.1,49.5,90.0,85.6,87.1,2.6,1.5,3.1,stable
31.9,35.3,32.0,56.0,49.3,55.2,77.0,72.1,76.8,3.0,2.0,2.6,stable
29.3,30.9,30.7,57.0,60.3,60.7,43.2,42.1,46.4,4.6,4.2,3.5,stable
34.5,35.3,35.1,58.1,61.8,71.2,81.4,85.8,88.2,4.6,6.5,7.0,future_heat_stress
30.0,32.1,34.5,60.7,62.0,62.1,70.0,66.6,73.8,6.8,5.3,5.1,stable
26.9,32.6,32.5,67.2,61.4,65.5,57.1,53.0,48.3,5.8,4.2,4.6,future_root_zone_stress
31.1,29.8,31.7,65.3,54.8,63.1,53.2,59.7,55.3,3.8,7.5,5.7,future_heat_stress
26.6,27.3,29.6,60.4,63.6,61.1,43.1,51.6,44.9,0.3,3.5,2.4,stable
38.1,38.9,38.0,58.4,58.5,58.1,50.4,57.0,56.6,9.2,9.1,9.2,future_heat_stress
24.1,27.3,28.0,57.8,59.1,64.0,53.1,57.2,52.9,3.4,5.5,4.7,stable
31.6,35.3,33.5,32.3,23.8,28.7,71.4,71.6,71.5,3.9,4.8,4.8,stable
27.6,27.6,27.0,66.7,61.5,61.5,91.9,93.9,88.1,3.6,5.4,5.0,stable
28.1,25.5,28.4,60.4,61.0,65.4,32.7,28.7,29.5,4.3,3.0,2.9,stable
30.5,32.4,35.2,46.1,36.0,38.8,46.4,53.5,47.1,7.3,3.5,5.6,stable
26.1,23.1,27.6,56.1,56.3,55.5,24.3,31.8,28.0,4.5,5.1,5.9,future_water_stress
29.5,26.8,30.7,80.8,80.8,85.6,73.1,75.4,72.7,0.6,2.0,1.3,stable
37.3,38.5,37.2,36.4,40.1,35.2,80.6,79.0,76.0,8.0,10.0,8.5,future_heat_stress
30.3,31.9,32.1,55.1,57.9,49.7,53.2,52.1,52.0,5.0,3.3,2.3,stable
26.9,29.0,28.3,65.3,61.6,57.6,55.5,50.4,58.9,6.0,2.9,3.1,stable
32.7,33.9,36.9,63.3,59.4,57.9,52.5,57.7,53.6,10.6,9.9,9.7,future_root_zone_stress
29.3,29.7,28.0,58.4,61.3,60.8,84.5,84.5,83.1,3.9,4.7,4.5,stable
38.6,40.8,45.2,36.2,42.4,34.9,75.5,71.4,78.7,8.1,8.2,7.7,future_heat_stress
23.4,24.0,24.4,51.9,59.7,61.8,45.7,42.1,44.1,2.7,3.0,2.2,stable
37.7,40.3,39.8,72.3,68.3,76.1,81.7,78.7,79.8,6.0,10.1,8.3,future_heat_stress
29.9,28.9,28.1,81.9,86.0,90.9,68.2,70.4,71.8,3.3,0.5,2.1,stable
35.2,36.1,34.7,70.0,65.7,71.6,19.6,27.1,28.2,5.3,5.1,4.5,future_root_zone_stress
36.5,35.1,38.3,36.7,37.9,36.4,64.7,62.6,56.0,5.2,3.7,4.9,stable
26.5,24.0,25.9,58.3,65.2,67.3,48.6,51.7,55.7,4.3,1.9,2.2,stable
29.9,31.0,30.9,63.3,65.4,61.3,58.7,53.0,60.5,4.1,3.5,2.4,future_root_zone_stress
36.6,40.3,38.9,73.4,78.0,67.7,60.9,61.4,58.4,7.0,7.9,7.1,future_root_zone_stress
32.3,35.5,36.7,40.0,50.8,42.0,70.4,74.5,74.4,4.0,4.4,5.1,stable
26.6,29.1,31.0,82.3,76.3,78.0,67.4,61.5,68.4,3.1,5.7,5.5,stable
34.3,31.9,33.4,57.9,60.7,59.8,37.4,43.9,40.8,7.5,6.8,6.4,future_water_stress
31.8,35.2,35.8,62.4,60.9,56.3,93.2,90.4,94.0,3.7,3.9,4.0,stable
30.1,31.6,34.3,59.6,55.8,55.5,83.1,83.9,85.4,4.8,3.7,3.7,stable
32.8,30.9,33.6,63.3,55.0,56.1,72.9,70.0,75.9,5.4,6.0,5.3,future_root_zone_stress
32.4,34.2,32.2,45.4,43.2,44.3,68.0,69.2,66.0,6.0,8.2,7.3,future_heat_stress
27.2,28.9,32.6,67.5,58.9,65.3,84.4,84.5,77.6,3.9,3.1,2.3,stable
34.1,35.0,38.1,27.5,26.6,37.7,59.0,61.6,61.3,4.3,4.8,6.0,future_heat_stress
26.1,22.8,24.5,55.1,59.2,60.4,66.1,61.5,65.8,3.3,4.9,4.3,stable
23.8,22.5,26.1,68.1,64.6,60.3,39.6,49.6,40.8,1.6,4.3,3.4,stable
23.3,27.6,26.0,73.8,73.8,77.9,33.5,41.6,44.0,5.2,2.6,2.9,stable
36.9,37.8,37.4,47.9,46.9,49.8,31.5,33.5,27.0,5.0,4.6,4.8,future_root_zone_stress
41.8,42.6,41.2,17.6,24.9,22.3,68.0,67.2,67.1,7.1,6.8,5.7,future_heat_stress
27.1,28.8,28.1,66.9,72.2,68.5,75.7,72.9,73.5,5.5,2.4,4.3,stable
25.2,23.6,28.8,75.3,77.5,68.6,46.6,56.1,46.6,-0.7,3.6,2.3,stable
32.3,35.5,34.9,52.1,47.5,53.9,57.9,62.2,65.9,4.8,8.4,7.1,stable
32.6,31.8,35.0,42.8,53.2,51.7,75.9,82.8,78.4,3.3,2.3,2.4,stable
27.2,29.0,31.6,75.2,74.2,75.2,48.9,50.6,53.2,2.4,3.3,4.3,stable
29.6,28.9,31.4,74.9,77.7,79.7,96.1,95.1,94.8,3.4,5.0,4.1,stable
34.8,38.7,36.7,44.0,35.5,39.0,63.8,67.9,65.0,6.9,5.0,6.4,future_heat_stress
33.5,34.1,36.0,42.2,45.0,44.9,76.5,72.2,77.2,9.7,8.8,9.0,future_heat_stress
24.9,26.8,28.0,56.7,68.8,66.5,55.6,61.4,57.3,2.6,0.3,3.0,stable
38.9,38.6,36.2,35.8,41.2,44.4,46.1,39.4,42.9,9.6,8.9,10.6,future_root_zone_stress
29.1,31.2,29.7,50.9,57.1,48.4,60.8,62.2,59.4,5.0,2.3,4.4,stable
32.3,33.5,33.4,44.7,55.6,54.4,61.6,54.0,57.4,2.9,3.8,5.0,stable
39.2,37.7,38.2,49.3,46.2,53.2,73.4,86.1,82.5,7.4,7.2,8.4,future_heat_stress
23.8,24.0,25.7,54.9,51.4,55.3,62.7,66.9,63.2,1.9,5.2,4.8,stable
22.8,23.4,22.2,62.6,61.1,69.2,44.3,46.4,45.7,4.6,3.0,2.5,stable
36.1,35.3,35.8,49.2,43.8,49.4,80.6,72.7,78.2,9.2,5.8,5.9,stable
37.4,37.5,38.8,43.7,38.9,41.0,56.9,59.1,68.7,6.4,7.7,6.7,future_heat_stress
30.9,29.3,31.5,76.7,82.4,80.3,59.2,65.5,61.6,3.6,6.3,4.8,stable
28.4,25.0,26.3,65.2,63.2,63.0,51.5,59.3,57.2,1.4,1.7,2.6,stable
35.9,36.5,34.0,60.9,58.7,61.4,59.9,60.1,58.1,-2.3,-1.1,-1.4,stable
25.4,23.6,26.6,70.2,59.5,64.5,31.9,34.4,29.5,5.6,8.2,6.0,future_root_zone_stress
41.4,42.1,44.5,51.8,55.9,50.2,22.8,26.1,22.8,7.8,5.1,6.3,future_root_zone_stress
26.1,26.2,26.0,88.1,74.9,79.6,54.9,62.4,59.8,1.7,3.6,2.2,stable
24.8,27.0,25.3,58.0,57.7,57.0,62.2,66.5,63.6,4.6,4.3,3.6,stable
31.9,31.7,33.7,42.3,43.3,45.5,49.7,46.1,44.3,3.8,4.2,3.9,stable
46.3,42.7,46.7,37.9,46.5,41.7,54.3,60.4,58.2,9.2,8.4,9.7,future_heat_stress
22.8,21.3,22.1,59.3,62.6,60.3,43.9,45.1,49.0,4.2,6.2,4.9,stable
25.1,29.0,26.4,52.2,46.6,41.8,57.0,57.7,65.9,4.3,2.9,3.7,stable
37.3,40.7,38.5,42.1,33.5,36.4,79.5,71.2,73.4,6.2,6.3,6.2,stable
25.1,27.9,27.8,72.0,78.5,72.6,75.8,85.4,76.0,5.4,3.3,3.1,stable
24.7,26.4,27.9,53.2,49.8,52.7,69.1,63.8,65.7,3.4,2.4,4.1,stable
30.8,33.0,31.5,49.2,53.1,56.5,44.3,37.2,38.7,7.5,5.8,5.6,stable
32.1,30.0,31.9,68.5,66.1,61.1,57.0,63.0,60.4,3.4,5.1,5.0,stable
28.7,27.1,27.5,86.8,79.5,80.7,43.8,52.7,53.6,6.9,6.7,6.4,future_root_zone_stress
29.1,30.7,30.8,74.1,76.7,76.2,80.3,76.7,79.6,4.4,3.3,3.4,stable
34.0,34.4,37.2,58.6,65.9,68.1,60.3,60.6,58.3,5.3,7.9,7.4,future_root_zone_stress
41.1,39.3,40.4,66.2,66.3,68.6,85.4,82.5,84.0,6.7,6.6,6.4,stable
27.5,26.9,29.4,89.1,93.1,87.6,85.0,88.9,86.7,4.5,3.8,4.0,stable
41.4,38.8,42.7,55.6,61.7,56.2,68.5,62.0,61.6,8.6,7.1,7.8,future_root_zone_stress
32.7,32.2,36.4,63.5,64.7,62.9,41.8,42.8,41.1,7.2,5.6,5.3,stable
31.4,31.4,30.5,52.1,45.0,43.8,41.5,39.9,36.6,10.1,7.1,7.5,future_water_stress
21.0,25.0,22.9,74.2,76.4,70.0,44.2,47.1,47.2,-0.3,2.6,1.4,stable
24.5,27.8,29.5,50.6,48.0,47.0,66.7,57.5,63.7,4.0,3.5,1.7,stable
33.8,31.8,31.8,66.3,71.9,63.6,54.6,52.3,51.4,6.1,5.8,3.8,stable
35.3,39.8,37.9,24.1,30.2,33.4,65.3,68.3,65.8,7.7,6.3,5.8,stable
22.4,21.6,22.8,62.0,57.4,56.6,75.3,81.2,79.1,4.4,3.6,4.2,stable
24.3,26.2,28.5,70.6,65.4,61.5,43.7,44.2,48.4,5.9,3.9,4.7,future_root_zone_stress
27.1,28.0,29.8,72.0,68.0,68.5,82.9,83.9,85.7,0.8,1.5,1.4,stable
34.3,34.5,35.6,58.0,53.7,52.1,75.5,73.6,72.3,3.5,2.9,2.4,stable
29.3,28.1,30.3,63.9,58.3,63.4,60.3,56.1,56.3,0.3,1.9,2.6,stable
41.4,39.4,39.7,53.2,51.6,50.5,24.2,22.9,24.6,6.5,7.5,7.8,future_root_zone_stress
28.7,29.7,28.8,73.6,69.0,77.8,85.3,87.4,89.7,6.0,4.3,3.2,stable
32.6,32.2,33.5,42.5,41.1,33.4,76.5,77.8,72.9,5.2,5.4,5.6,stable
31.0,30.8,32.8,82.8,82.3,86.6,49.3,52.4,54.6,4.0,4.4,3.6,stable
37.7,37.3,40.7,48.6,52.4,52.5,44.8,38.6,41.2,6.2,7.6,7.1,future_root_zone_stress
31.3,30.4,30.7,96.6,88.2,98.9,75.1,72.0,71.0,1.9,1.9,3.0,stable
37.1,35.0,34.0,55.5,47.1,49.3,73.0,65.8,62.4,4.2,6.1,5.5,future_heat_stress
33.3,29.7,31.7,82.1,86.2,81.2,77.2,73.4,71.7,5.0,3.6,3.4,stable
30.1,35.5,34.7,63.2,71.6,63.3,76.1,76.6,75.8,1.7,3.6,3.1,stable
28.7,30.5,31.5,84.9,79.0,78.5,91.4,85.8,88.6,5.9,6.7,4.4,stable
26.6,29.1,29.5,72.6,63.0,68.2,49.3,45.6,47.6,4.0,2.4,1.8,stable
27.9,24.5,27.4,65.9,67.1,63.8,63.8,66.2,69.6,3.3,2.2,2.9,stable
36.6,36.6,38.9,34.5,41.5,40.3,73.4,81.5,78.7,7.8,6.5,5.4,stable
28.4,26.2,27.5,71.8,71.1,59.7,38.5,36.7,46.1,0.6,1.5,2.1,stable
32.5,31.0,33.9,56.9,56.2,55.4,81.6,77.9,79.8,7.1,5.4,5.7,stable
29.8,29.9,30.4,84.3,78.0,76.1,36.2,34.9,35.4,2.9,6.2,5.4,future_water_stress
31.5,31.8,32.8,64.9,61.1,62.6,68.1,72.1,64.3,3.1,-0.1,2.1,stable
28.9,30.9,30.6,85.9,76.8,73.7,95.6,90.8,97.7,4.1,4.5,5.2,stable
33.8,35.9,35.6,50.7,54.0,51.7,46.5,47.5,46.8,3.4,3.0,5.1,future_root_zone_stress
36.8,36.0,39.3,88.2,81.9,91.8,34.1,39.2,34.6,6.6,5.9,5.2,future_water_stress
36.4,37.0,37.9,62.9,57.9,55.5,52.7,54.5,53.5,5.6,4.7,4.4,stable
28.9,28.3,32.4,45.7,46.9,49.2,33.8,37.7,40.8,6.7,5.5,7.0,future_root_zone_stress
31.6,30.2,34.5,47.2,46.6,39.4,45.3,37.0,41.9,7.9,7.7,6.5,future_water_stress
31.1,28.5,32.6,57.2,61.5,62.5,79.9,77.4,76.7,2.3,4.4,2.6,stable
30.2,31.9,30.6,47.6,45.5,48.4,57.7,63.2,57.3,8.6,9.5,9.3,future_root_zone_stress
32.6,31.1,31.3,45.0,49.1,51.3,61.6,65.9,68.9,9.7,7.8,7.8,future_heat_stress
29.8,32.2,29.7,64.7,62.3,63.7,39.2,42.8,46.4,5.2,6.0,4.3,stable
26.7,27.5,30.5,60.2,55.6,58.7,44.5,41.7,45.7,4.1,5.2,5.0,stable
24.5,25.6,26.0,61.1,64.1,66.5,78.1,78.7,79.0,5.7,2.7,3.7,stable
28.4,26.4,28.4,37.2,37.9,43.5,37.9,43.0,45.5,1.9,5.2,3.5,stable
28.0,26.6,27.2,60.9,63.3,65.4,55.2,55.6,52.9,5.6,5.7,4.1,stable
29.9,30.6,32.5,49.8,44.7,47.6,56.2,59.3,60.5,0.2,2.4,2.3,stable
45.2,41.9,43.5,32.5,38.3,31.6,64.1,66.5,66.4,10.6,8.7,9.3,future_root_zone_stress
37.5,40.6,39.7,50.8,44.4,43.2,48.3,47.3,47.3,3.6,5.6,6.3,future_water_stress
32.5,32.3,32.7,52.9,63.1,57.8,31.1,27.1,28.3,4.2,5.0,4.1,future_water_stress
29.3,29.9,31.4,45.1,51.3,50.1,87.0,80.1,82.2,5.1,1.8,2.1,stable
38.9,39.7,40.7,32.2,24.4,27.6,34.1,37.1,37.6,6.6,6.9,8.1,future_water_stress
43.1,43.3,42.8,15.4,15.4,21.8,49.1,50.5,52.6,6.9,6.8,7.8,future_heat_stress
32.9,30.6,32.9,76.2,74.5,76.3,48.6,49.9,51.6,2.3,3.4,2.2,stable
29.3,28.2,31.0,81.2,85.8,83.9,58.3,60.1,50.4,5.7,7.7,7.5,future_root_zone_stress
26.7,24.3,26.0,51.3,55.1,54.0,46.2,38.7,41.8,3.8,7.4,5.7,future_water_stress
27.2,29.2,30.1,78.3,67.5,67.6,60.7,64.3,66.7,1.9,0.7,1.9,stable
29.5,28.6,30.5,62.2,58.4,60.0,68.1,60.5,69.2,2.9,3.7,3.5,stable
25.9,26.7,23.7,50.0,56.9,50.2,56.0,52.6,55.6,5.2,3.2,3.5,stable
24.6,27.1,29.3,37.8,31.2,33.4,59.7,49.4,52.1,6.0,5.3,4.3,stable
26.8,30.2,30.5,39.6,48.1,40.9,59.8,58.9,61.5,4.1,4.5,3.3,stable
33.4,37.2,37.5,37.8,36.1,35.2,74.5,79.1,78.8,8.0,6.6,6.9,stable
27.6,28.9,30.5,84.3,81.0,82.7,63.4,65.5,64.5,6.5,3.6,3.6,stable
50.2,49.2,49.1,25.6,26.0,27.4,66.2,65.8,69.1,9.7,12.0,11.1,future_heat_stress
24.4,23.7,28.2,57.0,57.0,56.8,74.8,74.7,75.9,3.1,2.1,3.8,stable
34.4,35.3,33.9,73.9,78.4,73.5,22.6,28.6,26.0,7.9,7.5,7.4,future_water_stress
27.9,28.3,28.9,80.5,79.0,74.7,59.8,57.3,63.4,6.1,5.5,4.7,future_root_zone_stress
38.0,37.8,36.7,66.1,58.8,57.6,42.7,37.4,43.7,5.1,6.6,6.2,future_heat_stress
26.2,28.6,28.0,67.7,66.6,62.3,70.1,74.2,74.2,1.5,2.2,2.2,stable
26.1,25.0,26.8,81.8,79.0,75.4,69.3,74.3,67.0,4.7,4.6,4.6,stable
26.1,26.5,28.1,49.1,50.4,46.5,54.3,58.6,64.0,2.3,4.8,4.9,stable
29.4,32.9,31.3,66.8,64.7,57.7,52.5,45.7,44.5,3.5,4.1,4.4,stable
33.4,32.2,33.7,37.4,36.6,44.8,60.1,59.2,63.4,3.5,6.7,6.0,stable
28.8,29.8,30.5,50.2,43.0,41.7,54.1,59.3,58.0,0.9,2.5,1.6,stable
36.8,36.0,37.8,31.3,34.6,33.6,43.7,43.6,38.7,5.7,4.9,6.6,future_heat_stress
31.4,32.5,32.8,53.3,55.9,50.1,21.5,19.6,19.0,7.8,7.0,6.1,future_water_stress
43.0,45.1,45.6,41.2,35.5,37.8,74.8,73.4,74.8,6.8,7.5,6.9,future_heat_stress
32.8,29.1,34.2,80.0,86.5,81.0,68.9,64.9,67.7,4.2,2.1,2.5,stable
35.4,33.6,36.8,34.1,37.0,34.4,21.5,25.2,23.2,6.3,5.7,4.5,future_water_stress
24.3,27.9,27.3,75.9,73.9,68.7,74.3,79.0,79.7,3.4,3.4,3.0,stable
26.4,28.6,29.3,73.7,66.8,66.1,63.8,60.7,59.8,6.6,5.3,5.3,stable
28.4,29.3,32.1,61.9,53.3,50.2,65.2,66.7,65.3,6.4,4.0,3.9,stable
27.5,26.6,27.4,61.5,55.1,62.9,72.0,67.6,70.9,4.8,4.9,3.1,stable
23.6,25.6,27.0,56.2,57.6,51.1,49.7,48.4,47.0,1.8,2.8,2.5,stable
38.5,38.3,38.1,37.9,40.7,40.7,76.7,86.4,78.9,2.3,3.5,4.9,stable
43.1,42.7,41.0,66.4,61.7,57.9,69.0,79.3,69.5,3.7,7.1,7.0,future_root_zone_stress
24.1,25.8,24.2,67.8,64.8,68.0,86.6,84.6,88.2,3.7,3.6,3.8,stable
42.7,42.0,45.8,36.6,40.3,39.6,51.3,40.7,47.0,5.3,5.0,5.7,future_root_zone_stress
27.1,23.7,26.2,51.4,48.6,50.5,61.4,59.6,61.3,3.5,4.3,3.8,stable
27.9,30.5,29.3,57.2,60.2,61.6,77.9,66.7,77.1,6.0,4.1,4.8,stable
34.2,34.6,34.4,75.4,73.5,79.4,78.0,69.5,74.2,8.2,5.6,5.4,future_heat_stress
35.7,35.8,37.3,48.9,44.7,55.1,72.1,73.4,74.5,9.1,9.0,8.9,future_heat_stress
31.8,29.6,34.3,63.1,63.7,68.8,67.6,58.0,63.6,2.3,3.5,3.2,stable
38.1,36.8,36.7,52.7,60.2,54.2,72.8,72.8,74.6,8.3,7.4,5.7,stable
26.1,25.8,28.9,75.1,75.4,75.7,36.0,48.8,43.5,2.9,4.9,5.0,stable
38.8,39.0,42.0,38.8,45.2,42.5,63.9,75.6,72.3,7.6,6.9,6.1,stable
29.9,29.9,30.7,56.2,67.6,61.6,50.4,52.2,49.2,4.4,5.1,4.1,stable
32.0,34.2,35.6,65.6,65.6,69.6,50.2,40.8,47.7,3.3,3.9,4.9,stable
28.0,30.2,27.8,60.8,65.6,67.2,71.3,72.5,72.7,3.7,5.9,5.9,stable
27.4,27.6,31.0,55.5,62.1,63.2,38.3,41.7,35.9,5.4,7.8,7.8,future_root_zone_stress
36.2,35.0,36.4,56.9,62.2,53.7,80.9,87.9,84.4,8.5,7.9,9.2,future_heat_stress
26.2,27.4,27.8,42.9,43.9,44.5,36.8,38.0,30.6,7.2,6.1,8.8,future_water_stress
29.8,31.9,33.9,61.9,67.5,56.8,52.7,59.1,56.4,3.1,3.4,2.7,stable
29.2,31.2,31.7,56.4,58.3,58.6,48.9,43.7,40.3,3.0,1.8,2.5,stable
38.9,39.8,39.4,51.0,47.8,50.2,63.0,56.4,59.1,5.9,7.2,7.6,future_root_zone_stress
22.7,25.0,27.6,45.2,52.1,50.6,54.5,57.0,57.9,3.4,3.6,4.6,stable
28.2,26.0,31.0,76.8,77.7,73.6,51.2,43.8,48.4,2.9,2.3,4.4,stable
30.3,30.4,31.7,68.9,71.4,66.8,60.6,70.4,71.6,3.8,3.8,3.8,stable
31.7,33.4,34.7,86.7,88.5,89.7,25.1,30.3,27.1,4.0,3.7,4.3,future_root_zone_stress
29.0,30.5,31.8,74.1,62.1,65.5,65.0,78.7,73.5,4.9,3.0,2.9,stable
28.4,30.6,31.7,75.4,77.6,76.8,90.1,85.0,87.4,0.9,2.8,3.3,stable
34.9,34.6,35.6,38.4,45.3,42.1,52.4,61.0,57.8,7.1,6.4,6.6,stable
33.2,33.0,35.2,63.3,51.4,55.7,55.5,48.1,48.6,7.6,4.4,5.2,future_root_zone_stress
33.0,33.7,33.7,28.3,33.9,35.7,73.9,67.2,67.9,9.7,9.1,9.2,stable
27.4,25.5,26.8,79.1,80.0,81.5,49.8,52.0,50.9,4.8,3.1,3.8,stable
35.0,33.4,36.1,55.3,55.5,49.3,48.1,49.0,52.7,9.7,7.7,6.4,future_heat_stress
35.5,34.4,37.8,61.0,58.5,58.4,80.1,80.3,81.3,5.3,6.0,5.7,stable
32.2,31.6,34.1,14.0,23.7,20.3,65.2,71.1,71.4,6.4,9.0,8.2,future_heat_stress
28.3,31.4,31.7,70.6,68.8,66.1,84.1,78.8,81.3,1.9,2.0,2.3,stable
39.1,39.1,38.3,58.0,60.7,58.1,89.0,80.7,82.7,7.0,7.9,6.5,future_heat_stress
31.8,32.5,34.6,41.8,52.0,50.5,64.9,68.9,69.7,3.9,6.3,4.4,stable
28.7,26.6,27.9,43.7,48.2,43.5,43.1,37.4,41.3,3.8,7.0,6.5,future_heat_stress
31.4,31.2,31.0,73.0,77.2,76.0,58.5,65.2,65.6,1.3,2.9,2.8,stable
26.7,28.4,30.6,67.6,65.8,71.3,69.5,64.8,65.2,4.2,4.1,4.5,stable
27.2,30.4,28.5,53.9,53.6,50.7,70.6,64.4,70.1,4.6,4.4,4.9,future_root_zone_stress
29.1,30.6,34.8,44.0,48.7,52.7,53.7,62.2,55.0,4.8,5.9,5.4,stable
30.7,31.7,30.8,58.9,55.8,54.4,34.4,39.6,31.0,9.0,8.7,6.6,future_water_stress
37.9,39.1,37.7,52.5,50.1,45.1,45.9,51.6,48.5,8.5,8.2,7.2,future_heat_stress
43.4,43.1,45.6,22.2,23.4,27.4,68.0,63.4,63.0,7.1,7.5,9.1,future_heat_stress
31.7,32.1,36.0,67.9,64.0,64.5,58.0,58.7,53.0,6.4,3.8,4.9,future_root_zone_stress
28.1,29.3,31.3,58.9,68.4,66.4,57.3,55.1,59.0,4.2,3.5,3.2,stable
31.4,31.7,32.8,66.2,67.3,60.4,47.7,50.7,51.6,6.4,3.5,3.3,stable
29.2,27.0,29.0,82.1,77.7,75.5,49.2,60.4,50.3,4.0,3.1,2.8,stable
30.5,26.1,30.3,81.8,74.3,78.3,65.0,69.2,62.3,3.5,3.0,1.4,stable
32.8,34.2,32.3,64.5,69.0,65.9,66.5,66.9,65.4,7.3,5.9,6.0,future_water_stress
29.6,30.5,31.8,50.2,52.8,55.0,71.5,69.3,70.9,0.9,4.4,3.9,stable
34.2,35.3,35.3,33.9,35.9,41.3,61.4,51.6,53.5,6.4,5.7,7.4,stable
23.2,23.3,25.9,79.3,70.2,70.0,55.2,62.0,56.1,4.0,6.1,4.4,stable
21.9,22.7,22.9,60.8,54.6,55.0,66.4,65.9,67.0,5.1,3.7,4.5,stable
35.5,34.4,38.1,53.2,59.1,56.8,33.9,32.1,26.4,7.4,7.7,7.2,future_root_zone_stress
28.7,28.2,29.1,65.9,67.4,62.3,93.6,88.9,90.1,7.0,3.1,5.3,stable
27.0,26.6,26.4,72.1,69.5,71.8,44.5,48.6,46.3,5.1,4.2,5.0,stable
27.8,28.1,28.0,62.8,69.1,75.4,66.7,67.2,68.6,1.6,1.7,3.1,stable
31.2,31.2,32.4,67.2,66.6,63.7,85.2,83.7,92.6,8.4,7.5,6.1,stable
37.8,37.0,37.9,84.0,85.1,86.5,62.7,62.4,53.9,4.4,4.8,5.3,future_root_zone_stress
24.0,24.6,27.7,82.4,78.1,74.8,54.5,48.4,46.9,3.6,1.2,2.8,stable
27.4,29.8,28.4,75.5,68.8,76.2,57.9,64.7,59.2,0.4,-0.4,-1.3,stable
32.2,34.2,35.7,41.0,43.9,42.8,61.8,62.6,65.4,5.0,3.4,3.1,stable
28.9,28.8,29.9,64.7,61.6,67.9,56.4,59.2,54.8,4.2,4.6,6.8,future_root_zone_stress
37.9,37.9,40.6,47.2,44.9,38.1,81.7,80.6,81.8,5.2,4.0,3.6,stable
32.5,33.2,35.0,62.7,52.6,55.8,56.2,54.2,50.4,4.3,6.5,6.1,stable
31.4,31.6,33.6,60.5,63.5,71.1,30.4,28.9,30.1,4.7,5.6,6.2,future_water_stress
32.8,33.7,36.2,58.2,61.1,57.9,47.3,48.3,46.2,4.3,4.9,4.7,future_heat_stress
21.7,21.9,23.1,58.8,63.3,57.3,64.9,66.2,70.9,6.3,6.7,4.5,stable
40.5,39.6,43.0,20.1,16.0,15.0,56.6,61.4,62.2,8.7,9.0,10.9,future_water_stress
32.1,32.8,31.6,32.3,36.1,35.3,41.1,44.7,45.1,9.6,11.0,9.7,stable
32.3,32.9,31.7,79.2,72.3,69.8,50.9,49.7,54.3,5.4,4.0,4.9,stable
41.3,41.4,42.3,46.4,47.3,44.9,64.2,75.9,70.9,6.3,7.6,7.6,future_heat_stress
31.3,32.0,33.1,64.2,66.6,59.3,48.5,51.9,50.3,5.9,5.6,5.1,future_water_stress
31.7,27.2,32.2,48.9,46.7,46.2,43.3,42.4,40.2,3.3,4.1,3.2,stable
33.1,33.1,32.5,53.4,65.1,56.6,71.2,77.2,77.0,4.8,6.4,7.6,future_water_stress
31.9,34.0,33.2,59.8,45.8,54.4,50.6,50.8,56.6,1.7,3.2,3.5,stable
41.3,41.7,40.6,51.4,51.6,53.5,54.1,55.7,50.7,5.5,5.9,7.1,future_heat_stress
22.2,23.4,27.5,77.6,80.9,73.2,78.3,74.1,74.7,4.2,2.7,2.6,stable
31.6,31.6,31.3,61.7,63.9,63.1,58.9,56.1,54.2,4.3,2.4,2.6,stable
28.7,29.8,30.5,67.8,66.0,74.7,67.3,68.8,61.7,3.0,0.4,0.2,stable
26.6,23.0,25.7,66.6,73.6,76.6,75.4,79.4,78.5,8.4,8.5,8.0,stable
34.5,32.4,35.5,76.6,67.2,72.5,39.1,29.4,33.7,5.7,5.6,5.2,future_root_zone_stress
30.0,31.1,33.3,68.9,63.4,61.7,70.4,70.0,69.0,4.7,4.2,3.5,stable
24.3,23.2,24.2,67.5,64.7,66.1,82.9,76.6,70.6,3.2,3.9,2.6,stable
29.4,31.3,33.8,52.1,48.8,46.4,43.6,41.7,38.4,3.4,1.9,3.0,stable
22.5,25.0,23.0,82.4,71.3,75.6,59.6,50.1,58.8,3.5,3.1,1.5,stable
32.9,33.6,34.5,50.0,54.4,52.1,36.6,40.3,41.0,7.4,5.7,6.3,stable
25.2,21.8,24.7,55.8,53.9,54.2,56.1,62.4,60.3,2.1,4.4,2.4,stable
32.2,31.3,31.8,51.9,58.4,53.9,77.5,78.4,76.0,7.1,5.2,4.7,stable
29.1,26.6,28.3,49.1,46.1,50.7,91.4,86.6,87.9,0.8,3.1,1.5,stable
32.2,28.9,31.8,74.1,78.0,77.9,96.6,96.2,100.2,1.2,2.8,2.7,stable
37.3,34.2,39.0,39.1,39.7,45.1,53.6,56.9,56.8,3.1,4.1,4.5,future_water_stress
34.7,38.0,38.6,30.0,36.1,34.6,37.1,33.4,32.2,7.7,6.4,7.3,future_water_stress
29.9,33.5,34.3,84.8,87.9,86.2,72.0,71.0,64.7,3.8,3.8,3.9,stable
27.3,27.8,29.4,82.4,76.7,79.2,56.7,52.9,55.0,5.8,4.9,5.2,stable
30.5,30.8,32.6,64.9,68.3,64.9,55.7,60.1,52.5,5.3,7.9,6.6,future_root_zone_stress
37.0,39.4,39.0,53.3,40.5,45.3,30.7,27.3,35.3,6.5,7.0,6.8,future_water_stress
30.1,30.6,34.0,64.7,63.1,67.2,62.1,61.6,62.0,9.4,8.5,9.3,future_heat_stress
39.8,39.5,42.3,44.5,37.0,39.3,52.1,46.1,46.8,6.0,6.0,6.4,stable
36.8,36.3,36.3,60.3,57.1,58.6,90.6,90.3,88.2,8.0,6.2,8.0,future_heat_stress
30.5,31.9,34.1,63.5,56.8,54.4,48.3,54.2,53.2,5.0,6.2,5.5,future_root_zone_stress
31.0,33.1,33.9,44.3,42.8,43.4,85.6,93.5,89.7,8.5,9.0,8.4,future_heat_stress
32.1,35.8,37.1,34.7,34.1,34.0,58.1,69.5,59.3,4.2,4.7,5.3,stable
22.8,24.8,25.9,72.3,78.4,69.8,51.1,53.1,51.9,1.7,2.8,2.3,stable
40.7,43.2,46.1,28.8,35.3,33.9,50.7,46.5,45.6,6.7,7.8,7.0,future_root_zone_stress
35.4,35.8,35.0,41.7,42.2,38.5,69.1,66.8,66.7,6.5,6.3,5.3,future_water_stress
30.3,30.2,32.6,60.0,58.5,58.4,15.5,11.0,13.6,9.9,6.9,7.5,future_water_stress
32.5,31.9,34.2,55.9,60.2,59.5,60.6,58.0,58.7,1.3,2.8,2.3,stable
26.1,27.3,29.1,62.5,63.9,62.5,88.2,84.0,88.7,5.1,3.0,4.4,stable
33.1,32.7,31.0,67.0,63.7,62.8,61.4,57.7,60.7,2.6,2.9,2.7,stable
19.2,20.4,22.0,74.8,69.0,76.5,64.3,60.9,67.9,1.3,-0.1,1.6,stable
22.9,25.3,26.4,53.9,58.4,57.3,90.6,97.1,92.7,0.2,2.8,1.7,stable
34.9,36.6,35.0,61.2,70.7,61.4,38.2,40.1,43.1,5.3,4.7,5.6,future_root_zone_stress
35.3,33.2,33.1,38.4,37.8,45.6,50.6,54.4,55.0,7.0,6.1,4.6,stable
32.1,32.6,33.3,77.4,71.2,71.0,83.9,74.4,77.8,4.7,3.1,3.4,stable
28.9,29.6,32.2,55.4,51.0,48.4,60.9,70.6,63.6,6.4,6.0,6.3,stable
35.9,39.6,39.0,39.4,36.8,41.6,48.3,48.3,55.0,8.0,8.4,8.6,future_root_zone_stress
40.7,46.1,43.5,45.3,37.0,40.2,51.2,38.0,46.6,7.7,10.0,10.3,future_root_zone_stress
40.0,38.9,39.8,56.0,53.2,57.9,62.8,57.4,58.7,6.1,5.0,5.6,future_heat_stress
30.4,33.0,32.4,65.6,64.7,58.6,46.6,51.6,51.6,6.5,5.8,4.7,future_root_zone_stress
29.3,32.9,32.9,52.2,50.7,47.5,60.3,56.1,58.5,9.2,8.6,8.4,stable
37.0,34.1,35.0,45.1,54.5,50.8,74.5,73.8,73.1,4.3,4.8,6.3,stable
25.7,24.5,25.8,63.2,56.9,62.4,46.1,56.1,56.9,3.2,5.5,4.7,stable
37.2,33.9,35.3,56.7,60.5,54.2,40.2,36.4,33.1,6.2,6.7,5.4,future_water_stress
26.9,29.0,26.5,53.0,52.2,46.6,76.4,75.0,77.5,8.0,7.9,6.7,future_root_zone_stress
39.7,40.2,41.0,44.4,52.5,40.6,21.9,27.1,22.4,9.9,8.6,9.2,future_water_stress
30.0,31.6,32.6,62.3,53.9,59.3,52.2,53.4,51.2,9.0,8.2,7.0,future_water_stress
33.2,33.5,33.8,53.8,57.6,51.9,34.8,27.7,32.3,7.5,5.6,6.0,future_root_zone_stress
32.4,29.5,32.3,38.3,44.9,39.5,59.3,62.2,61.2,6.2,6.3,6.0,future_heat_stress
31.1,29.0,30.2,36.6,39.4,41.2,74.6,70.0,78.4,6.0,5.3,7.4,stable
23.5,23.6,21.9,55.8,57.1,55.6,72.5,67.4,75.4,1.0,0.3,1.3,stable
28.6,30.2,28.6,64.3,64.4,68.9,86.4,72.8,82.8,1.3,3.6,2.6,stable
24.7,25.7,24.4,63.0,66.0,69.7,75.7,76.4,72.5,1.6,2.5,1.7,stable
35.1,33.6,36.0,50.2,54.9,63.2,39.0,40.6,31.9,6.1,7.4,8.6,future_water_stress
30.2,27.0,29.2,56.0,59.8,56.8,36.3,43.1,39.2,2.7,2.4,2.3,stable
36.1,39.5,40.1,33.8,31.8,40.3,55.3,59.7,59.8,7.3,4.7,4.3,stable
41.5,45.7,44.5,27.1,21.0,25.0,74.3,77.9,72.9,8.9,10.2,9.4,future_heat_stress
26.9,28.6,26.7,60.2,58.0,48.7,51.7,50.9,50.5,7.4,6.2,5.9,stable
24.9,25.1,28.1,73.9,68.9,74.8,66.1,65.6,68.5,2.7,4.0,4.8,stable
32.7,32.7,35.4,32.2,33.6,34.5,20.3,22.6,16.4,11.3,9.9,10.2,future_water_stress
30.1,33.1,32.4,45.3,34.4,38.2,61.8,58.9,60.2,4.3,5.3,5.5,stable
35.3,35.1,36.4,57.0,57.2,57.8,66.7,60.0,61.0,6.8,4.9,5.9,stable
35.7,37.0,37.4,35.6,38.5,40.5,63.6,59.6,61.7,5.0,8.1,6.8,stable
29.9,28.0,27.0,63.9,65.4,60.2,84.7,82.1,87.6,6.0,6.2,4.2,stable
24.4,28.2,26.7,62.4,66.5,54.6,50.4,45.5,43.8,2.6,2.8,5.2,future_root_zone_stress
27.4,29.4,28.6,63.6,59.4,59.7,42.3,46.4,47.5,2.3,3.7,2.3,stable
33.9,35.6,33.6,53.6,49.0,58.8,43.8,38.9,45.0,3.2,3.4,5.1,stable
37.9,40.3,40.3,52.2,53.9,53.8,71.9,84.6,81.4,6.3,6.2,7.1,future_heat_stress
32.4,30.6,31.6,58.4,71.3,63.8,58.6,54.2,58.3,3.2,2.0,1.3,stable
31.5,29.4,32.3,60.6,63.6,62.5,35.9,31.0,32.1,6.3,6.1,5.9,future_water_stress
41.2,42.0,42.7,22.6,27.0,26.6,75.9,82.4,82.9,7.7,8.1,7.7,future_heat_stress
30.7,32.2,32.8,39.6,43.6,45.4,54.7,54.5,51.9,5.9,5.2,5.8,stable
26.6,26.5,28.9,63.5,60.2,70.1,56.1,61.4,51.1,4.7,3.7,4.3,stable
34.3,32.7,35.8,60.8,57.8,60.9,46.9,49.4,41.9,4.3,7.2,7.2,stable
38.4,36.7,38.4,50.7,60.2,55.0,39.8,49.1,46.5,2.4,3.2,2.6,stable
32.9,29.5,32.2,47.9,54.6,45.4,61.7,72.1,64.3,4.4,3.0,4.4,future_root_zone_stress
39.2,39.8,41.9,56.8,47.2,46.5,55.0,56.2,60.4,7.0,5.4,7.0,future_water_stress
29.7,30.7,32.1,58.1,59.0,58.3,59.4,58.9,62.4,3.1,2.4,3.3,stable
26.9,27.8,27.8,47.2,41.5,44.3,56.8,64.6,63.3,2.7,3.8,4.4,stable
39.7,41.3,43.3,33.7,26.5,36.2,59.8,64.4,66.1,7.0,9.2,8.8,future_heat_stress
27.5,24.5,26.6,59.8,62.0,59.7,31.8,37.2,40.0,5.3,4.5,5.3,future_water_stress
25.4,27.5,27.4,82.6,72.1,79.0,73.0,73.2,73.2,1.1,1.4,1.9,stable
34.2,33.9,34.4,66.2,67.4,65.2,77.8,74.9,76.2,1.1,-1.3,0.2,stable
26.4,27.7,30.7,82.1,84.7,80.0,29.3,33.5,35.8,5.5,6.8,7.5,future_root_zone_stress
31.6,29.0,33.0,58.4,54.9,45.3,33.6,42.3,41.1,1.4,2.4,3.4,stable
28.9,29.7,28.2,84.4,81.4,74.9,59.0,57.9,56.9,1.0,2.2,3.4,stable
30.4,34.0,35.3,58.2,68.8,72.1,74.8,69.6,66.9,6.1,3.9,4.4,stable
42.6,44.2,42.9,63.0,57.0,54.6,89.1,88.8,93.7,4.5,4.1,5.9,future_heat_stress
23.1,25.9,25.7,70.2,65.5,65.8,45.8,50.0,47.6,5.6,4.2,4.8,future_root_zone_stress
38.5,39.2,39.9,61.0,59.5,60.4,86.4,86.4,88.8,7.1,7.3,7.7,future_heat_stress
25.1,27.5,29.0,80.7,84.0,83.0,66.8,68.6,64.9,0.4,1.3,0.8,stable
25.8,25.4,29.3,82.2,83.3,83.2,98.5,96.6,96.1,4.4,2.4,2.9,stable
40.1,40.5,43.2,40.6,33.1,44.4,57.4,63.5,55.5,7.6,7.8,7.9,stable
27.7,28.1,29.6,64.3,63.4,60.0,50.9,53.1,56.2,2.3,2.8,2.6,stable
33.4,34.8,34.7,31.4,34.1,30.2,59.2,54.8,58.2,6.9,7.8,8.8,future_heat_stress
28.5,30.3,29.5,66.4,65.0,69.6,31.1,35.6,36.4,2.8,3.2,2.5,future_root_zone_stress
35.7,36.1,37.2,37.3,29.1,33.3,53.3,54.1,48.0,3.7,4.1,4.2,stable
34.4,37.4,37.9,44.4,43.8,45.1,61.0,57.3,62.1,4.9,7.2,7.1,stable
26.9,30.0,31.7,65.5,57.8,62.1,77.2,83.5,76.7,6.0,3.8,2.8,stable
30.7,31.5,33.3,61.3,50.1,61.4,61.5,56.0,62.7,5.3,7.2,7.3,future_root_zone_stress
30.1,30.2,30.1,46.8,47.5,45.0,72.3,70.3,72.1,2.3,3.2,3.0,stable
30.4,27.2,28.0,69.3,66.4,71.8,61.6,59.9,53.1,5.3,2.9,3.9,stable
35.1,33.8,36.7,28.1,26.5,26.9,61.5,69.1,59.6,4.5,5.6,6.5,future_water_stress
27.9,26.0,27.2,60.9,57.3,53.4,74.0,69.6,68.6,4.7,4.6,3.8,stable
28.0,31.5,31.1,53.2,54.9,56.6,70.0,63.7,66.1,7.5,6.9,6.3,stable
26.3,28.6,27.9,47.9,48.7,40.8,52.7,53.1,52.0,2.6,5.3,5.8,stable
32.6,32.8,36.1,63.0,54.9,56.3,63.3,69.0,68.2,4.5,2.7,3.0,stable
30.9,31.5,30.7,67.7,60.2,62.0,44.1,48.0,47.1,4.6,6.1,7.5,future_heat_stress
23.9,27.5,28.3,56.5,45.8,52.6,73.1,78.3,80.8,6.6,5.2,4.8,stable
29.8,30.3,30.9,57.3,62.7,64.1,71.7,66.1,67.0,3.8,4.1,3.7,stable
34.1,34.5,34.8,70.6,77.1,70.9,62.1,65.1,57.7,3.7,4.4,5.2,stable
27.9,29.7,30.1,59.7,64.1,57.6,52.9,50.8,52.4,3.9,1.1,3.2,stable
30.1,32.5,32.9,58.5,56.8,60.8,24.7,19.6,22.9,2.1,3.7,4.2,future_root_zone_stress
31.9,33.6,34.3,40.5,38.1,35.2,19.9,20.6,25.8,4.8,3.7,5.2,future_water_stress
31.4,30.9,32.0,71.0,71.8,71.3,56.4,50.6,55.9,2.1,4.0,2.1,stable
29.6,28.8,32.1,66.7,67.0,62.1,72.4,76.8,80.1,4.4,3.1,4.1,stable
23.9,25.6,28.5,51.8,48.8,47.8,40.1,44.0,49.1,0.9,1.0,2.9,stable
27.6,28.2,30.9,74.4,83.7,74.1,83.2,85.5,87.1,6.1,4.4,4.1,stable
26.3,26.2,25.9,50.3,64.0,54.5,51.5,48.6,50.3,2.9,4.7,3.5,stable
29.1,30.1,30.6,78.1,86.6,82.4,71.0,72.0,78.5,4.4,3.2,3.2,stable
27.1,24.4,25.7,58.1,64.1,62.0,48.4,38.2,42.9,4.5,6.1,5.3,stable
25.9,23.4,22.8,83.7,83.7,77.0,72.7,70.1,74.2,4.4,3.2,3.1,stable
30.9,32.6,35.3,82.1,77.8,73.0,50.1,51.4,47.5,4.8,2.5,2.4,stable
30.1,30.5,30.9,45.4,41.9,41.4,70.1,70.3,74.4,4.8,7.8,5.5,stable
33.3,36.3,37.3,47.8,57.9,49.1,67.0,59.2,60.6,4.8,5.4,4.0,stable
24.8,23.7,25.4,83.6,77.3,74.2,81.1,73.8,75.6,7.2,5.3,4.3,stable
37.6,38.2,37.1,46.0,50.1,41.4,42.2,41.2,45.6,7.3,6.8,7.0,future_heat_stress
35.3,32.1,32.7,35.8,37.8,37.4,67.3,64.9,64.5,8.9,8.0,6.8,future_heat_stress
26.7,27.6,27.3,59.9,55.5,59.5,66.9,64.1,64.7,3.8,3.6,3.8,stable
30.1,30.1,31.5,50.2,47.2,46.7,51.5,52.0,52.3,5.4,7.4,5.9,future_root_zone_stress
25.9,28.0,29.4,46.5,52.3,56.1,74.3,73.0,77.4,4.6,2.9,2.7,stable
36.2,36.0,36.1,49.0,52.2,55.9,88.5,91.9,89.8,6.9,7.1,5.7,stable
32.8,31.7,32.7,55.2,55.4,62.5,67.1,71.8,69.0,4.7,4.2,4.0,future_root_zone_stress
33.6,36.7,37.0,35.9,35.1,36.0,76.1,78.4,73.8,6.1,9.0,7.2,stable
29.7,33.1,34.8,54.2,56.7,46.7,28.4,24.6,33.1,10.3,7.2,8.3,future_water_stress
30.5,29.1,29.1,73.7,66.0,71.8,50.7,48.5,53.0,2.5,5.4,3.5,stable
28.8,32.8,33.0,85.9,85.5,92.9,62.9,62.7,67.4,5.5,4.8,5.2,future_root_zone_stress
30.4,33.5,33.8,66.1,68.8,67.1,57.4,51.0,59.2,2.4,3.3,3.5,stable
29.7,30.3,29.5,70.6,58.9,69.5,73.0,74.3,77.6,6.4,3.5,4.6,stable
25.9,27.5,30.0,71.9,67.3,66.3,22.0,22.1,21.1,4.6,5.5,5.4,future_water_stress
36.3,33.9,37.9,66.8,69.7,65.2,75.2,70.9,73.3,1.7,4.9,3.9,stable
26.8,26.1,27.7,89.2,75.4,82.0,65.1,66.2,64.1,4.1,4.1,2.5,stable
38.9,37.5,39.9,52.8,61.5,58.8,52.7,52.1,54.3,7.9,6.7,6.7,stable
33.7,32.6,33.0,59.4,56.9,56.9,73.3,74.9,69.5,4.9,2.8,3.9,stable
28.1,31.7,34.1,48.2,43.0,48.0,71.0,69.6,76.9,11.2,10.6,11.4,future_heat_stress
22.8,27.4,26.9,72.0,81.0,78.6,75.3,77.9,73.4,4.1,4.8,4.3,stable
33.7,36.3,37.0,94.1,87.3,85.9,73.1,78.8,68.2,6.4,5.7,5.6,stable
33.9,33.3,32.8,70.1,71.2,67.8,83.8,81.2,83.1,4.1,5.2,3.8,stable
31.9,29.8,29.2,77.0,74.4,71.5,50.1,56.7,55.6,4.7,5.1,5.4,future_water_stress
32.5,34.5,32.5,50.0,54.0,48.0,65.0,68.1,66.7,4.2,3.3,4.2,stable
32.7,32.0,33.0,44.4,52.9,48.1,74.4,77.1,69.9,5.6,7.7,6.7,future_water_stress
34.3,33.5,32.8,78.8,87.6,85.0,68.1,63.6,66.1,2.5,5.1,4.0,stable
33.6,37.2,37.3,66.9,69.8,62.6,56.6,62.5,58.8,7.7,7.6,8.8,future_root_zone_stress
28.3,28.6,29.1,50.4,42.1,38.7,72.2,69.6,65.6,2.3,3.7,4.7,stable
35.2,34.1,34.8,80.2,81.1,76.1,65.0,72.1,66.3,2.4,4.5,3.2,stable
38.7,37.6,39.3,41.1,37.3,34.1,51.5,45.9,44.8,8.0,6.2,6.5,future_root_zone_stress
28.4,29.4,26.8,74.2,84.2,75.7,28.0,23.0,28.0,4.7,5.9,3.6,stable
33.0,32.2,33.2,52.3,53.7,58.3,61.9,52.7,56.7,6.8,5.3,6.3,stable
34.8,32.6,36.0,67.9,68.2,69.4,42.7,33.9,37.6,5.0,6.8,7.7,future_root_zone_stress
28.7,26.1,30.5,57.2,54.2,64.0,59.2,52.0,57.2,4.1,3.5,2.9,stable
34.5,37.4,38.4,50.7,57.0,55.0,55.4,57.3,57.4,4.8,5.7,5.0,stable
17.4,20.0,20.1,49.6,51.5,49.1,46.6,42.7,44.7,1.2,2.6,1.6,stable
33.7,33.3,35.3,57.8,59.4,57.1,68.1,60.7,66.3,1.8,5.0,4.8,stable
27.4,28.3,27.4,70.9,74.0,73.4,35.6,38.2,43.6,4.5,3.9,3.6,stable
32.5,31.7,31.6,35.4,37.1,34.4,61.1,61.9,57.8,6.6,4.4,5.1,stable
33.0,30.7,35.8,82.8,75.6,78.8,85.9,80.7,80.7,5.6,5.3,5.3,stable
36.6,37.6,38.4,60.6,63.2,68.2,84.2,80.3,84.7,6.3,5.1,4.2,stable
25.7,24.7,24.3,63.0,61.7,64.8,89.0,91.0,90.3,3.2,1.9,2.5,stable
26.6,27.8,26.4,90.2,81.0,83.6,73.4,68.3,68.2,2.5,1.5,1.9,stable
26.5,29.9,28.9,83.8,82.7,79.8,84.8,84.7,92.9,1.8,2.6,3.0,stable
35.8,37.4,38.6,46.0,37.2,47.6,68.8,59.6,62.3,6.8,6.3,5.4,stable
29.9,28.5,29.5,62.0,52.7,65.4,74.1,69.5,72.8,5.9,5.1,4.3,future_root_zone_stress
28.2,30.4,28.8,52.6,51.2,48.9,83.9,83.2,84.2,4.4,3.0,4.0,stable
26.8,27.8,28.1,53.2,59.2,59.5,54.8,58.0,62.5,4.8,3.8,4.5,stable
22.0,24.9,27.8,60.9,62.7,59.3,70.1,74.3,74.3,6.1,4.6,3.8,stable
30.0,30.0,31.8,52.2,40.7,44.8,63.1,68.0,65.3,6.4,7.1,5.7,future_root_zone_stress
28.4,30.8,32.0,50.3,54.1,54.1,42.7,44.0,36.8,6.5,5.8,6.3,future_water_stress
26.4,27.6,27.8,63.3,60.4,57.1,71.0,72.5,72.6,1.3,3.5,3.1,stable
27.5,25.3,29.5,91.4,91.8,85.8,78.7,79.0,82.5,2.0,4.7,4.7,stable
40.4,40.5,43.0,70.4,66.3,61.7,53.6,50.0,51.7,6.9,6.6,7.1,future_root_zone_stress
34.0,33.1,31.9,59.6,67.6,70.1,46.3,47.5,46.3,4.3,5.5,5.2,stable
36.4,34.5,36.4,55.3,64.5,55.9,98.7,93.2,97.2,6.1,7.1,8.5,future_heat_stress
28.3,26.3,26.5,63.6,55.3,50.9,76.8,78.0,78.9,2.6,3.8,3.2,stable
27.0,25.8,28.9,43.5,53.2,49.4,38.9,42.9,41.9,1.9,4.8,4.2,stable
27.8,29.2,29.1,83.0,83.2,81.2,47.4,41.5,44.4,6.2,4.8,4.7,stable
35.6,31.7,34.6,26.0,23.1,29.6,20.9,17.3,17.1,4.8,5.1,5.0,future_water_stress
36.8,38.8,39.8,47.3,53.2,52.3,62.1,65.1,67.8,4.6,5.7,4.4,stable
38.4,38.4,39.2,52.5,61.9,63.2,75.7,72.8,71.5,6.7,6.0,6.2,stable
27.7,28.9,32.6,62.3,63.1,66.6,66.0,72.5,71.5,3.6,4.0,3.8,stable
27.1,27.9,26.7,64.9,56.2,57.8,57.4,48.7,51.1,3.3,2.9,1.7,stable
40.8,41.2,39.7,40.2,47.2,41.6,38.5,42.1,40.7,7.7,9.7,8.8,future_heat_stress
33.1,32.6,33.6,76.3,77.2,72.5,70.0,74.1,70.8,1.4,2.5,3.2,stable
33.7,38.1,37.7,69.1,65.6,65.8,61.8,60.2,59.0,5.5,6.3,5.3,future_root_zone_stress
30.5,26.1,31.0,75.7,73.3,69.6,87.8,88.9,89.4,2.0,1.2,2.4,stable
31.2,33.1,32.1,87.8,83.1,81.6,63.5,62.8,58.0,3.1,5.0,3.5,stable
38.6,39.2,37.0,57.7,57.5,55.6,57.0,58.9,58.2,4.9,3.7,4.7,future_water_stress
39.7,39.1,38.1,46.6,46.4,40.9,107.4,109.8,105.7,8.8,9.9,9.1,future_heat_stress
34.6,35.4,34.2,37.8,29.8,33.5,59.7,58.8,60.8,9.2,8.2,8.0,stable
25.2,27.0,26.3,74.9,76.6,74.6,93.5,92.9,92.3,2.1,2.3,2.8,stable
30.2,31.0,33.9,69.2,63.0,67.2,57.5,57.2,62.1,4.4,4.1,3.7,stable
27.0,28.3,26.9,65.3,57.9,62.4,75.4,69.9,75.6,5.8,3.4,4.6,stable
26.5,30.6,29.0,69.9,59.3,68.0,73.6,76.9,76.4,2.7,4.6,4.7,stable
33.8,31.8,34.1,50.8,47.7,43.9,64.8,66.8,66.2,2.4,2.3,1.8,stable
37.4,38.1,39.8,63.7,61.8,64.4,74.4,71.1,69.8,9.5,7.6,8.1,stable
25.0,25.7,28.6,72.3,74.8,74.0,47.0,44.2,45.4,4.5,3.9,2.7,stable
38.5,38.5,38.6,52.8,65.6,60.2,49.3,56.8,54.5,5.2,6.1,5.6,stable
31.3,33.4,34.0,61.7,61.1,59.1,89.5,83.6,84.5,5.5,5.4,5.6,stable
29.5,26.6,30.2,85.5,83.9,85.4,52.7,56.3,59.5,2.8,2.9,3.3,stable
28.7,29.5,32.4,63.0,71.3,71.7,56.3,52.5,52.0,4.3,3.6,3.1,stable
43.2,45.4,46.5,40.0,34.1,35.9,76.9,77.5,80.2,2.4,4.0,5.0,stable
31.2,32.6,35.6,63.3,59.9,55.5,70.3,74.1,68.3,2.3,6.4,3.9,future_heat_stress
26.8,25.3,26.6,47.7,60.1,51.1,50.0,52.5,48.7,4.8,3.5,4.9,stable
31.0,33.7,34.5,76.8,72.8,73.0,70.9,63.4,67.2,6.1,7.4,6.6,future_root_zone_stress
31.8,30.8,33.4,78.4,76.2,78.3,70.6,74.3,74.8,5.4,7.7,6.1,future_root_zone_stress
35.1,38.8,38.0,65.9,58.4,63.0,69.0,62.4,67.8,5.2,7.4,6.6,stable
30.2,32.1,32.2,54.9,58.5,64.2,65.0,61.9,63.0,2.0,2.8,3.4,stable
34.0,36.2,36.9,55.1,50.3,52.7,28.3,20.7,28.6,6.9,9.0,7.4,future_water_stress
36.0,32.7,34.3,54.1,44.0,47.2,17.6,18.4,17.7,5.5,6.2,5.2,future_water_stress
35.6,36.2,36.1,35.6,30.1,27.8,79.7,80.5,76.8,6.8,6.0,5.2,stable
33.0,35.9,34.4,65.4,62.0,65.0,48.2,49.2,49.3,3.7,4.9,5.6,stable
41.9,41.9,42.1,45.0,44.2,48.3,71.1,81.2,78.3,6.1,6.4,6.8,future_heat_stress
31.8,34.9,35.4,51.0,53.1,59.7,52.8,54.8,55.9,7.3,6.1,7.0,stable
33.7,34.1,32.4,77.9,83.4,82.5,80.3,79.1,81.4,1.5,3.4,3.4,stable
27.2,24.2,28.0,68.2,70.9,64.7,52.8,50.3,51.7,4.7,3.4,3.6,stable
25.7,25.2,29.0,66.3,54.9,59.2,52.9,52.7,56.9,4.5,3.9,3.6,stable
32.9,30.7,31.7,77.7,75.8,73.0,94.1,93.3,89.2,2.9,3.4,4.0,stable
20.4,23.2,22.4,58.5,54.5,59.6,46.4,47.4,46.6,2.6,2.7,3.8,stable
47.5,45.9,47.5,14.2,19.5,17.1,73.4,65.3,72.5,8.8,8.8,9.6,future_heat_stress
32.5,36.0,37.8,44.5,38.7,42.4,63.3,65.9,61.3,5.3,6.9,6.6,future_root_zone_stress
33.3,33.2,34.4,47.1,41.7,47.0,42.4,42.9,44.5,5.7,5.1,5.2,future_water_stress
26.5,27.0,30.8,39.8,35.4,43.9,27.6,27.2,24.2,7.1,8.2,8.4,future_water_stress
30.1,31.6,32.3,70.0,56.8,60.2,45.6,36.1,40.3,3.9,3.8,3.8,stable
30.3,29.6,28.7,50.2,53.8,51.9,24.6,23.6,27.2,7.2,8.2,8.3,future_root_zone_stress
39.7,37.4,38.9,34.7,32.1,32.5,48.3,48.0,48.4,5.1,3.9,5.6,stable
36.6,35.5,38.9,41.1,39.0,39.8,43.8,48.4,49.5,3.3,6.2,5.3,future_heat_stress
36.0,36.1,34.3,43.5,39.4,38.5,49.5,48.5,56.0,5.1,4.8,4.9,future_heat_stress
27.1,29.2,30.8,83.2,75.1,77.8,78.7,76.8,77.6,4.2,6.3,5.9,stable
24.8,27.2,26.7,80.7,75.8,74.3,61.3,60.4,59.2,-0.0,3.4,2.6,stable
28.5,29.2,28.8,48.8,59.7,49.6,60.8,60.4,58.1,5.2,3.9,5.3,future_root_zone_stress
32.0,34.8,38.4,53.0,45.0,44.7,45.7,43.2,44.1,4.9,5.5,5.8,future_water_stress
35.8,36.0,35.7,83.1,83.3,79.2,57.9,64.3,60.6,3.1,4.1,4.5,future_water_stress
25.7,25.7,26.9,64.0,75.3,66.0,61.3,67.8,64.7,1.9,4.1,1.8,stable
38.2,36.4,38.2,75.7,79.1,74.6,62.0,53.1,57.7,6.0,5.8,7.3,future_water_stress
42.6,41.1,42.9,40.0,35.7,43.8,53.3,59.7,58.1,10.9,8.2,8.8,future_water_stress
32.8,33.7,34.8,53.8,54.8,48.8,46.1,44.9,47.0,7.5,9.2,8.4,stable
36.0,36.4,36.1,54.3,55.4,51.5,70.4,67.3,67.3,7.7,7.5,6.0,stable
39.6,43.8,42.7,39.8,44.5,44.2,36.3,38.4,39.6,4.2,4.9,4.4,future_root_zone_stress
34.3,34.6,32.4,45.1,45.4,53.0,102.2,99.0,99.6,6.7,4.0,4.3,stable
46.4,46.7,48.0,29.9,32.4,33.3,53.6,55.8,55.6,10.6,9.0,8.6,future_heat_stress
38.1,37.1,38.4,33.0,30.6,33.0,38.1,45.2,43.6,6.3,4.7,6.1,future_heat_stress
36.2,36.3,36.9,45.0,48.6,50.4,41.4,46.2,39.5,7.0,5.5,6.6,future_water_stress
34.9,36.6,39.4,71.9,67.1,64.3,40.0,44.6,44.2,6.0,4.2,5.0,future_root_zone_stress
27.0,24.5,25.2,69.8,63.6,70.1,52.4,56.6,55.4,4.4,4.6,3.4,stable
31.9,31.0,34.8,51.5,56.4,53.1,73.6,70.7,71.3,1.9,1.9,2.2,stable
29.2,26.0,29.0,83.9,74.4,79.5,33.2,34.6,40.2,8.7,6.1,6.2,future_root_zone_stress
29.9,31.3,30.4,40.9,46.4,46.3,65.1,60.5,64.1,3.4,4.8,4.0,stable
36.9,34.6,36.6,37.8,42.2,40.2,79.6,71.8,71.7,5.4,6.1,5.5,future_heat_stress
22.4,24.2,24.0,68.5,79.6,74.4,75.5,71.0,71.6,5.2,4.9,5.2,stable
40.7,41.0,43.4,32.3,28.3,31.6,43.2,43.8,45.6,7.4,5.8,6.9,future_water_stress
28.6,26.8,29.2,62.7,68.5,70.8,85.4,85.8,82.6,3.5,2.2,1.5,stable
24.1,21.7,24.0,75.2,77.8,78.1,72.6,74.7,75.2,2.3,1.7,1.7,stable
32.1,30.8,30.6,90.8,89.8,85.2,80.1,74.7,78.5,2.0,4.0,3.2,stable
32.0,32.3,33.7,53.7,53.3,58.7,66.1,62.1,57.0,4.5,3.4,4.3,stable
34.9,33.4,36.3,55.8,64.0,61.3,75.8,73.7,67.8,6.9,6.3,7.1,future_heat_stress
29.6,32.0,34.0,40.8,42.1,42.0,41.4,46.2,41.7,4.1,2.6,4.6,stable
29.6,30.5,28.9,48.1,48.2,47.6,59.2,58.1,57.5,1.2,1.4,1.7,stable
31.5,30.9,30.9,62.1,65.4,61.6,58.1,56.3,60.5,6.3,4.9,5.3,future_root_zone_stress
29.9,30.9,28.5,86.9,86.8,82.8,65.8,73.3,70.1,3.5,3.4,4.5,stable
38.9,38.7,38.9,20.8,26.7,23.3,64.6,68.0,68.1,8.9,9.4,10.0,future_heat_stress
28.2,28.7,30.8,77.7,83.3,81.4,53.9,50.0,53.0,3.8,4.7,4.6,future_root_zone_stress
32.6,32.3,33.8,73.8,77.4,82.4,76.3,77.7,77.7,5.0,5.0,5.8,future_root_zone_stress
24.2,27.1,29.4,74.4,65.6,64.9,51.8,42.9,43.7,5.0,4.1,3.4,stable
40.6,43.1,39.6,38.0,43.5,49.4,64.6,73.5,68.2,9.4,6.3,7.2,stable
35.5,36.2,38.3,49.4,49.0,42.9,49.9,61.2,54.9,8.2,7.7,8.7,future_root_zone_stress
41.6,40.0,41.7,21.0,23.5,18.1,51.4,48.9,55.8,10.0,9.8,10.2,future_heat_stress
31.1,30.8,31.9,38.0,44.5,46.0,64.6,64.6,63.1,4.7,4.4,4.5,stable
26.0,27.6,29.9,59.6,60.1,58.5,76.5,78.9,77.0,2.4,3.8,3.9,stable
33.9,34.6,36.1,49.5,53.3,45.5,36.1,30.8,36.4,3.1,4.5,6.4,future_water_stress
40.0,41.0,42.8,38.1,34.6,41.0,61.7,54.2,54.5,6.9,5.7,6.5,stable
24.0,25.0,25.3,63.0,58.3,63.9,89.4,85.5,88.6,2.4,3.3,3.2,stable
29.3,29.9,28.3,40.3,41.1,40.2,84.7,84.9,79.7,3.8,4.2,5.4,stable
32.5,35.2,37.7,65.7,73.4,69.6,36.3,43.1,38.7,6.7,4.9,5.3,future_root_zone_stress
30.5,34.2,32.7,58.1,56.8,58.2,39.6,39.7,44.7,2.3,5.4,4.7,stable
36.8,35.8,37.9,49.2,54.4,45.7,51.6,53.5,54.7,6.2,5.9,7.0,stable
36.3,37.1,40.8,76.0,66.7,65.5,56.5,57.3,63.0,9.8,7.7,7.0,future_heat_stress
27.0,28.5,30.2,44.3,49.8,50.2,51.6,52.4,51.6,6.4,7.0,8.6,stable
24.8,28.1,30.3,51.1,57.4,53.6,28.6,24.2,29.7,6.1,6.3,6.8,future_root_zone_stress
25.6,26.1,26.5,74.7,66.0,76.6,71.1,72.5,69.3,4.4,5.8,5.6,stable
26.1,26.2,27.2,50.7,48.7,52.9,80.3,78.7,76.4,4.0,1.7,2.7,stable
28.8,28.7,31.0,39.8,40.7,36.5,76.3,75.7,83.5,6.9,3.8,6.2,future_heat_stress
23.0,23.5,25.2,44.7,51.2,46.0,85.0,92.0,86.4,5.8,2.7,3.5,stable
33.8,34.4,33.3,80.9,75.8,73.5,93.9,85.2,87.8,2.3,3.1,2.3,stable
29.5,31.1,31.9,58.6,53.7,58.1,63.1,62.6,67.9,7.0,6.2,6.4,future_water_stress
27.3,29.4,32.9,60.5,59.5,57.6,62.2,58.9,60.4,1.6,4.2,3.1,stable
27.9,28.9,28.7,62.0,58.2,57.5,65.1,60.1,65.5,4.1,5.5,6.5,future_root_zone_stress
38.8,39.1,38.8,51.2,55.5,54.9,64.4,62.2,62.1,7.1,7.6,6.7,stable
23.7,24.0,23.0,48.1,56.4,52.3,63.6,71.0,62.6,1.3,2.3,3.1,stable
41.8,41.3,41.0,76.0,69.5,69.9,31.2,29.0,26.2,8.3,4.8,6.7,future_water_stress
24.8,24.8,25.6,47.6,41.6,51.5,62.9,70.7,62.5,5.7,3.6,5.2,stable
28.1,27.9,26.9,69.6,75.6,79.1,42.5,39.9,37.6,1.8,0.3,3.0,stable
35.1,36.7,35.1,42.2,45.3,49.4,17.3,10.3,14.5,4.1,5.2,3.8,future_water_stress
23.7,24.5,28.3,51.5,53.0,50.9,41.2,43.5,39.6,2.1,2.0,2.0,stable
33.9,33.0,37.5,76.6,70.3,70.2,37.9,35.1,32.3,5.8,5.4,7.1,future_root_zone_stress
26.2,26.8,27.7,44.5,47.4,44.8,44.5,37.3,43.2,4.3,7.4,5.9,future_water_stress
34.8,36.2,35.6,28.6,29.9,28.8,47.1,44.7,46.6,8.8,9.1,7.5,future_heat_stress
31.9,28.1,30.7,48.4,53.9,53.3,33.6,39.4,34.7,3.5,2.2,3.1,stable
23.4,22.9,26.2,53.0,55.9,48.2,76.2,78.3,82.0,4.4,3.7,4.6,stable
32.9,34.8,34.9,55.7,57.2,56.2,35.9,33.4,34.1,3.8,4.4,4.3,future_water_stress
27.5,28.7,32.7,75.4,71.9,78.1,87.5,88.5,84.7,3.7,3.9,4.1,stable
42.2,43.2,44.5,20.6,18.1,14.7,85.3,79.5,86.5,11.5,11.0,9.5,future_heat_stress
28.0,30.7,28.6,94.1,93.1,91.9,57.9,58.7,57.9,7.6,6.7,7.4,future_root_zone_stress
29.9,32.5,35.3,77.0,76.5,72.4,66.2,66.0,64.2,9.7,6.9,7.3,future_heat_stress
34.0,31.1,35.7,53.5,57.0,58.4,43.2,53.3,48.4,5.6,8.2,7.5,future_heat_stress
33.8,34.7,36.6,38.0,47.9,42.0,40.7,42.5,46.2,4.5,4.7,4.5,stable
34.9,36.8,36.4,47.1,52.6,56.2,63.6,52.8,61.4,4.1,4.6,5.6,stable
29.6,30.3,29.5,56.4,51.6,55.2,42.6,47.2,43.4,5.3,5.8,4.2,stable
29.3,30.3,30.3,84.7,85.9,87.1,62.1,65.5,66.6,3.7,4.4,5.6,stable
29.2,25.7,27.9,84.9,81.5,80.7,44.0,49.0,47.1,4.2,3.9,3.9,stable
38.0,41.0,42.0,45.4,46.0,39.0,53.5,51.5,51.0,4.8,5.8,5.7,stable
28.1,28.8,28.8,60.2,61.2,66.9,89.1,99.0,92.2,3.8,2.9,2.9,stable
28.3,28.7,30.3,48.6,45.2,51.7,76.4,68.7,68.3,4.3,0.6,2.7,stable
40.7,39.1,40.5,37.5,41.7,42.8,80.6,73.5,79.9,4.8,3.7,4.1,stable
27.6,27.7,29.0,56.1,51.4,52.8,81.3,79.8,77.2,4.6,4.2,2.4,stable
28.7,29.0,29.3,89.8,84.7,86.6,84.0,80.9,79.7,4.7,1.9,2.7,stable
34.7,31.3,34.0,85.4,81.4,88.7,70.8,65.7,70.2,4.7,5.7,3.6,stable
24.6,24.6,28.6,54.7,45.3,48.4,59.8,57.0,56.1,2.8,3.4,2.4,stable
25.6,28.5,26.7,69.6,70.0,66.0,73.6,80.1,76.1,2.5,3.0,2.8,stable
31.6,31.5,32.1,59.6,58.4,60.4,83.0,77.0,81.9,6.1,6.7,5.8,future_heat_stress
27.6,26.6,27.7,68.6,73.7,71.8,75.4,72.2,78.0,3.1,3.0,2.9,stable
27.3,30.1,28.5,61.7,59.2,54.1,74.0,77.2,72.6,4.0,5.2,2.4,stable
26.5,31.1,29.4,60.6,59.8,55.1,37.8,36.6,43.1,5.4,4.6,5.9,future_water_stress
34.3,33.9,33.3,77.0,79.1,84.0,59.3,61.4,54.5,1.9,4.2,4.9,stable
30.0,28.3,30.5,39.8,47.8,49.5,83.7,75.0,74.2,3.8,4.6,4.7,stable
34.1,32.9,36.3,22.7,17.7,17.2,24.2,31.2,28.5,11.1,9.2,10.2,future_water_stress
38.0,37.7,39.7,64.1,56.0,61.0,69.4,78.9,72.6,8.0,7.1,7.0,stable
34.1,31.9,36.1,51.4,49.1,50.9,26.9,24.8,22.5,7.9,8.5,6.3,future_water_stress
24.7,25.0,29.0,63.1,63.0,67.7,72.1,66.2,72.9,5.1,3.2,3.3,stable
24.9,23.5,27.3,79.2,80.3,77.8,54.0,51.3,54.5,1.3,1.2,1.6,stable
22.2,24.1,25.5,57.7,58.1,56.5,82.1,75.6,74.8,3.2,4.1,2.9,stable
23.8,25.8,27.2,51.8,48.7,59.2,69.3,72.0,74.4,-0.3,1.1,-0.2,stable
29.7,29.5,29.3,71.7,74.5,72.5,78.3,79.7,78.5,2.7,4.0,4.1,stable
22.1,26.6,27.8,66.2,75.5,73.1,45.2,41.7,40.5,5.4,4.7,4.6,stable
27.7,30.8,29.5,54.0,47.1,56.0,83.2,89.4,81.6,4.5,2.8,4.8,stable
33.5,33.5,36.6,50.0,56.4,55.6,78.6,78.4,82.4,6.5,7.8,7.6,stable
31.2,30.0,31.1,83.8,83.0,87.4,41.6,41.3,44.0,4.5,2.2,3.0,stable
39.8,40.4,42.8,32.2,24.9,29.7,56.2,59.7,59.7,6.5,8.3,8.5,future_heat_stress
31.4,33.2,33.4,64.1,66.6,61.9,76.0,75.4,72.4,6.9,7.3,7.7,stable
30.1,30.4,32.4,65.3,63.5,68.8,83.9,86.6,81.6,4.6,1.6,3.4,stable
37.2,40.0,40.8,24.8,20.9,15.0,53.2,50.6,46.7,6.5,8.1,7.1,future_water_stress
33.0,31.1,32.7,39.8,40.8,36.4,68.0,58.7,63.4,6.9,7.3,6.1,stable
31.5,34.7,36.1,65.2,74.2,74.4,76.4,78.9,78.6,4.2,1.0,2.3,stable
28.2,28.7,27.5,82.1,86.8,91.5,54.5,47.3,53.0,3.5,2.4,2.3,stable
24.5,25.6,24.0,82.1,81.8,81.3,55.9,52.5,50.0,5.2,5.9,5.1,future_root_zone_stress
32.1,33.1,35.1,54.3,51.3,54.1,85.2,85.0,84.3,9.9,8.5,8.8,future_heat_stress
31.2,32.8,34.7,53.5,54.9,53.6,43.1,44.3,42.5,9.4,6.4,8.0,future_root_zone_stress
30.9,29.3,30.0,52.0,45.5,51.2,72.3,72.8,71.2,3.1,1.9,3.2,stable
33.7,34.7,34.2,79.8,75.2,72.5,64.8,65.5,60.3,5.9,6.3,5.6,stable
26.3,26.3,26.3,83.9,91.4,87.1,58.3,58.9,59.0,1.0,3.7,3.7,stable
23.0,26.9,26.9,49.2,53.6,55.4,72.7,80.1,74.8,2.7,5.7,4.8,stable
31.3,31.5,34.2,62.4,58.5,64.7,43.4,39.3,44.8,5.6,7.5,6.6,future_water_stress
26.2,29.2,28.9,70.0,58.9,65.5,70.8,78.4,73.0,3.5,4.7,2.6,stable
34.1,35.4,37.0,60.4,60.3,65.6,58.5,61.5,59.3,6.5,7.8,7.6,future_heat_stress
37.7,42.1,40.7,21.3,21.4,24.3,65.4,53.2,60.3,6.3,7.3,6.4,future_heat_stress
33.0,34.1,32.9,54.1,48.0,51.3,51.5,47.1,49.5,5.2,7.1,7.1,future_heat_stress
37.6,40.8,38.7,59.2,58.5,54.5,54.7,53.9,51.8,5.8,5.0,5.7,stable
34.5,36.6,36.1,64.9,66.9,66.9,70.3,76.3,75.2,3.8,2.2,3.1,stable
28.5,30.0,30.6,48.7,53.7,56.1,65.4,60.4,59.0,1.4,3.8,3.4,stable
29.6,28.9,31.3,50.6,47.6,41.5,19.9,23.7,21.0,8.4,6.2,7.2,future_water_stress
33.5,32.7,36.0,43.2,42.4,40.3,50.4,52.8,60.2,4.4,4.2,5.7,stable
27.9,29.7,30.2,44.1,47.9,42.8,37.1,45.7,38.6,1.6,3.1,4.1,future_water_stress
29.8,33.1,32.5,91.7,86.3,88.4,79.2,73.7,76.0,3.3,3.3,2.7,stable
26.7,31.5,30.1,41.1,39.2,43.5,58.1,55.2,53.8,4.2,3.2,3.6,stable
34.6,32.5,34.0,85.9,80.0,79.9,51.2,58.5,58.4,1.9,4.2,2.4,stable
22.8,22.7,25.7,77.8,73.0,77.1,45.1,51.9,51.5,3.4,4.9,4.7,stable
28.4,29.4,30.8,64.9,59.8,70.9,71.5,70.0,70.7,2.2,4.3,2.6,stable
31.3,32.2,32.9,63.6,70.2,72.1,43.0,48.4,50.1,1.3,4.1,3.5,stable
29.8,28.8,31.2,78.1,76.5,68.3,54.4,59.4,52.2,4.6,5.1,4.5,stable
33.2,34.6,36.5,59.4,55.3,60.8,58.4,62.0,66.0,3.8,4.3,3.8,future_water_stress
24.3,24.6,27.4,77.2,78.9,83.0,84.9,80.3,86.0,3.2,2.0,1.6,stable
28.1,30.3,29.6,76.1,69.5,74.7,68.4,63.1,69.6,2.7,2.2,3.3,stable
28.3,31.9,29.8,61.2,60.3,66.5,47.0,56.9,53.6,4.1,4.1,1.8,stable
33.6,31.3,35.4,52.5,53.5,51.3,25.3,28.4,30.0,2.8,4.9,5.2,future_root_zone_stress
24.8,28.6,27.0,69.7,74.6,82.5,55.3,49.6,51.0,4.3,2.9,2.9,stable
26.3,26.6,28.6,77.2,74.9,73.0,48.7,42.9,42.6,4.0,2.3,4.1,stable
30.7,34.5,36.2,49.4,48.4,50.6,69.5,61.9,64.4,3.5,6.1,3.8,stable
21.8,26.4,27.2,65.1,70.1,73.2,69.4,75.8,70.2,5.5,4.8,3.4,stable
34.6,31.4,31.6,44.8,40.5,47.6,76.0,70.7,78.7,3.2,4.2,4.9,stable
25.1,23.2,26.9,52.6,49.6,50.2,70.5,72.9,71.4,5.2,4.7,4.1,stable
34.9,37.6,36.2,37.5,46.3,38.8,56.5,69.0,62.3,2.0,5.4,4.5,future_root_zone_stress
26.0,26.4,27.0,81.5,82.9,77.1,52.0,51.4,46.5,3.2,4.5,2.5,stable
25.5,25.8,26.4,79.2,78.5,83.6,70.4,69.3,68.9,5.6,5.9,5.7,stable
26.7,30.6,32.1,83.9,90.7,90.3,56.3,59.9,58.8,3.7,3.0,1.7,stable
24.5,25.0,23.2,40.2,42.1,45.0,45.1,46.4,44.6,6.5,5.2,5.2,future_water_stress
31.7,34.8,34.5,54.6,61.0,58.4,52.8,48.8,46.3,6.4,8.0,7.5,future_root_zone_stress
26.7,31.1,32.1,87.4,86.7,88.2,53.1,63.4,59.3,4.0,2.9,4.2,stable
29.7,32.9,32.8,59.3,57.6,52.0,79.6,84.7,82.1,4.1,3.7,3.5,stable
30.9,32.1,32.1,64.7,56.4,58.4,46.9,53.3,45.7,4.6,4.8,5.1,future_water_stress
23.3,26.8,23.6,61.5,63.7,62.9,102.6,96.9,99.8,3.8,2.0,2.9,stable
31.3,34.5,35.8,55.3,64.1,58.7,61.5,56.3,55.0,7.1,6.2,4.8,stable
33.0,35.6,35.5,52.7,58.7,62.3,53.8,51.8,58.0,3.2,4.9,3.9,stable
37.0,36.4,35.4,49.3,45.9,48.6,85.5,79.9,81.2,8.6,7.0,8.5,future_heat_stress
28.0,29.5,30.2,87.6,84.1,85.7,59.5,56.4,57.9,2.1,2.4,1.4,stable
32.7,30.2,32.8,60.0,54.2,52.6,40.8,37.9,45.4,0.6,0.2,1.6,stable
24.6,24.1,28.2,75.2,73.7,82.0,47.0,40.3,42.8,3.3,3.8,4.1,stable
30.2,30.9,30.8,63.3,57.4,60.6,76.3,73.8,67.0,2.6,3.0,3.6,stable
20.1,22.7,22.6,69.6,63.2,65.4,66.7,69.2,68.5,7.3,6.2,6.4,stable
33.9,32.4,33.2,50.8,50.5,48.9,59.1,60.1,62.7,3.6,4.3,3.0,stable
28.3,28.9,28.0,61.7,66.2,64.7,37.6,32.3,38.8,-1.8,-0.9,-1.5,stable
33.2,33.7,34.9,55.3,52.0,59.1,70.3,76.3,77.6,6.7,7.1,7.5,future_heat_stress
30.1,30.2,32.5,55.6,57.0,57.6,46.8,42.2,39.6,8.0,7.3,6.6,stable
17.7,17.8,19.7,59.7,51.3,58.7,67.9,75.8,69.0,3.6,2.8,4.3,stable
26.5,29.1,30.4,76.8,87.2,85.9,63.2,61.5,64.5,2.8,4.5,2.6,stable
31.9,29.8,31.2,29.6,35.0,42.3,51.2,47.4,46.0,6.7,5.4,5.2,stable
38.2,41.6,41.9,50.4,55.1,45.3,58.3,61.0,54.0,-0.3,3.0,2.5,stable
30.9,28.0,31.5,66.2,67.9,66.5,84.3,83.6,83.9,4.5,2.3,3.8,stable
37.1,38.1,36.3,51.0,48.5,45.9,56.9,63.3,59.6,8.3,5.6,7.2,future_root_zone_stress
31.5,32.3,33.8,42.5,51.4,48.4,65.0,70.4,64.3,7.4,6.6,4.6,future_root_zone_stress
28.7,28.7,28.6,72.2,64.2,63.7,15.3,13.0,18.3,8.5,5.8,6.2,future_water_stress
31.8,30.2,30.1,69.0,65.9,69.7,72.2,79.3,74.2,3.2,3.1,2.5,stable
39.0,38.9,40.0,39.3,39.8,39.8,54.0,61.8,52.6,7.8,7.5,9.1,future_water_stress
24.9,25.0,23.1,62.4,68.1,75.8,73.5,70.7,74.6,0.9,2.6,2.3,stable
39.2,37.9,41.6,29.5,30.0,33.2,43.4,46.2,43.4,4.2,6.4,5.1,future_water_stress
32.1,33.4,33.8,63.5,55.6,55.2,68.6,68.3,72.5,5.2,6.1,4.7,stable
24.2,22.8,26.2,74.9,75.5,70.2,63.2,58.7,62.6,4.2,3.8,4.3,stable
34.3,35.3,33.5,52.0,49.6,54.8,69.1,70.9,67.7,3.8,3.7,3.0,stable
18.4,20.5,19.4,56.6,56.5,47.3,63.2,63.6,70.8,6.2,5.1,4.8,stable
30.1,27.9,31.5,57.8,61.5,62.9,75.3,77.3,73.0,0.5,1.5,3.6,stable
23.5,25.4,26.8,46.2,52.8,57.9,54.3,54.5,49.9,4.7,4.0,5.4,stable
27.4,28.5,29.5,74.4,76.3,68.6,72.8,69.8,72.0,5.0,3.9,4.0,stable
24.3,24.5,28.0,53.4,52.8,55.4,54.9,44.1,51.2,5.2,2.7,3.0,stable
32.1,31.4,31.8,87.5,80.2,81.7,72.2,65.2,68.4,0.3,1.4,3.3,stable
23.6,23.8,25.1,64.6,66.4,60.1,56.1,57.7,62.4,1.1,2.9,3.3,stable
23.9,27.1,26.8,62.4,60.1,63.3,55.3,46.6,50.2,3.3,1.0,2.9,stable
25.5,23.3,26.0,81.0,72.0,81.5,44.9,43.3,43.3,5.6,4.1,4.1,stable
35.2,36.4,34.9,51.5,62.3,53.2,61.6,67.0,62.9,5.1,4.9,3.3,stable
26.9,28.3,28.6,69.7,65.2,69.3,65.9,62.8,67.3,4.7,1.8,1.9,stable
34.6,34.3,37.0,65.7,62.3,66.6,65.7,72.3,70.0,1.3,3.8,3.7,stable
29.2,30.7,27.3,75.4,68.9,65.5,56.5,65.5,63.9,4.5,4.7,5.5,stable
35.5,34.0,32.8,58.8,56.3,60.3,42.4,48.4,47.4,4.3,5.0,5.1,stable
28.5,30.1,29.1,90.2,78.4,85.2,46.0,49.0,47.9,5.4,2.3,3.7,stable
34.6,34.7,38.8,49.0,45.9,41.3,72.6,64.1,64.9,5.5,5.4,5.4,future_heat_stress
29.3,29.9,29.2,53.5,56.3,51.1,46.6,49.5,49.0,0.9,3.0,2.1,stable
27.5,25.6,25.5,61.1,62.0,64.3,59.3,56.9,61.2,4.3,4.7,4.9,stable
32.3,30.9,33.9,90.6,88.0,82.2,69.2,73.4,78.6,3.5,5.5,5.6,future_root_zone_stress
28.3,29.9,30.8,62.8,59.2,57.9,57.6,61.7,60.8,2.9,3.1,4.4,stable
35.6,35.4,35.8,40.8,40.1,45.5,64.1,62.1,68.2,6.2,6.4,6.8,future_water_stress
26.2,25.4,27.7,76.6,79.6,78.0,46.0,57.0,49.2,6.0,5.3,4.2,stable
21.3,23.1,23.9,55.3,53.6,63.5,83.1,89.3,85.4,2.8,3.2,3.2,stable
28.3,29.1,29.8,83.1,83.7,81.1,72.9,78.7,73.2,3.3,2.6,2.9,stable
29.4,32.1,29.7,34.8,38.7,42.9,44.4,46.5,46.7,2.5,4.7,4.5,stable
28.2,26.5,27.9,87.9,84.3,81.8,100.8,100.0,101.1,3.6,4.0,2.6,stable
39.8,38.0,38.0,42.3,45.0,47.5,52.2,53.6,53.2,8.6,8.1,9.0,future_root_zone_stress
32.3,34.8,31.9,68.0,56.4,64.4,52.4,54.7,54.1,3.1,1.6,1.7,stable
31.0,29.7,31.5,61.6,58.9,54.5,58.5,52.6,55.4,5.3,5.0,5.4,stable
30.2,30.1,31.8,63.5,64.8,61.0,61.8,63.7,65.6,6.7,4.8,5.1,future_root_zone_stress
34.2,34.7,36.0,68.2,67.3,69.8,37.4,40.2,38.6,6.4,6.8,7.2,future_water_stress
34.3,37.8,36.8,48.7,48.9,46.0,80.7,81.7,79.5,8.2,7.9,6.9,stable
34.9,37.5,36.2,21.6,32.1,30.8,36.5,49.2,45.0,8.8,9.4,9.6,future_heat_stress
32.2,32.1,36.3,76.2,69.6,72.2,60.9,50.6,50.5,6.7,8.1,5.6,future_root_zone_stress
31.4,33.1,32.4,77.5,84.7,80.8,72.5,68.4,73.5,4.8,2.7,4.3,stable
25.1,26.1,29.1,76.1,62.5,74.3,65.0,64.8,63.0,4.3,1.5,3.1,stable
30.7,30.2,30.9,49.4,51.2,43.8,33.8,35.7,43.3,4.6,2.7,4.3,stable
38.3,36.0,38.5,74.1,76.2,77.5,28.6,35.8,29.1,6.2,6.2,6.7,future_water_stress
24.8,26.8,24.5,81.0,76.6,81.0,79.5,78.4,80.8,4.2,5.0,3.9,stable
39.2,38.4,40.2,53.2,52.9,47.3,52.2,52.2,54.3,4.5,8.0,7.3,stable
25.4,23.6,26.4,62.4,67.1,64.3,75.0,71.2,65.3,0.9,1.0,0.7,stable
28.9,30.3,29.2,73.6,76.2,73.2,32.6,32.0,33.1,6.2,6.5,5.5,future_root_zone_stress
39.2,41.3,41.2,26.2,25.8,25.6,66.3,62.5,63.0,9.6,9.7,10.5,future_heat_stress
30.5,28.6,30.3,80.5,85.2,80.4,56.4,61.7,62.3,3.7,5.2,5.6,stable
26.4,27.6,29.5,77.5,78.2,83.4,73.8,68.5,75.9,2.6,3.3,1.2,stable
33.8,36.6,34.6,33.8,37.2,46.1,53.7,54.0,52.5,3.8,4.3,3.7,future_water_stress
39.3,38.5,38.8,56.4,60.7,61.7,74.2,73.5,81.1,6.4,4.5,4.4,future_heat_stress
29.5,29.5,28.6,48.1,35.7,42.3,61.2,57.9,63.4,2.5,3.3,4.4,stable
35.6,35.6,34.1,68.2,66.6,65.9,50.1,50.7,52.8,8.4,7.8,8.1,future_root_zone_stress
23.9,23.1,24.9,76.3,83.2,78.6,76.3,71.0,76.1,5.7,5.2,2.8,stable
32.5,34.8,31.6,56.4,61.7,54.0,59.0,54.6,60.9,5.5,2.8,4.8,stable
27.6,30.5,31.8,95.1,96.2,90.2,55.8,56.8,46.7,3.7,5.3,3.9,stable
32.4,31.9,32.7,78.3,78.6,80.3,66.6,68.8,70.2,3.7,4.5,4.3,future_root_zone_stress
36.0,35.4,37.7,68.3,61.6,62.9,48.8,52.9,57.8,2.8,4.0,3.5,future_water_stress
28.2,28.3,30.3,72.9,76.5,77.3,32.4,27.3,34.4,10.2,10.1,8.2,future_water_stress
33.0,31.0,35.0,61.6,56.6,55.3,54.5,56.7,52.5,6.4,5.5,4.7,future_root_zone_stress
44.8,46.3,45.0,40.1,41.7,44.0,44.0,47.7,47.2,8.2,7.2,6.7,future_water_stress
41.9,46.0,45.4,53.0,52.1,41.8,20.7,14.5,22.9,6.4,4.5,5.6,future_water_stress
24.1,23.5,25.4,51.9,60.8,54.4,50.1,50.4,52.9,1.3,1.8,2.4,stable
32.2,29.6,31.9,48.8,48.6,49.8,33.5,41.5,41.6,3.6,4.6,6.6,future_heat_stress
36.6,42.4,42.5,34.8,32.0,37.7,45.0,48.2,50.4,6.0,4.8,4.9,stable
30.1,27.7,31.9,53.3,54.9,51.2,80.3,75.8,77.8,2.9,3.1,4.1,stable
32.3,33.7,33.9,75.4,77.6,73.2,78.5,70.5,69.2,4.8,4.9,4.6,stable
33.0,30.6,32.9,69.8,62.9,60.6,30.7,26.5,34.5,6.3,4.6,4.4,future_root_zone_stress
30.8,30.9,33.7,47.8,48.2,40.6,54.3,59.7,62.3,1.1,1.9,2.4,stable
29.7,32.3,32.2,50.6,49.1,58.2,45.3,50.7,45.7,6.5,7.1,6.3,future_water_stress
32.0,32.1,33.0,62.4,63.6,60.7,61.1,52.7,57.0,6.6,6.7,6.1,future_root_zone_stress
38.0,36.0,39.9,55.9,60.0,61.3,57.5,57.7,56.5,6.1,6.0,6.5,future_heat_stress
31.4,32.2,33.3,56.9,66.9,65.2,50.6,52.4,55.2,7.7,5.7,6.7,future_heat_stress
20.8,20.8,22.5,67.1,64.3,63.1,71.3,77.1,77.3,3.4,2.3,1.6,stable
35.5,35.4,36.1,75.2,67.4,75.6,51.0,60.4,51.9,5.9,4.0,3.9,future_root_zone_stress
26.0,26.4,29.9,73.5,74.9,75.6,90.2,86.4,90.6,4.7,5.8,4.7,stable
26.6,25.5,27.7,43.5,48.8,42.6,67.4,61.1,61.6,2.3,5.7,3.3,stable
42.5,39.5,43.2,43.0,38.3,40.6,40.8,40.7,38.0,10.2,8.5,8.8,future_root_zone_stress
32.7,31.3,34.2,60.3,60.1,53.4,55.0,52.0,55.5,6.5,6.5,9.3,future_heat_stress
24.6,26.4,25.8,67.5,72.9,72.5,55.6,65.1,60.0,4.8,4.4,2.5,stable
25.0,28.0,30.2,49.9,46.0,54.6,82.0,84.1,80.0,0.6,4.1,3.0,stable
35.2,32.6,36.9,54.9,51.7,59.0,70.2,67.5,71.1,6.0,7.7,6.7,future_root_zone_stress
36.2,38.4,36.9,43.6,37.7,43.8,69.9,70.6,67.5,5.4,7.1,7.0,stable
30.0,30.4,32.8,65.9,69.4,65.1,81.1,80.3,76.8,5.1,4.3,4.4,stable
43.1,43.0,44.6,43.3,35.7,39.2,70.4,61.0,60.5,2.8,4.1,5.4,future_root_zone_stress
30.2,30.5,32.9,71.7,69.4,67.3,16.2,16.0,18.3,5.5,5.0,5.3,future_water_stress
40.5,40.2,39.3,48.8,43.2,44.2,59.2,57.6,61.8,6.6,5.7,7.7,future_water_stress
34.4,34.1,35.8,39.5,44.1,47.7,42.0,51.8,42.4,3.3,4.4,4.6,stable
35.2,38.2,38.8,48.2,47.4,48.5,60.2,51.3,56.3,7.0,9.8,9.6,future_heat_stress
36.7,37.1,37.7,44.7,50.7,44.2,57.4,57.2,56.3,6.3,6.9,6.2,stable
30.9,30.4,32.9,51.4,47.3,44.8,74.8,76.1,79.7,0.2,0.7,1.7,future_heat_stress
29.4,32.6,31.7,78.2,74.4,72.4,95.8,89.3,88.3,5.4,4.6,5.3,stable
38.9,39.5,42.6,35.4,37.6,39.2,97.0,96.2,96.7,11.5,7.4,8.7,future_heat_stress
33.2,34.4,35.1,51.4,52.8,42.4,71.3,79.1,81.0,7.7,6.3,7.5,stable
28.8,28.3,29.4,49.5,53.7,53.3,40.3,43.9,40.4,4.2,6.6,5.8,stable
40.2,39.2,41.0,45.9,46.6,45.7,48.7,40.1,47.2,4.1,2.8,4.2,future_water_stress
34.5,39.7,36.6,86.2,90.5,89.7,65.7,71.3,73.4,4.0,4.5,4.9,future_root_zone_stress
25.8,28.3,29.4,55.0,57.5,59.8,55.2,59.7,61.4,3.8,3.7,3.6,stable
26.6,26.6,30.1,62.4,55.7,58.8,39.5,49.1,44.9,4.3,5.2,4.4,stable
30.5,30.4,30.0,52.1,49.7,48.1,83.3,76.8,78.5,2.9,2.1,2.9,stable
23.8,27.1,29.4,61.1,64.2,64.9,99.9,94.7,93.8,4.9,6.2,4.5,stable
30.6,28.4,32.0,64.5,67.8,64.6,57.8,64.1,58.0,5.2,4.7,6.3,future_root_zone_stress
28.6,29.0,32.9,47.6,49.9,44.5,79.4,79.7,70.3,3.2,4.7,3.8,stable
31.4,31.7,34.4,46.7,47.1,48.0,44.0,42.9,44.7,4.1,1.9,3.0,stable
37.4,35.6,39.0,40.9,47.6,47.7,30.1,34.9,29.9,7.3,6.3,7.1,future_water_stress
33.8,31.4,32.9,60.9,63.0,62.0,42.2,49.9,47.4,5.1,4.7,4.5,stable
35.4,35.3,37.1,4.2,0.0,8.3,68.8,71.2,68.5,7.6,8.7,8.3,future_heat_stress
30.3,29.1,29.9,59.2,66.9,70.5,58.4,52.8,58.4,1.8,3.8,2.5,stable
32.6,28.7,33.3,70.7,75.6,66.6,54.8,47.9,46.2,6.0,4.0,4.0,stable
29.4,32.0,31.0,50.4,46.1,49.2,75.8,73.9,71.8,3.3,5.2,4.3,stable
25.8,30.4,28.0,52.2,55.0,55.5,42.2,40.8,44.5,5.8,2.8,4.9,stable
37.1,35.3,37.9,56.2,47.6,47.6,74.2,81.6,74.8,5.4,3.6,3.5,stable
27.8,28.0,31.4,61.5,61.3,59.7,60.0,61.6,61.0,4.9,4.4,5.3,stable
32.9,33.2,34.4,64.9,71.5,72.2,88.8,81.9,90.7,5.3,4.1,4.0,stable
25.4,27.7,30.3,67.8,62.8,63.8,56.2,51.8,58.7,1.1,2.9,3.0,stable
30.7,32.4,32.4,77.4,79.4,75.1,54.8,59.8,63.1,4.7,4.7,4.7,stable
31.4,32.8,33.6,73.2,72.9,79.1,40.4,40.8,43.5,4.6,6.5,6.1,future_root_zone_stress
35.3,32.3,35.4,68.9,72.4,72.5,68.6,76.9,73.2,2.0,4.0,3.9,stable
30.3,31.1,34.8,52.3,54.4,60.4,60.9,60.3,61.1,4.8,5.1,5.3,stable
21.7,21.2,23.5,60.6,59.0,59.1,56.2,61.4,64.9,2.8,4.5,2.6,stable
27.3,30.3,29.1,72.3,63.5,67.5,98.7,95.1,90.0,3.7,2.1,3.2,stable
38.4,37.5,37.3,58.2,50.0,50.4,71.6,74.7,66.3,8.6,7.8,7.3,future_heat_stress
32.2,29.9,30.9,48.2,48.8,49.6,32.8,29.2,31.0,5.9,6.5,7.4,future_water_stress
31.9,31.7,31.2,42.0,54.9,52.7,46.7,53.4,45.7,3.3,3.3,4.0,stable
28.0,28.9,27.6,53.0,52.4,49.4,43.0,38.2,41.8,0.7,3.0,1.6,stable
36.5,37.0,39.5,44.7,39.6,40.7,47.1,53.0,54.1,6.0,3.4,4.0,future_water_stress
39.7,37.9,39.8,61.8,59.3,65.0,72.9,75.6,72.8,7.5,5.8,6.9,stable
39.3,41.2,41.7,45.7,47.2,49.7,51.6,54.4,56.7,5.8,6.3,6.4,future_heat_stress
27.0,28.3,27.8,62.9,64.5,59.3,80.4,80.1,81.2,3.5,1.2,2.1,stable
33.0,35.9,35.6,48.9,44.4,50.8,65.0,59.8,58.3,5.0,4.0,4.8,stable
28.6,28.8,29.3,76.0,76.3,69.8,59.1,59.3,62.3,3.4,2.7,2.8,stable
34.6,36.6,38.4,56.4,48.2,56.5,50.6,49.4,45.0,7.9,8.2,7.6,future_heat_stress
24.7,26.6,30.8,67.5,76.7,66.8,56.7,53.7,56.9,4.4,4.7,4.1,stable
31.0,32.9,31.6,80.2,84.3,78.9,67.0,68.2,66.4,2.8,4.1,4.4,stable
27.2,31.4,32.8,72.5,66.2,71.5,55.0,52.8,52.4,3.7,4.2,5.3,stable
29.2,30.7,34.0,63.0,67.1,64.9,41.1,44.7,43.4,7.6,5.3,6.4,future_water_stress
25.0,26.1,25.7,57.6,56.0,51.8,58.8,59.2,65.0,4.2,4.0,3.1,stable
30.0,33.8,34.7,89.5,90.3,86.9,63.7,58.9,59.2,2.1,4.5,3.9,stable
26.3,28.7,27.1,67.8,65.1,64.4,86.3,83.3,84.2,6.1,4.0,4.4,stable
27.4,29.7,30.4,72.1,71.5,72.8,91.8,96.3,90.8,1.4,2.9,1.7,stable
25.0,25.1,27.8,68.7,69.7,68.8,73.2,78.1,76.2,0.0,0.5,-0.3,stable
28.7,30.7,31.2,61.8,56.0,57.7,59.4,64.3,60.0,9.4,6.7,7.2,future_heat_stress
32.4,34.0,38.0,52.7,55.1,51.6,62.0,63.1,68.9,5.6,5.1,5.0,stable
30.6,28.7,30.4,75.3,78.9,76.5,44.3,43.2,51.2,1.9,2.2,1.7,stable
36.8,38.4,38.2,65.5,63.1,58.5,90.1,86.2,88.4,8.2,7.6,7.2,future_heat_stress
31.9,31.6,31.3,35.3,39.7,45.0,61.4,62.9,67.9,4.7,3.0,3.4,stable
21.8,21.1,25.6,72.8,80.0,78.4,41.2,42.9,45.0,1.0,2.0,3.1,stable
39.6,40.5,40.3,48.6,37.3,44.7,73.9,75.0,74.8,3.9,5.6,6.0,stable
34.0,29.9,33.0,85.0,81.4,79.4,67.0,68.9,69.8,3.4,5.0,3.7,stable
41.4,40.4,39.6,23.3,31.2,30.1,30.4,31.4,29.6,6.0,8.1,8.8,future_root_zone_stress
48.4,50.8,49.2,24.8,17.0,22.6,46.3,49.1,48.0,9.1,8.7,7.8,future_heat_stress
29.6,30.5,31.9,72.5,75.9,79.1,86.6,84.0,86.9,0.8,2.9,1.9,stable
26.8,29.7,27.7,53.4,52.8,52.5,70.9,72.5,72.2,4.2,4.3,5.8,stable
29.3,30.5,28.4,81.2,74.8,77.6,84.1,81.0,81.5,2.0,2.6,3.2,stable
26.1,27.1,30.8,72.8,71.0,67.4,85.5,81.0,79.6,4.1,4.7,3.5,stable
28.8,28.4,30.8,45.4,41.2,43.6,43.9,43.9,44.8,10.1,8.2,8.6,stable
32.7,34.8,35.9,46.6,47.7,41.9,13.7,15.7,16.2,4.5,5.2,6.2,future_water_stress
33.5,35.7,34.1,42.9,51.8,51.8,73.5,69.9,70.6,9.5,9.0,7.9,future_heat_stress
31.0,30.3,30.5,48.7,48.1,54.1,60.8,61.2,63.3,5.1,4.3,5.1,stable
36.7,36.7,40.1,46.9,48.9,46.7,21.3,24.1,21.2,7.5,7.9,7.7,future_root_zone_stress
33.4,33.5,35.9,43.2,41.9,34.0,65.3,71.5,65.2,9.4,6.4,7.5,future_heat_stress
32.7,31.1,29.5,73.1,63.6,76.8,62.3,64.7,61.6,4.3,3.3,3.6,stable
20.6,23.4,25.6,52.9,54.5,51.9,85.6,86.0,89.7,0.8,3.9,3.1,stable
28.4,27.9,31.1,74.1,74.1,74.9,47.2,49.7,48.4,2.7,3.0,3.5,stable
24.5,24.5,26.9,45.3,46.8,53.6,78.0,70.3,73.4,4.8,3.5,3.5,stable
32.9,32.3,34.3,64.7,51.6,55.2,96.1,97.7,95.9,0.2,2.1,2.4,stable
25.8,25.8,29.7,80.1,84.1,85.3,81.0,80.0,86.5,4.9,4.9,5.0,stable
23.0,23.0,24.6,79.2,80.4,74.0,51.4,48.4,49.7,3.8,5.2,5.7,stable
34.9,36.3,40.0,64.3,71.3,61.8,65.2,60.3,60.0,5.1,4.6,5.1,stable
30.7,31.6,32.9,49.9,47.3,50.3,61.7,53.3,55.6,3.2,3.1,2.6,stable
33.4,32.8,34.4,82.7,82.4,77.4,53.7,50.0,47.4,2.1,2.8,3.2,stable
28.4,28.1,28.5,67.6,78.9,75.1,82.1,77.4,75.0,4.4,3.3,4.4,stable
36.7,36.7,37.9,55.3,48.6,55.2,62.0,62.8,61.5,5.9,5.8,6.2,future_heat_stress
41.1,41.7,41.1,51.5,45.8,43.9,41.4,40.6,39.5,6.2,7.0,7.7,future_root_zone_stress
29.9,30.8,33.2,60.6,67.0,72.3,91.3,85.3,88.3,8.4,6.4,6.6,future_root_zone_stress
33.2,33.6,35.6,30.0,37.1,32.4,76.7,70.5,74.4,7.0,6.5,6.5,stable
27.6,31.7,31.8,56.5,49.9,53.4,43.2,47.4,43.9,2.8,3.4,2.5,stable
26.0,24.9,28.1,81.7,73.9,82.2,81.3,88.8,87.6,4.0,3.8,3.4,stable
31.8,29.2,30.7,57.7,56.3,58.4,44.1,41.0,40.9,0.8,3.7,4.2,stable
46.7,47.5,47.0,16.0,21.7,18.3,67.3,60.1,64.5,10.5,13.4,11.2,future_heat_stress
29.1,32.5,33.2,78.3,75.3,71.1,62.0,59.7,64.0,3.0,5.1,4.7,stable
22.9,22.4,24.6,50.9,46.4,45.4,43.0,46.3,44.6,8.3,6.7,8.2,future_water_stress
38.2,38.2,39.5,67.9,67.3,68.9,85.5,89.9,85.7,4.2,7.3,7.2,future_heat_stress
28.1,28.0,28.7,59.2,67.5,61.2,61.1,63.1,60.1,1.2,3.1,2.4,stable
25.9,27.0,27.1,40.7,41.7,44.4,77.5,80.2,82.4,4.7,4.6,3.1,stable
39.4,41.6,40.1,49.3,52.2,54.5,68.8,75.8,69.7,5.8,3.8,3.5,stable
31.5,29.0,31.2,89.9,82.3,87.6,83.0,77.8,75.2,1.5,3.0,2.8,stable
44.8,44.8,43.9,43.5,35.5,35.5,43.7,49.6,49.1,7.4,10.1,9.5,future_heat_stress
38.4,38.4,38.5,36.0,27.9,29.1,76.8,83.3,80.3,4.9,4.3,3.6,stable
26.4,26.6,25.7,68.9,67.0,68.8,76.2,76.2,74.2,3.3,2.5,3.1,stable
23.2,27.8,27.1,81.6,75.6,80.5,58.6,59.3,57.4,5.7,3.3,2.2,stable
26.4,29.1,32.9,75.7,74.3,71.1,34.6,37.1,33.1,8.6,6.5,6.7,future_root_zone_stress
39.1,37.8,38.5,60.6,51.7,53.3,51.9,57.4,58.4,8.9,9.0,9.7,stable
26.5,26.4,30.1,69.6,66.2,65.6,45.6,48.4,49.3,6.0,4.6,4.8,stable
23.7,24.3,25.4,69.3,76.1,71.5,91.3,88.9,92.5,6.1,4.7,5.8,stable
45.8,45.0,45.5,13.9,12.1,14.8,52.1,47.0,45.4,10.1,12.9,11.2,future_heat_stress
29.7,28.1,30.3,58.1,55.5,63.6,67.1,69.4,66.8,3.6,3.2,4.3,stable
32.1,36.6,35.7,44.1,47.5,44.2,87.2,86.9,88.4,5.6,6.1,5.1,stable
33.5,33.0,35.0,28.9,21.8,26.2,41.4,45.9,39.9,5.3,7.2,6.3,future_heat_stress
38.1,38.6,36.3,79.5,78.5,81.3,49.6,54.1,55.3,4.0,5.2,6.5,future_water_stress
36.7,36.1,39.9,45.7,44.2,46.3,66.2,68.8,67.1,7.6,8.9,7.7,future_heat_stress
30.5,31.6,30.7,69.2,78.0,76.5,67.8,65.7,67.4,5.3,5.4,4.1,stable
28.8,34.1,35.4,71.8,70.8,70.9,74.1,77.0,72.2,3.0,2.5,4.7,stable
32.1,32.2,33.3,57.9,57.5,57.1,59.4,64.3,65.3,0.6,1.7,2.3,stable
39.3,37.4,40.0,35.0,26.0,30.1,37.3,35.9,35.6,6.1,3.3,5.3,stable
30.2,31.2,29.6,74.6,78.2,77.5,72.2,65.3,67.7,2.2,1.3,3.0,stable
24.6,25.2,27.9,76.5,75.8,77.8,45.1,37.8,43.5,4.6,4.8,4.8,stable
25.8,27.9,30.3,64.0,72.8,76.2,72.5,64.5,69.6,4.3,2.2,1.6,stable
29.7,30.9,32.1,58.2,49.1,48.5,79.2,79.7,78.1,-1.5,0.1,-1.0,stable
30.6,30.5,31.3,61.9,65.4,64.3,35.1,34.8,32.4,6.9,6.2,6.4,future_water_stress
31.3,31.9,31.6,65.2,61.7,52.9,33.0,34.3,30.1,4.9,6.2,5.6,future_water_stress
39.6,37.8,41.1,39.0,38.5,38.1,12.6,18.6,16.1,3.4,5.8,6.2,future_water_stress
39.0,36.6,36.3,23.9,29.1,29.8,75.3,73.4,72.4,8.4,9.2,7.9,future_heat_stress
29.5,30.4,29.1,56.3,57.0,58.3,60.7,57.3,60.7,3.1,3.1,4.0,stable
31.7,29.3,29.2,45.2,42.1,42.6,48.8,51.2,42.8,4.0,2.0,2.9,stable
24.4,26.7,24.4,62.9,63.2,63.9,43.6,45.2,50.5,2.2,4.2,3.4,stable
34.1,34.5,35.0,28.4,34.7,32.2,73.4,69.5,74.5,7.3,6.2,5.8,stable
37.2,42.1,40.9,49.8,51.6,51.5,48.0,49.7,53.2,8.8,6.4,7.7,future_heat_stress
32.2,33.6,32.5,58.5,55.0,55.8,46.6,52.7,53.7,5.8,2.4,4.9,stable
31.2,34.5,34.6,25.7,35.8,24.8,75.4,74.9,70.1,6.3,4.6,5.1,stable
34.6,33.9,34.5,64.2,65.7,64.7,42.5,42.5,40.4,3.2,4.0,3.0,future_root_zone_stress
28.7,28.4,30.2,70.8,85.2,81.3,64.2,65.0,68.9,4.5,5.4,3.7,stable
36.4,33.7,38.2,57.7,54.9,52.7,50.1,47.7,48.4,7.8,6.5,7.8,future_water_stress
40.5,41.4,41.7,40.7,36.5,43.4,68.6,69.8,62.2,7.0,5.9,5.6,stable
28.8,26.9,26.9,60.3,59.5,59.6,42.6,45.8,51.1,5.5,4.0,2.3,stable
34.0,32.0,32.6,66.6,72.8,78.3,42.8,46.5,48.2,6.0,7.6,6.7,future_heat_stress
33.0,33.4,32.6,49.7,45.1,50.1,57.7,63.7,63.0,5.9,3.6,3.2,stable
38.7,37.5,38.8,60.0,61.3,65.9,77.7,68.8,67.4,6.0,5.3,5.6,stable
28.0,30.9,29.8,55.2,52.9,55.7,73.4,69.1,64.4,5.3,9.0,7.7,future_water_stress
31.1,33.6,35.6,72.1,75.4,69.1,57.9,56.2,56.4,1.0,2.6,3.7,stable
25.4,25.0,27.7,75.2,74.4,77.2,60.3,69.4,63.9,5.7,5.3,3.8,stable
27.6,28.9,31.2,49.8,52.2,54.4,82.5,74.6,75.5,5.7,6.1,6.5,stable
27.6,28.4,29.3,38.3,45.7,35.2,48.6,52.1,52.1,3.5,3.1,4.1,stable
38.8,39.6,41.2,28.7,22.7,24.1,94.6,89.7,85.1,10.6,9.5,9.8,future_heat_stress
28.0,27.5,30.0,58.1,54.4,53.6,49.7,50.0,51.0,6.0,5.7,4.1,stable
34.2,33.6,33.3,56.1,59.9,56.1,50.0,62.5,57.3,5.5,6.6,5.5,stable
30.4,30.3,30.6,79.7,80.5,76.7,78.0,83.3,78.1,3.7,5.2,5.0,stable
41.6,40.8,39.4,47.1,44.5,51.4,43.8,48.5,48.6,6.0,8.4,8.9,future_root_zone_stress
30.1,29.6,32.3,78.8,73.9,82.2,66.6,74.0,66.5,1.0,3.8,3.3,stable
26.3,30.3,30.2,34.4,34.7,34.0,13.3,1.9,10.1,7.2,8.7,7.1,future_water_stress
24.6,24.9,24.9,56.0,46.8,51.5,53.8,50.0,47.3,2.0,1.5,3.3,stable
27.2,28.2,30.4,57.9,54.6,62.7,52.9,56.6,51.3,2.3,3.3,2.2,stable
25.6,24.2,28.6,84.3,91.0,83.2,47.1,40.8,46.6,0.2,1.7,1.1,stable
32.8,35.1,37.3,40.0,52.2,48.5,44.1,43.8,39.2,8.7,7.5,8.8,future_heat_stress
37.4,38.4,39.3,79.2,77.1,66.8,56.1,52.0,53.5,2.8,4.7,3.7,future_heat_stress
41.8,40.6,41.9,44.2,50.8,45.0,16.7,21.9,18.2,7.7,6.0,6.6,future_water_stress
24.6,26.3,26.8,54.9,56.3,55.4,41.6,47.6,47.0,6.0,3.7,4.0,stable
23.0,25.9,25.3,66.0,57.7,67.5,51.6,48.5,47.9,2.4,4.0,3.8,stable
26.0,27.6,28.2,73.7,77.5,72.1,35.1,41.3,37.8,3.5,5.8,6.0,future_root_zone_stress
34.7,31.3,32.6,32.9,36.6,40.3,47.8,51.2,51.0,4.4,4.3,5.9,stable
39.2,40.4,38.2,50.4,41.6,39.5,72.3,77.5,71.8,4.2,5.5,5.4,stable
27.0,29.5,31.0,82.1,80.0,81.2,85.3,76.4,78.7,3.7,1.7,1.7,stable
43.5,42.0,41.5,53.1,46.6,50.2,81.8,89.7,87.5,7.1,3.6,4.1,future_heat_stress
24.4,23.4,24.3,76.4,72.7,77.9,83.1,78.3,81.1,1.7,1.2,2.8,stable
33.9,36.7,37.5,40.7,32.8,39.4,67.6,70.4,69.4,7.5,8.1,5.9,stable
37.1,39.0,40.1,34.8,35.5,32.4,28.5,27.3,23.8,6.7,6.2,8.0,future_water_stress
29.3,31.8,30.0,56.6,61.3,62.5,96.9,92.5,91.7,2.3,3.7,3.6,stable
29.6,29.0,27.3,59.7,64.6,57.3,28.2,26.2,31.4,4.6,4.5,6.7,future_root_zone_stress
29.2,27.5,30.4,78.8,79.2,79.2,62.0,62.4,65.1,2.5,3.3,2.2,stable
39.9,41.0,40.0,62.6,62.7,56.3,70.2,70.9,66.2,4.4,5.2,4.8,future_water_stress
39.5,37.5,38.7,21.5,31.9,25.4,58.9,60.5,61.8,4.7,5.1,4.9,stable
29.0,27.0,27.4,56.2,53.9,59.2,93.5,94.0,91.2,2.1,2.9,2.8,stable
29.9,32.7,33.7,68.0,61.8,58.6,69.7,60.6,62.4,3.7,4.7,4.5,stable
41.3,39.8,41.7,55.3,51.0,59.7,66.5,61.5,59.6,7.0,8.9,8.0,future_root_zone_stress
33.1,33.4,33.5,64.7,70.0,65.4,62.6,71.1,69.8,2.8,4.2,3.7,stable
29.3,29.0,27.4,73.4,70.9,73.4,66.7,59.3,66.8,4.8,2.4,3.0,stable
28.2,28.7,29.1,72.2,80.7,84.1,74.4,76.3,76.6,3.4,3.5,4.1,stable
34.9,34.3,35.8,55.8,62.5,57.4,32.6,38.4,40.2,4.7,7.1,5.5,future_water_stress
30.5,32.5,33.5,85.2,91.2,92.6,68.6,68.9,67.3,1.6,1.9,1.2,stable
26.5,26.3,27.3,61.4,62.6,64.7,50.6,49.1,51.9,1.9,5.1,3.2,stable
25.0,28.2,26.7,78.5,86.7,81.1,45.0,40.2,39.0,3.1,4.8,4.1,stable
31.2,32.9,31.2,51.4,51.9,45.6,92.1,99.7,96.7,3.1,2.6,3.2,stable
24.8,21.9,25.3,66.9,67.8,66.4,47.9,52.4,47.0,6.3,4.0,4.7,stable
31.6,31.0,34.6,48.0,50.4,42.6,53.8,63.8,63.8,2.3,3.2,3.8,stable
33.0,36.6,36.9,68.9,65.6,61.2,57.2,59.2,53.4,6.7,3.8,5.5,stable
36.5,34.4,36.5,53.7,54.6,51.5,76.8,72.4,73.8,3.0,4.1,4.3,stable
42.9,39.8,40.3,40.2,31.2,33.8,90.2,83.7,81.3,8.5,7.6,9.1,future_heat_stress
23.3,24.6,27.1,77.7,79.5,78.3,43.2,43.1,36.7,5.1,6.1,3.8,stable
26.7,27.8,31.2,73.8,58.7,67.2,67.6,66.8,75.6,3.1,4.0,2.2,stable
23.8,23.5,25.3,78.3,82.9,78.6,89.7,90.9,87.2,2.6,5.9,5.2,stable
28.0,29.0,26.7,69.5,62.4,58.0,47.4,45.6,52.6,0.6,2.4,2.7,stable
36.6,41.4,39.2,35.3,34.4,36.5,42.6,45.8,46.9,8.8,5.9,8.2,future_water_stress
39.4,40.5,41.8,65.7,62.3,62.4,66.5,68.4,65.9,5.0,6.4,7.9,stable
41.8,38.6,42.9,55.7,49.3,48.4,49.0,48.0,53.3,4.7,4.2,6.7,stable
41.5,41.2,44.3,30.6,32.2,36.7,64.6,63.1,59.6,12.8,9.9,10.3,future_heat_stress
26.4,28.3,27.0,62.3,55.0,65.1,74.6,68.9,74.2,2.5,3.6,4.2,stable
36.3,38.1,39.5,27.9,31.3,35.9,78.8,78.2,74.5,8.8,8.1,7.9,future_heat_stress
30.9,33.2,32.8,63.6,75.1,68.5,71.3,74.0,76.6,3.6,4.2,5.4,stable
29.2,30.8,29.9,74.2,67.0,75.4,59.7,60.3,62.6,2.9,3.9,3.2,stable
27.3,29.0,30.5,48.1,54.8,59.9,38.5,34.7,37.8,5.8,6.8,5.5,future_water_stress
30.0,31.2,29.5,62.2,62.0,54.7,83.2,84.7,82.9,1.3,1.3,1.5,stable
26.9,25.9,28.5,62.3,70.6,63.0,41.6,40.6,41.6,2.3,5.6,4.8,stable
28.6,25.8,29.3,57.7,54.0,60.7,47.1,52.7,47.7,1.0,0.6,0.3,future_root_zone_stress
32.1,33.9,34.5,53.4,50.8,52.9,87.4,88.7,88.0,8.9,5.3,5.6,stable
30.1,33.5,33.0,58.1,71.2,65.8,49.4,52.4,57.9,2.8,4.4,4.0,stable
24.5,25.2,26.6,55.0,59.6,66.8,49.9,50.0,51.3,3.7,1.6,3.1,stable
29.0,29.9,27.2,64.7,68.2,66.9,83.4,78.2,80.6,2.9,3.4,1.9,stable
24.4,24.0,26.2,81.4,76.4,79.3,82.6,72.8,80.7,2.5,2.7,3.8,stable
32.9,36.5,34.8,50.6,43.0,45.2,39.8,44.2,42.6,3.5,5.4,4.9,future_heat_stress
29.3,27.4,29.9,81.3,82.7,83.9,45.1,50.1,52.2,5.2,4.2,4.7,stable
33.3,32.4,35.3,41.3,46.5,43.8,29.6,24.3,28.7,8.7,8.0,7.6,future_water_stress
21.7,20.6,23.0,64.7,78.0,70.9,53.7,47.4,45.9,3.5,3.3,2.8,stable
25.9,26.1,26.8,50.7,47.8,56.8,62.1,62.0,64.4,1.6,3.3,3.1,stable
35.3,36.3,37.0,57.6,53.8,57.3,72.3,76.2,75.2,5.1,5.9,5.3,stable
24.1,25.2,25.7,61.5,68.2,64.1,54.2,55.2,60.2,3.9,1.9,1.6,stable
21.7,19.6,23.3,76.3,74.0,71.6,55.9,57.2,60.6,5.0,4.6,4.6,stable
39.0,40.0,37.3,33.5,33.5,38.2,37.4,44.4,44.8,5.5,5.6,6.3,stable
20.0,24.1,23.3,81.9,76.0,75.4,56.5,60.2,58.3,4.3,5.2,3.3,stable
25.2,27.7,25.1,67.6,74.4,70.7,58.7,63.0,65.6,1.9,3.0,2.9,stable
32.4,31.8,31.6,72.0,77.9,72.5,85.3,90.5,85.1,5.6,6.4,7.9,future_root_zone_stress
30.1,30.2,34.3,52.9,53.0,48.9,45.5,39.6,38.1,4.8,3.4,4.9,future_root_zone_stress
36.4,37.2,39.3,43.5,40.8,39.8,46.9,54.9,52.5,3.7,4.1,4.9,stable
25.6,22.8,26.6,48.4,57.7,46.5,58.5,57.8,60.3,3.6,3.2,4.1,stable
38.0,36.8,40.1,50.7,54.8,53.4,66.1,71.0,69.5,3.8,5.2,5.1,stable
30.0,32.0,32.0,78.3,78.3,78.1,33.3,43.7,42.5,6.3,6.3,7.0,future_water_stress
23.7,26.2,25.1,47.9,45.7,48.4,78.8,76.1,73.8,3.1,1.3,2.0,stable
29.2,32.0,31.7,55.9,57.0,47.6,57.2,56.0,59.4,6.6,4.3,5.1,future_root_zone_stress
46.1,47.9,47.0,26.9,29.8,25.5,59.9,67.0,63.3,9.3,7.8,8.4,future_heat_stress
24.8,27.1,29.5,49.8,57.8,48.5,63.4,52.2,52.8,2.3,3.1,4.5,stable
29.1,27.1,29.9,45.3,50.3,45.7,54.5,49.5,50.2,2.0,3.0,2.1,stable
35.2,36.0,35.1,97.9,95.6,89.2,39.7,42.6,48.9,3.5,2.4,2.8,future_root_zone_stress
43.2,42.8,40.8,67.0,75.3,62.6,79.9,78.8,80.1,9.0,8.2,8.5,future_heat_stress
34.4,37.1,39.5,32.6,32.9,35.8,53.0,55.7,55.7,5.1,5.0,4.8,stable
25.0,24.7,28.1,55.1,66.9,65.0,59.3,50.4,55.0,4.7,3.7,2.5,stable
41.4,45.0,43.8,47.7,38.2,42.5,57.3,57.1,59.3,10.3,8.5,9.5,future_root_zone_stress
37.0,36.7,39.0,40.3,33.3,38.6,88.2,88.8,87.7,1.8,4.9,3.7,stable
32.1,32.9,34.6,59.7,58.6,57.7,33.6,37.4,32.7,7.8,7.8,6.0,future_water_stress
36.8,34.9,38.5,65.7,61.1,65.2,90.6,94.0,93.6,3.8,6.4,5.8,future_heat_stress
36.2,36.8,34.5,40.3,31.2,42.9,56.3,54.9,55.7,5.3,1.9,4.5,stable
33.4,34.1,35.1,37.8,34.6,32.5,75.9,74.6,75.7,5.7,9.0,7.9,future_heat_stress
26.4,29.4,29.5,43.1,44.0,49.6,69.6,63.4,68.5,2.2,4.5,5.8,stable
31.6,34.3,35.7,49.1,41.2,47.4,51.2,42.1,47.5,4.6,5.8,4.5,stable
28.7,28.6,29.0,50.9,58.1,56.5,50.0,54.0,49.7,6.8,4.6,4.0,future_root_zone_stress
32.8,37.0,38.2,59.5,58.5,57.6,49.8,46.0,44.9,6.4,6.7,7.5,future_heat_stress
37.5,37.2,36.5,64.7,62.8,59.2,69.5,60.6,62.8,10.1,10.7,10.4,stable
29.8,32.9,33.7,47.1,40.9,51.6,73.3,74.1,73.1,4.1,2.6,2.4,stable
30.0,34.9,32.8,63.4,61.0,63.1,27.1,35.2,33.3,2.9,4.8,4.8,future_root_zone_stress
30.5,29.1,32.0,66.6,60.4,58.0,61.3,55.4,58.6,3.1,3.8,2.7,stable
32.0,30.7,30.1,57.2,62.1,55.0,53.3,52.4,48.7,5.2,7.5,6.3,future_root_zone_stress
25.2,27.7,26.5,84.9,81.6,84.1,53.6,54.5,52.4,2.7,2.7,2.7,stable
35.5,36.4,36.2,41.8,37.8,40.9,63.3,66.3,63.1,6.1,5.3,4.4,stable
33.1,34.3,35.2,76.6,82.9,76.0,29.6,30.0,30.9,4.8,5.5,4.6,future_water_stress
32.6,34.7,33.9,47.8,40.3,35.6,67.9,74.0,74.1,4.1,3.8,4.9,future_heat_stress
31.4,28.3,31.5,60.1,59.5,52.4,65.2,62.7,67.2,1.5,2.8,2.4,stable
27.5,26.0,27.0,36.8,41.2,37.8,49.2,41.6,47.2,3.4,4.7,5.7,stable
29.2,30.2,30.1,76.6,75.8,75.3,66.7,67.7,65.6,5.0,4.4,5.4,stable
26.5,29.0,28.5,79.3,79.5,75.7,68.6,67.4,73.5,2.7,4.1,5.3,stable
20.3,20.3,20.7,49.3,52.6,55.6,73.3,69.4,67.1,1.1,1.7,1.8,stable
36.6,33.8,38.0,82.4,80.8,78.6,52.9,49.9,47.6,0.9,3.6,3.9,stable
42.3,40.5,42.0,46.5,46.7,48.2,96.0,96.6,99.5,9.2,7.7,7.9,future_heat_stress
34.3,35.9,34.8,69.7,61.5,65.5,41.2,37.8,43.9,5.5,6.6,5.4,future_water_stress
34.4,35.3,34.8,53.4,54.4,47.2,46.5,50.6,52.6,4.5,2.8,3.6,future_water_stress
22.4,24.8,24.2,52.6,48.0,41.7,39.5,46.3,40.4,2.4,5.7,4.5,stable
25.0,25.7,25.8,49.3,48.0,52.0,70.4,78.1,69.7,4.1,4.3,2.8,stable
39.8,38.5,42.2,32.4,32.1,31.3,60.6,60.3,64.9,7.7,5.7,6.5,stable
27.9,28.0,28.5,65.3,71.1,75.2,46.6,47.4,55.3,4.9,4.6,3.6,stable
28.4,30.2,30.0,51.8,47.7,51.0,69.4,83.8,80.0,3.9,5.8,5.0,stable
28.5,28.5,28.8,68.1,58.9,62.9,72.3,76.0,79.2,8.3,6.9,7.4,stable
28.7,28.7,29.1,85.7,80.9,76.3,41.9,34.9,36.1,6.5,6.2,5.5,future_root_zone_stress
26.6,27.3,31.0,70.1,65.5,65.5,53.6,57.8,53.2,4.9,2.9,3.0,stable
19.6,24.4,23.2,61.9,55.2,57.2,58.6,51.3,51.4,3.5,3.5,3.4,stable
42.0,43.8,45.1,57.8,52.7,62.5,82.3,80.4,78.9,5.2,6.4,5.9,stable
22.3,24.4,23.4,70.7,72.5,78.3,44.7,49.3,44.5,0.7,1.3,3.5,stable
32.4,32.0,32.5,66.1,63.9,63.8,53.9,51.6,49.6,4.8,6.0,5.2,stable
44.3,43.1,40.7,26.4,29.1,29.4,40.7,48.7,45.3,10.6,9.9,10.9,future_heat_stress
28.1,30.2,30.8,48.5,53.1,60.0,64.7,61.0,66.1,0.9,-0.1,-0.2,stable
41.0,37.6,41.1,44.0,51.8,46.1,82.0,77.5,78.0,6.6,5.7,4.2,stable
28.1,27.2,27.2,71.1,73.7,71.0,41.2,47.9,42.4,1.5,4.6,3.3,stable
29.0,31.0,29.0,52.9,58.3,59.6,45.6,42.2,43.5,5.3,6.0,6.3,stable
39.6,37.7,38.6,57.7,62.0,61.7,75.9,74.5,72.0,7.2,7.8,8.3,future_heat_stress
39.0,35.0,38.0,72.1,62.3,62.1,49.8,47.1,50.4,3.0,3.9,4.2,future_water_stress
35.3,36.8,38.4,46.3,59.5,54.2,49.6,55.1,55.7,4.4,3.9,4.4,future_root_zone_stress
43.1,42.5,42.7,25.0,14.9,15.3,64.1,66.8,67.1,8.7,7.7,8.2,future_heat_stress
33.5,34.1,32.7,30.1,32.5,35.5,44.9,41.2,43.9,9.7,6.3,6.3,stable
39.0,38.8,42.0,20.9,22.1,20.4,35.9,34.4,40.0,5.8,6.3,7.1,future_water_stress
27.6,28.1,28.8,54.9,47.8,50.9,60.4,55.8,58.5,5.6,5.8,4.3,stable
31.4,32.2,29.1,76.8,76.1,74.4,66.2,66.1,69.5,5.9,6.4,6.3,future_root_zone_stress
35.1,36.9,36.8,74.4,80.6,85.0,62.8,67.3,64.0,3.9,4.6,4.6,stable
36.3,36.2,37.0,48.9,50.3,52.8,75.0,84.5,83.6,7.1,7.7,7.8,future_heat_stress
31.0,32.5,31.6,48.6,56.7,54.9,50.9,58.0,57.6,3.6,3.0,2.8,stable
26.1,28.0,28.6,61.4,67.7,67.6,67.5,66.1,68.3,4.1,5.3,4.0,stable
32.9,31.8,32.6,58.8,54.9,50.6,53.9,59.0,56.1,5.5,4.5,4.5,stable
29.6,31.1,34.2,39.6,48.8,43.8,55.8,48.7,54.9,8.6,7.5,7.1,future_heat_stress
40.0,36.6,41.1,59.1,58.0,56.1,83.4,84.2,83.2,8.2,6.6,7.0,future_heat_stress
31.8,31.0,35.5,54.6,61.0,54.1,44.2,44.5,45.3,6.3,5.1,5.4,stable
39.5,41.3,41.5,57.3,54.8,57.8,68.6,62.6,65.4,7.1,6.3,5.7,future_root_zone_stress
28.0,29.6,28.4,69.9,59.8,68.0,72.1,70.5,67.7,4.1,4.2,4.5,stable
33.4,31.6,34.8,65.5,61.9,60.9,79.4,80.2,76.9,2.1,2.8,4.1,stable
29.2,27.0,28.1,52.1,49.6,49.8,56.3,48.0,51.4,2.1,3.7,4.0,stable
29.4,31.2,29.9,59.7,65.4,62.9,49.0,46.1,48.4,2.4,0.7,0.8,stable
40.8,41.0,39.5,26.5,24.4,21.9,76.6,82.0,77.1,10.2,7.8,9.0,future_heat_stress
22.1,25.1,26.4,52.1,65.3,60.0,74.0,77.2,76.4,1.4,1.7,3.3,stable
39.9,45.4,44.9,18.0,23.7,27.1,44.8,49.1,48.8,10.4,9.9,10.4,future_water_stress
34.3,31.7,33.2,46.3,44.0,43.5,80.6,76.8,74.4,6.8,5.0,5.0,stable
21.7,20.5,24.3,62.9,65.5,62.8,48.5,47.1,48.2,3.6,1.5,1.8,stable
25.6,26.5,27.1,72.0,71.0,66.8,51.9,48.0,50.0,5.4,7.1,4.9,future_root_zone_stress
39.6,36.5,40.1,46.5,43.5,39.1,65.5,63.9,59.8,5.3,2.4,3.5,stable
45.0,45.1,45.3,39.9,37.1,33.6,74.9,69.5,70.2,6.8,6.1,7.4,future_heat_stress
26.4,28.9,31.6,63.9,74.7,68.8,71.2,68.8,68.8,2.6,3.5,5.5,future_root_zone_stress
38.2,38.1,36.2,56.3,52.4,53.9,51.5,50.0,49.4,7.8,3.5,4.0,stable
29.8,29.0,30.4,46.8,44.0,49.0,43.8,43.8,38.8,4.0,2.5,2.6,stable
38.2,38.8,40.0,32.9,34.1,33.5,64.7,69.9,67.7,3.6,5.9,4.5,stable
32.2,31.4,34.0,42.1,43.9,52.0,53.5,51.2,50.1,5.9,3.3,3.4,stable
30.2,30.9,29.2,86.1,84.8,78.5,51.9,47.5,53.1,11.2,8.3,9.3,future_root_zone_stress
29.2,26.9,28.0,78.4,75.3,72.2,77.7,80.4,80.9,3.2,2.9,3.1,stable
40.6,38.9,41.7,34.6,30.6,30.5,68.6,67.4,70.0,7.2,4.8,5.1,stable
33.1,30.6,32.6,66.4,57.0,61.0,72.8,67.5,67.1,2.6,2.8,2.8,stable
28.1,28.0,29.1,46.8,42.4,47.5,69.0,63.8,61.8,6.5,5.4,7.5,future_water_stress
24.5,24.6,25.8,50.2,57.1,54.0,49.2,53.3,56.5,4.9,5.2,3.4,stable
25.4,26.4,28.3,64.9,60.9,58.2,52.5,52.4,55.0,2.0,3.4,3.1,stable
36.2,33.9,33.0,43.0,49.5,50.4,45.7,49.0,49.0,5.2,4.6,4.5,stable
33.9,34.6,34.0,54.3,56.0,58.2,78.1,77.3,74.5,6.2,8.4,7.8,future_heat_stress
26.2,27.4,27.3,76.0,73.0,69.4,86.2,80.7,82.2,3.3,1.7,3.1,stable
27.5,30.6,30.4,46.0,48.1,50.0,40.1,30.7,32.2,3.8,5.8,4.7,future_root_zone_stress
35.0,34.1,34.4,67.0,64.9,66.0,70.4,67.1,65.6,6.4,4.4,4.8,future_heat_stress
26.4,29.4,28.2,66.5,59.0,64.1,65.6,67.1,60.7,5.2,4.8,2.9,stable
30.3,30.4,34.3,68.5,61.2,58.6,60.7,59.0,55.3,3.9,4.0,2.4,future_water_stress
30.6,35.9,34.5,32.3,35.5,40.3,64.5,59.3,63.5,6.3,6.1,6.6,future_water_stress
39.2,38.3,40.8,42.2,41.4,42.3,47.7,44.6,47.3,6.1,5.8,6.0,stable
29.6,32.7,33.3,48.7,40.8,39.1,50.7,56.0,52.4,3.8,3.4,5.1,stable
23.5,25.6,26.4,72.3,69.9,70.0,50.0,53.5,49.2,2.1,3.3,3.3,stable
34.3,36.9,36.6,40.6,54.3,46.2,58.7,63.2,63.4,7.4,6.4,6.5,stable
29.9,31.3,30.6,61.9,60.7,60.8,75.0,69.4,77.2,2.3,4.5,4.7,stable
34.9,33.6,36.7,53.2,52.4,54.1,47.3,41.9,45.6,4.6,5.3,4.6,future_water_stress
38.7,38.0,38.7,48.8,39.6,44.1,63.4,66.7,60.0,9.4,11.0,11.2,future_heat_stress
28.3,29.1,31.3,55.0,58.8,61.8,69.6,75.8,71.9,3.0,5.2,3.5,stable
29.0,28.7,31.7,77.1,78.6,71.3,84.6,77.3,79.0,1.0,1.4,2.8,stable
36.1,35.4,40.1,36.9,38.0,44.0,66.1,74.8,72.7,4.7,6.8,5.5,stable
33.9,36.3,36.7,52.2,50.4,49.0,23.2,30.4,25.2,7.1,5.6,5.8,future_water_stress
25.0,29.6,27.9,85.3,83.5,85.3,46.0,41.6,39.3,4.8,4.6,5.1,stable
32.2,34.8,32.6,62.5,51.4,52.7,76.8,70.3,73.9,2.1,2.0,4.0,stable
35.6,35.1,37.5,38.1,37.9,36.9,53.0,56.0,49.6,5.3,7.9,7.0,stable
36.0,35.8,37.8,29.7,24.3,34.4,51.7,48.7,51.5,5.6,5.0,4.4,stable
35.4,34.7,34.8,64.7,63.6,62.5,74.5,75.9,75.9,4.0,3.4,2.9,stable
28.7,26.4,29.4,82.2,75.8,78.8,85.3,89.5,84.0,5.3,4.4,3.2,stable
35.1,36.1,38.0,36.2,27.3,35.7,82.2,79.2,81.3,7.4,7.3,6.5,future_heat_stress
43.1,43.0,43.0,44.0,31.0,35.6,59.0,54.6,58.8,7.0,9.0,8.5,future_heat_stress
25.9,24.0,29.1,50.2,47.1,45.3,81.3,79.7,80.6,3.2,2.6,3.4,stable
30.7,33.9,33.9,68.9,66.6,64.0,50.1,53.8,51.5,5.8,4.9,4.5,stable
25.4,28.0,25.8,68.6,63.1,57.2,56.5,51.9,50.5,4.5,2.8,4.7,stable
34.7,38.7,37.3,33.4,36.3,37.6,43.4,47.9,45.6,5.9,7.0,6.9,stable
42.5,42.2,43.6,43.7,50.0,46.3,51.1,48.4,49.3,6.5,7.3,8.0,future_heat_stress
32.6,31.5,34.5,45.5,38.9,44.0,65.1,68.6,59.7,8.9,8.4,7.7,future_heat_stress
22.6,20.8,23.1,80.4,81.6,77.7,55.2,58.7,51.6,5.6,4.0,3.5,stable
28.8,29.9,32.2,63.2,62.4,62.7,38.1,36.4,31.9,2.1,1.5,2.4,stable
34.1,34.1,34.0,34.2,44.3,41.6,90.7,83.0,84.0,5.6,5.1,4.1,stable
28.0,25.3,26.7,63.9,65.4,67.1,44.4,44.4,38.3,0.5,2.5,2.1,stable
23.7,26.0,23.9,58.8,58.6,62.1,52.4,42.8,52.4,4.5,3.8,3.8,stable
32.7,33.4,32.7,55.3,59.5,55.5,60.8,62.8,54.0,7.5,6.1,5.8,stable
25.4,26.4,27.0,72.6,66.2,67.6,91.3,86.7,87.1,0.9,1.7,3.6,stable
29.5,30.4,30.8,72.7,67.5,77.4,84.7,77.9,76.0,2.1,2.6,4.1,stable
26.9,28.4,30.9,41.4,45.2,48.0,63.9,55.9,60.3,1.8,2.2,1.6,stable
36.6,36.1,36.7,48.0,46.4,47.7,60.6,53.7,55.8,6.8,8.2,8.1,stable
21.1,25.5,23.8,72.5,75.4,74.5,83.9,84.8,78.8,1.4,3.2,1.8,stable
36.7,39.9,40.3,56.4,60.3,63.4,63.2,60.2,65.3,9.2,6.2,5.8,future_heat_stress
29.8,30.1,30.0,65.3,57.3,58.3,71.0,70.1,67.4,2.1,2.6,4.5,stable
27.4,26.5,28.5,48.0,47.5,53.0,53.0,53.3,52.2,1.8,3.4,2.4,stable
28.4,28.9,28.8,44.8,48.9,47.4,77.3,78.1,74.3,3.6,3.6,4.3,stable
26.2,23.5,27.6,55.5,47.7,47.0,32.4,28.6,33.7,5.4,6.0,5.1,future_root_zone_stress
28.6,27.6,27.8,98.3,88.7,88.8,90.8,88.8,93.9,1.0,3.4,4.0,stable
26.2,27.7,26.2,70.5,62.0,62.4,59.6,59.0,58.0,3.5,5.0,4.9,stable
37.9,34.7,39.4,56.7,53.3,49.8,77.4,75.6,78.8,9.6,8.6,8.3,stable
39.2,41.2,41.5,66.1,66.2,63.1,48.0,50.7,52.4,5.8,8.1,8.5,future_root_zone_stress
40.2,39.9,40.9,42.3,43.7,45.9,81.0,71.9,79.0,7.3,7.2,6.6,stable
27.9,30.1,28.8,60.0,49.8,49.5,42.0,42.2,47.5,6.9,3.4,4.6,stable
25.3,26.0,27.4,73.2,66.7,72.1,49.5,52.0,49.1,4.1,3.4,4.2,stable
31.3,33.8,34.8,71.3,68.7,63.3,49.8,47.6,46.4,4.3,3.8,4.4,future_water_stress
25.3,28.8,31.0,76.7,65.7,72.1,22.0,28.6,29.0,1.1,3.4,4.6,future_water_stress
34.8,33.2,34.5,47.1,57.4,45.7,55.9,59.3,62.7,2.0,4.6,4.7,future_heat_stress
29.4,31.0,32.5,46.6,55.5,49.6,57.1,60.9,63.5,8.3,8.2,8.3,future_heat_stress
25.3,26.1,26.0,79.5,81.9,77.9,46.0,49.2,48.8,0.7,-0.6,-0.2,stable
31.9,31.0,32.4,69.1,77.3,73.2,69.6,67.5,66.6,2.3,3.9,3.1,stable
38.4,36.4,38.9,14.9,20.5,13.2,59.8,63.4,54.8,8.3,10.1,11.0,future_heat_stress
28.1,27.1,26.7,80.5,84.3,78.2,63.4,61.5,56.5,4.7,5.0,4.2,stable
31.4,32.5,31.8,54.8,46.6,52.8,17.4,18.3,14.2,3.4,4.9,5.0,future_water_stress
35.4,37.9,40.0,57.3,62.4,54.8,68.7,67.5,66.6,0.8,2.4,4.0,stable
29.5,29.6,33.4,61.6,51.7,53.5,44.5,49.5,43.3,5.6,6.0,5.0,stable
25.2,28.0,28.4,36.8,31.7,35.2,68.3,66.5,67.8,5.0,4.0,4.5,stable
29.6,31.6,35.1,52.7,53.9,50.6,59.5,66.2,56.3,3.8,3.5,2.7,stable
29.9,31.8,30.0,65.0,59.5,64.9,64.1,65.5,63.8,3.5,3.1,5.1,stable
37.0,40.5,40.5,42.5,39.1,38.3,27.8,25.5,26.6,7.9,7.9,8.1,future_water_stress
27.4,31.3,31.4,59.3,57.5,62.1,41.6,51.6,49.6,2.2,3.6,1.9,stable
29.2,27.2,29.4,78.5,72.6,70.4,81.0,81.9,83.5,1.8,3.0,3.9,stable
36.1,36.0,36.0,46.4,58.2,52.4,43.9,41.2,45.5,6.6,8.3,7.2,stable
31.7,34.1,33.0,58.3,56.2,50.4,74.6,71.5,68.3,8.6,6.2,6.4,future_root_zone_stress
26.8,31.0,31.4,46.5,46.8,41.5,50.4,44.5,40.9,6.9,6.6,6.7,future_heat_stress
38.2,38.6,39.4,29.7,28.9,32.6,70.4,71.4,66.6,3.7,5.3,4.4,stable
30.0,33.1,35.7,49.1,41.7,45.0,69.4,70.5,74.3,7.6,5.6,6.6,stable
29.0,31.3,29.8,96.8,93.2,91.1,57.8,60.1,60.7,5.7,4.9,5.1,stable
41.2,43.1,42.6,27.8,32.7,32.6,52.6,42.5,43.6,6.1,5.4,5.7,future_heat_stress
26.6,26.8,30.1,68.8,65.1,69.9,38.9,42.6,38.9,0.7,2.7,1.2,stable
32.2,33.1,31.9,77.3,79.6,75.8,82.6,75.4,81.1,0.9,3.2,2.5,stable
18.9,20.6,22.1,57.0,61.0,58.5,73.6,77.4,75.9,4.2,2.7,3.8,stable
43.2,45.7,46.1,44.5,40.9,43.5,94.2,83.8,91.0,6.9,7.1,8.8,future_heat_stress
35.3,34.5,35.9,82.1,84.9,81.2,38.3,46.5,48.6,5.0,4.6,4.1,future_water_stress
33.2,34.3,35.5,39.4,38.5,32.8,62.6,53.2,52.5,5.0,6.6,6.2,future_heat_stress
23.0,22.4,23.6,56.6,59.5,55.8,66.8,70.6,65.0,4.8,4.2,3.1,stable
27.1,28.2,30.6,74.2,73.9,74.2,71.6,66.1,71.8,3.1,4.4,5.0,stable
35.7,35.1,37.8,53.0,53.6,50.4,77.9,71.5,75.7,4.5,4.0,3.7,stable
28.3,24.9,28.4,55.1,55.9,53.6,21.6,25.9,25.1,6.1,6.7,5.5,future_water_stress
27.0,27.1,26.6,70.5,78.8,73.0,76.1,77.1,73.2,7.0,4.5,5.8,stable
23.9,23.5,26.9,63.2,57.1,54.7,60.5,50.6,51.2,0.1,2.7,3.0,stable
22.9,23.3,25.9,64.2,58.5,62.5,48.8,46.5,47.4,3.7,2.6,4.0,stable
34.5,32.5,34.6,44.6,42.8,41.4,60.4,61.4,66.0,4.9,6.3,6.8,stable
29.5,26.5,29.3,75.0,59.0,68.0,85.6,84.8,83.2,3.1,3.1,3.3,stable
27.5,27.6,31.6,58.2,60.9,58.7,55.7,51.0,59.9,2.1,1.9,3.1,stable
28.8,28.1,29.7,50.3,56.4,46.0,51.2,45.7,51.6,1.3,2.4,2.6,stable
29.6,31.0,34.1,61.9,62.8,66.3,61.4,66.2,68.1,2.8,5.3,4.5,stable
38.8,41.3,43.3,47.0,40.4,43.8,38.4,42.7,46.4,11.6,10.8,12.2,future_water_stress
33.0,34.2,34.2,52.6,56.7,47.2,67.3,65.1,64.3,4.7,5.6,5.7,stable
32.8,32.4,34.5,87.2,83.2,82.0,40.9,36.7,39.7,5.5,6.5,7.3,future_water_stress
33.8,32.9,34.0,74.8,74.1,71.3,92.0,92.8,92.0,4.0,3.1,2.0,stable
23.7,23.0,24.2,81.7,79.5,80.1,86.9,83.7,78.1,2.4,2.4,4.1,stable
43.8,44.3,44.0,41.8,29.3,39.3,55.1,61.1,55.7,7.1,8.1,6.9,future_heat_stress
32.4,31.1,34.9,67.2,61.4,64.0,79.9,83.2,77.9,1.0,2.3,1.3,stable
28.6,30.6,32.1,60.1,56.0,63.8,75.7,74.2,70.4,2.9,2.4,5.0,stable
30.1,28.9,31.6,75.2,81.6,81.1,82.0,80.8,79.7,3.9,3.4,1.9,stable
29.6,30.6,30.4,54.7,51.1,57.4,90.5,90.1,97.1,2.1,2.5,3.0,stable
35.6,36.6,35.7,33.4,40.5,32.2,43.5,45.3,40.6,9.4,8.9,10.3,future_heat_stress
32.1,30.1,33.1,65.9,61.9,66.9,41.8,50.9,44.3,2.7,3.7,3.6,stable
24.7,24.0,26.5,80.9,84.9,85.5,57.8,68.5,61.6,3.3,2.0,2.8,stable
28.9,27.0,27.6,78.5,71.4,78.1,68.5,72.7,64.2,2.2,3.9,4.9,stable
34.6,33.8,34.9,49.6,42.2,48.7,76.1,77.7,69.4,8.0,5.4,6.3,future_heat_stress
29.7,31.0,30.3,56.1,54.9,58.0,50.7,47.5,48.7,3.2,3.0,4.0,stable
25.5,24.6,27.2,70.9,73.7,72.7,66.3,59.2,58.3,3.6,2.9,4.1,stable
40.9,38.0,41.5,63.2,64.3,56.2,55.6,61.2,59.8,4.2,4.8,4.3,stable
30.1,30.2,31.1,61.5,61.3,69.1,72.5,68.5,71.5,6.1,4.4,4.2,stable
22.0,24.1,24.5,63.7,69.2,71.7,58.4,58.5,59.8,2.6,4.2,3.7,future_root_zone_stress
30.3,32.6,32.4,79.3,67.6,74.8,56.3,54.8,55.7,3.5,3.9,3.8,stable
32.9,32.4,35.5,61.9,57.7,57.4,71.8,68.5,70.5,5.2,3.1,4.2,stable
32.1,33.6,33.5,50.0,48.6,53.4,74.7,77.3,79.5,6.5,5.8,5.0,stable
31.1,32.1,30.9,35.5,37.6,38.7,71.6,71.9,69.2,7.1,4.5,4.6,stable
38.8,37.2,39.8,48.9,44.4,47.3,45.3,43.1,42.4,7.8,9.0,7.9,stable
21.2,24.8,22.4,61.8,53.5,55.7,65.3,60.7,58.3,6.2,4.3,3.6,stable
25.0,29.8,30.7,72.3,73.1,74.2,42.3,43.2,38.8,6.7,5.4,4.4,stable
36.0,34.0,36.7,62.5,59.2,56.3,74.3,75.4,75.5,4.9,5.5,4.8,stable
25.9,23.3,23.7,85.7,90.2,91.3,53.8,56.0,59.2,3.7,2.4,3.1,stable
36.5,37.7,39.5,45.7,36.6,40.4,48.5,57.2,55.7,5.3,6.3,7.3,future_root_zone_stress
29.9,28.9,28.5,42.5,50.4,44.9,60.3,60.3,56.2,-0.7,0.9,1.0,stable
31.3,31.9,31.0,62.2,64.9,57.0,51.7,54.1,60.1,8.5,6.3,8.1,future_heat_stress
38.1,39.3,38.5,53.0,59.5,54.1,66.6,73.7,70.0,7.3,6.6,7.9,future_heat_stress
30.6,33.9,35.3,80.6,83.1,82.2,55.9,54.6,54.4,7.1,5.3,5.9,future_root_zone_stress
34.8,35.7,36.8,32.9,26.8,26.6,102.3,107.0,106.4,7.9,7.9,9.3,future_heat_stress
34.9,33.4,35.4,58.2,57.9,66.3,67.1,70.8,67.8,7.0,4.3,5.4,stable
30.1,27.2,29.8,45.7,54.2,57.5,58.8,64.6,60.0,4.7,3.6,3.0,future_root_zone_stress
27.0,28.4,27.6,61.2,67.3,61.5,66.7,63.3,60.4,2.9,5.0,2.7,stable
32.8,29.4,32.3,61.4,64.7,61.8,76.2,78.3,80.9,10.1,6.9,9.3,stable
29.5,28.6,30.0,54.5,46.5,45.3,51.2,61.9,56.3,6.1,4.8,5.7,future_root_zone_stress
28.4,30.7,29.4,90.7,83.9,82.9,63.0,69.2,67.7,5.5,3.9,3.9,stable
37.2,39.6,38.0,48.8,55.1,54.1,67.5,66.7,63.0,4.2,5.0,4.2,stable
34.6,37.4,35.0,58.6,54.2,58.8,36.7,39.9,40.6,5.9,7.1,7.6,future_root_zone_stress
38.7,37.9,40.0,54.4,54.0,57.7,74.8,77.9,74.4,7.9,8.8,8.1,future_heat_stress
36.5,36.9,35.8,64.9,57.7,62.2,43.3,48.6,51.1,8.5,5.8,8.1,future_root_zone_stress
32.4,33.8,33.0,61.8,65.7,67.2,55.4,61.6,62.9,2.7,2.6,4.7,stable
25.4,27.3,26.0,65.2,74.8,76.3,63.4,66.3,69.0,6.7,3.2,5.1,stable
30.3,28.1,29.4,72.3,85.6,78.5,48.0,36.4,41.6,0.4,2.5,2.1,stable
27.2,28.4,29.6,84.2,82.7,74.1,78.8,78.4,74.4,3.0,1.2,2.5,stable
35.9,33.8,39.0,58.1,55.9,61.4,81.1,73.6,75.1,8.3,5.4,6.8,stable
40.7,39.2,42.8,41.1,46.4,44.5,66.0,65.5,63.4,5.0,4.2,4.9,stable
25.7,26.6,25.8,69.8,78.3,76.5,65.5,75.9,73.1,4.4,3.1,2.4,stable
39.1,42.3,42.1,32.9,27.1,32.5,58.5,59.9,61.2,8.3,7.9,7.7,future_root_zone_stress
28.8,30.3,30.7,73.6,66.6,69.9,47.7,48.2,54.6,1.2,3.9,2.9,stable
36.5,37.7,41.2,45.6,49.9,51.2,82.7,88.7,82.0,5.4,4.1,4.3,stable
36.5,36.2,36.5,63.9,70.9,69.6,69.4,66.4,66.9,4.4,6.3,6.7,future_heat_stress
25.6,27.3,26.8,67.3,69.1,71.1,46.8,43.1,48.2,2.8,2.1,4.1,stable
24.0,25.0,24.3,79.8,73.3,76.5,72.3,72.7,74.1,1.3,1.5,2.3,stable
28.6,29.7,30.1,45.5,53.7,45.8,45.4,46.6,47.5,3.3,3.2,1.7,stable
29.5,31.1,33.9,62.8,55.4,66.2,34.7,32.3,26.4,7.0,3.6,4.6,future_root_zone_stress
22.9,20.7,25.5,60.2,53.1,51.3,71.7,79.2,81.6,1.6,3.2,2.9,stable
37.3,38.0,37.5,46.3,56.1,53.2,85.8,86.6,88.6,8.0,6.2,7.6,stable
28.7,29.0,31.2,62.2,59.2,59.7,38.8,43.5,45.2,5.0,5.7,5.2,future_root_zone_stress
35.5,35.1,38.1,57.6,55.1,53.1,44.6,45.9,52.4,4.6,8.0,6.7,stable
41.5,39.5,41.4,35.3,34.6,31.4,58.6,61.9,58.8,5.6,5.5,4.7,stable
36.7,39.6,41.4,66.9,58.8,59.8,81.6,80.8,79.8,8.8,6.6,6.5,future_root_zone_stress
35.2,33.1,35.1,35.5,42.8,45.9,75.3,73.4,70.0,8.1,7.1,7.1,stable
18.7,18.8,18.3,45.0,40.2,49.2,38.9,47.5,43.7,3.4,3.0,2.3,stable
31.6,30.6,32.5,73.5,74.4,72.3,57.2,60.6,62.3,4.2,4.8,3.2,stable
34.9,36.5,34.1,52.9,55.9,58.7,71.8,77.0,76.3,6.8,4.7,6.5,stable
31.0,29.8,33.0,88.3,87.2,93.7,52.8,53.1,58.4,6.3,4.3,5.5,stable
33.5,38.8,39.6,45.9,46.8,52.7,48.4,46.9,40.9,5.3,5.3,5.9,stable
30.2,32.3,31.9,89.5,81.6,77.4,69.6,68.0,67.9,7.3,5.3,7.2,future_root_zone_stress
32.6,34.5,34.6,58.3,55.0,58.7,70.1,64.2,60.7,6.1,6.9,6.7,stable
28.4,32.0,31.8,71.5,79.1,73.5,53.4,46.2,46.1,4.2,4.6,4.4,future_root_zone_stress
31.2,32.1,32.0,64.8,70.9,64.9,87.8,81.0,79.6,4.1,4.3,4.7,stable
27.2,26.4,29.1,57.0,55.7,60.3,45.0,48.5,45.1,4.3,5.2,3.8,stable
37.0,34.8,35.2,54.1,55.1,50.6,58.9,63.9,60.5,7.1,7.3,5.5,stable
42.0,42.3,39.4,48.3,54.7,48.1,39.9,34.4,38.6,5.4,7.2,7.7,future_root_zone_stress
22.6,27.1,27.6,83.0,77.7,73.3,85.4,86.1,89.5,4.0,2.9,4.2,stable
25.2,22.3,27.7,53.2,59.1,58.1,66.7,67.8,64.7,0.9,3.4,2.3,stable
30.1,28.7,30.8,63.1,61.9,55.9,10.4,11.2,15.7,6.4,7.0,6.8,future_water_stress
35.7,37.2,38.8,46.0,53.8,56.2,77.0,77.7,76.0,7.2,6.6,6.2,future_heat_stress
27.7,32.4,32.5,64.4,68.6,71.5,58.3,64.3,56.4,5.6,6.6,5.7,stable
33.4,34.8,36.6,68.0,62.7,66.9,65.5,66.0,69.3,4.5,6.7,6.8,stable
40.8,44.1,43.0,25.4,24.1,21.5,46.1,40.9,45.5,6.5,8.5,6.9,future_water_stress
31.0,32.7,32.7,52.6,54.7,57.9,42.3,42.1,45.4,5.8,3.5,5.3,future_heat_stress
27.3,22.2,24.1,92.4,88.4,84.5,49.1,48.5,47.9,3.6,5.7,5.1,stable
25.3,27.3,28.4,57.9,59.4,55.3,67.3,72.9,74.3,6.5,6.3,5.8,stable
29.9,32.6,34.4,70.8,70.3,73.2,30.7,31.7,34.4,5.8,7.3,7.2,future_root_zone_stress
34.5,32.5,37.1,83.0,86.1,82.4,80.5,72.7,77.9,3.5,3.2,2.8,stable
31.0,30.3,34.9,56.3,65.5,64.0,60.7,67.5,71.2,4.8,4.8,5.6,future_root_zone_stress
18.0,22.2,23.9,77.0,73.8,75.9,57.0,51.8,55.2,4.6,4.7,3.2,stable
32.5,32.4,34.8,60.5,65.0,63.5,52.0,50.5,54.3,4.8,2.4,3.8,stable
31.2,31.0,30.3,82.0,86.8,84.5,89.9,89.3,86.0,-2.1,0.1,-0.4,stable
31.5,32.2,36.3,53.5,61.0,60.5,66.9,70.4,73.2,5.3,5.1,4.6,stable
34.0,38.2,39.6,58.3,52.2,63.5,54.8,51.0,49.3,6.3,6.7,5.7,stable
24.0,23.3,27.8,69.0,72.6,73.8,43.0,39.6,45.0,6.3,4.0,4.1,stable
29.9,26.9,28.0,80.0,81.8,83.7,65.1,65.1,64.4,3.3,3.2,4.3,stable
38.5,40.5,40.7,36.6,34.7,39.5,39.4,40.8,42.2,8.1,8.1,7.5,future_root_zone_stress
21.0,22.1,21.1,82.6,82.3,79.2,42.6,40.9,41.2,3.4,3.3,4.4,stable
34.1,35.5,35.8,35.5,29.7,32.9,43.1,52.9,54.6,5.0,7.5,6.2,future_water_stress
30.5,30.8,31.7,65.6,62.2,59.1,64.7,59.0,65.0,4.7,4.5,3.6,stable
24.7,28.0,24.9,68.9,65.1,66.5,82.2,80.3,77.1,2.1,6.5,3.9,stable
30.1,30.4,33.7,68.6,72.3,72.2,27.0,28.8,21.4,4.8,7.6,7.1,future_root_zone_stress
29.8,33.3,31.9,59.7,65.1,65.4,48.9,49.0,45.0,3.1,1.8,4.4,stable
35.9,35.0,33.0,65.4,61.9,66.6,52.7,56.6,59.3,4.8,4.2,3.6,stable
31.4,33.9,33.4,37.2,32.2,30.9,75.5,68.7,70.4,3.4,4.2,3.2,stable
29.7,30.8,32.2,40.9,34.1,37.6,75.3,72.0,78.8,5.7,8.4,7.0,stable
30.4,31.1,30.4,85.1,75.4,82.2,98.0,92.5,95.2,3.3,4.7,3.9,stable
25.5,26.0,27.1,48.7,46.7,46.7,87.0,93.9,94.0,4.3,3.8,3.2,stable
25.8,26.5,27.8,107.9,99.3,104.2,63.2,61.2,67.6,4.3,3.5,1.8,stable
27.9,33.0,33.6,37.9,36.9,41.9,60.4,58.2,60.2,2.9,1.8,4.5,stable
21.7,20.7,21.7,76.8,69.7,74.7,47.1,51.2,49.7,2.3,3.2,2.7,stable
20.1,18.4,19.0,55.2,61.2,58.1,72.2,66.3,72.0,6.3,3.4,5.2,stable
37.2,35.8,35.8,34.8,33.2,34.2,47.0,47.7,51.3,8.2,7.8,6.4,future_water_stress
33.3,33.1,33.7,36.1,42.1,35.5,83.9,85.0,81.2,3.8,4.1,3.0,stable
28.0,29.4,28.8,79.1,76.9,79.2,60.2,62.3,62.7,5.2,4.9,4.3,future_root_zone_stress
33.9,34.2,33.4,56.3,47.5,57.3,61.2,60.1,66.3,5.0,5.1,4.6,stable
37.8,41.5,42.7,22.4,27.6,29.3,67.5,64.3,64.6,10.4,10.7,8.3,future_heat_stress
33.7,35.5,34.3,41.5,34.9,37.7,66.5,62.3,66.2,5.8,6.7,5.2,future_root_zone_stress
29.8,30.9,32.7,81.4,90.2,87.6,37.8,44.3,37.6,6.5,4.5,3.3,future_root_zone_stress
24.2,24.5,26.6,54.2,52.7,58.4,58.2,58.3,55.2,4.4,3.8,1.4,stable
39.4,37.6,42.0,5.8,11.1,8.6,64.1,66.7,73.4,9.5,11.1,11.0,future_heat_stress
37.3,36.6,37.2,45.6,44.4,47.3,92.0,84.9,92.2,7.0,6.0,4.4,stable
22.9,25.3,25.7,87.4,79.7,89.3,94.0,88.8,88.3,3.0,3.3,2.7,stable
34.2,32.7,34.0,79.9,82.7,86.4,69.6,71.4,71.1,5.5,2.8,3.7,stable
29.3,31.6,31.9,74.4,69.7,66.2,55.7,55.4,55.6,3.5,4.0,5.1,stable
28.9,31.6,31.6,89.9,93.4,99.6,71.7,73.3,65.1,5.0,4.9,5.2,stable
27.5,28.6,28.3,46.1,51.6,54.7,36.0,42.1,43.1,1.1,2.7,1.6,stable
31.4,29.3,30.3,50.1,57.6,55.0,69.1,71.8,72.8,7.3,7.1,5.6,stable
28.1,29.0,32.3,45.9,47.2,39.1,48.6,42.5,40.7,5.4,3.6,4.1,stable
44.5,44.2,44.3,44.5,34.4,34.3,62.4,59.5,58.5,10.0,10.6,11.5,future_heat_stress
27.6,26.1,28.1,57.4,63.9,58.4,43.6,45.2,40.8,4.4,6.7,6.8,future_water_stress
44.0,43.2,45.1,29.0,17.4,19.2,59.6,63.8,53.9,7.8,6.8,7.3,future_heat_stress
31.7,32.9,34.1,67.4,61.8,59.3,85.3,87.8,89.9,5.9,6.4,4.1,stable
25.7,30.7,27.7,60.6,56.2,61.4,58.9,60.7,61.9,4.5,2.9,2.4,stable
34.4,38.1,38.0,42.6,45.0,49.0,38.1,40.0,41.6,6.8,4.8,3.9,stable
32.9,32.4,33.5,31.0,20.7,29.1,44.1,43.1,49.6,6.0,5.8,6.3,future_heat_stress
31.1,28.7,32.2,66.7,67.3,73.5,48.4,54.3,43.6,2.5,2.8,3.5,stable
32.4,35.8,33.8,88.6,82.4,88.5,42.4,41.1,45.7,5.3,7.1,5.8,future_root_zone_stress
23.5,22.2,22.7,50.9,55.3,53.1,58.7,55.1,59.6,5.0,3.1,3.5,stable
34.2,32.6,32.4,78.6,80.3,85.4,68.9,73.5,71.0,2.6,3.3,3.7,stable
39.1,39.3,40.9,26.5,24.3,25.2,55.1,59.5,61.7,8.5,8.9,7.8,stable
42.6,42.6,42.4,22.7,30.7,24.1,61.2,62.7,61.2,7.7,7.5,8.7,future_water_stress
31.0,31.0,32.9,64.3,66.6,64.8,60.8,71.6,65.1,6.5,6.8,5.7,stable
27.7,29.7,28.8,80.7,82.4,81.5,62.7,55.0,59.1,7.2,4.2,5.3,future_root_zone_stress
30.4,28.8,32.3,63.9,72.6,72.8,62.4,54.6,59.7,4.2,4.8,4.2,stable
34.8,34.2,34.4,53.0,54.0,55.4,49.9,55.9,55.4,4.4,3.4,3.3,stable
47.0,43.5,45.5,56.3,49.1,51.8,48.3,45.4,46.1,8.7,7.8,8.7,future_heat_stress
29.3,29.8,32.7,89.2,84.9,88.8,65.3,60.9,61.8,3.0,4.3,3.4,stable
30.9,31.2,32.5,74.8,79.2,79.9,93.9,91.5,92.9,7.1,6.8,7.3,future_heat_stress
31.5,35.1,33.1,35.7,39.4,41.2,65.9,69.2,68.3,7.5,6.3,7.3,stable
28.9,28.6,27.0,59.9,59.8,63.7,62.5,51.4,58.3,3.0,5.0,4.3,stable
32.0,33.5,33.7,83.4,79.5,85.4,81.5,80.3,80.1,3.0,5.0,5.2,stable
36.8,35.4,38.2,54.0,46.9,42.5,55.4,55.7,56.4,5.2,5.1,5.1,stable
31.6,32.2,32.8,77.4,72.8,72.8,66.6,57.3,61.6,7.0,6.1,5.3,stable
31.2,32.3,34.1,64.0,59.5,54.8,34.3,40.0,36.9,6.4,6.0,5.3,future_water_stress
29.8,29.9,32.3,43.3,36.0,33.9,50.0,46.8,49.2,5.6,6.6,7.7,future_heat_stress
26.5,27.9,30.4,57.8,51.1,58.0,81.0,87.7,87.5,5.4,1.7,4.0,stable
28.2,29.8,32.7,55.6,63.8,57.0,74.5,69.6,76.6,7.5,7.4,7.6,stable
35.5,34.7,35.1,33.5,35.9,37.6,28.1,35.1,34.9,6.5,6.9,7.2,future_water_stress
40.2,42.8,44.8,66.7,61.2,63.1,41.2,39.9,38.2,11.0,10.5,8.0,future_root_zone_stress
31.3,28.7,33.7,61.9,56.1,53.3,56.0,54.3,55.5,6.6,7.4,6.8,future_heat_stress
48.4,48.2,49.2,29.2,34.3,29.7,70.8,71.1,74.6,7.3,7.8,7.5,future_heat_stress
31.3,29.9,33.4,51.8,62.5,61.2,77.1,84.4,77.1,5.1,5.3,3.3,stable
28.6,26.9,31.1,60.9,59.0,51.6,66.4,66.8,66.6,4.2,3.7,4.1,stable
31.4,31.3,33.4,78.3,76.3,83.3,55.1,65.9,56.7,3.3,4.6,4.0,stable
23.7,22.2,24.1,55.6,52.9,51.0,64.4,68.3,68.4,3.8,3.3,4.9,stable
32.5,32.7,31.4,60.0,49.5,50.4,84.0,76.5,77.4,8.3,9.3,7.9,future_heat_stress
29.6,32.2,30.6,65.6,55.9,53.7,79.4,72.6,76.7,1.5,2.8,4.2,stable
28.5,29.7,28.8,76.7,82.4,73.0,93.4,89.4,87.8,3.9,3.5,2.5,stable
24.3,26.1,26.7,71.2,77.1,75.3,89.9,89.1,95.7,1.4,3.0,2.9,stable
28.8,31.5,29.4,61.4,60.4,61.4,46.8,42.1,44.0,3.9,7.3,5.9,future_root_zone_stress
37.2,36.1,39.2,68.1,62.8,61.9,48.4,52.7,45.1,4.9,5.3,7.0,stable
31.4,31.5,36.2,45.3,40.8,44.9,61.8,60.4,55.8,0.5,1.2,2.6,stable
29.2,30.9,29.4,68.3,68.3,63.9,51.5,49.2,53.2,2.2,4.4,4.6,stable
40.4,39.9,42.7,67.1,69.6,73.1,67.3,69.8,67.7,3.9,6.1,4.8,future_heat_stress
35.3,32.6,36.1,54.2,52.4,49.8,77.3,77.2,78.4,4.9,4.5,4.1,stable
32.6,33.7,31.8,66.3,66.6,68.9,44.0,41.5,44.4,5.1,5.5,5.8,future_root_zone_stress
32.3,28.5,31.1,67.5,67.5,72.4,60.2,65.1,61.1,3.5,4.8,4.6,stable
33.7,34.7,36.0,30.5,36.4,32.2,42.8,38.2,34.2,6.1,8.8,6.8,future_water_stress
32.0,32.5,31.3,55.0,54.3,52.5,54.8,50.4,52.5,6.7,6.0,5.9,stable
31.0,32.5,31.4,25.0,26.0,29.2,66.8,61.5,62.3,9.6,9.1,8.4,future_heat_stress
32.3,32.5,34.3,62.5,59.4,57.4,58.9,62.3,58.5,3.0,3.9,4.0,stable
29.4,29.6,33.4,65.3,57.0,65.4,80.6,76.7,76.6,5.3,3.8,4.7,stable
35.6,34.6,35.6,45.8,42.1,42.6,38.6,40.9,44.4,6.9,7.9,8.3,future_heat_stress
24.0,24.0,24.7,70.5,77.2,77.5,37.7,41.6,40.2,2.4,2.5,3.2,stable
27.9,26.5,27.0,71.0,76.1,78.1,81.4,75.5,83.5,2.2,1.9,2.4,stable
27.9,27.1,29.3,75.6,84.7,86.1,42.4,46.2,50.4,2.8,3.8,3.4,stable
30.1,28.1,30.6,42.6,52.9,49.4,46.6,34.8,40.1,5.3,3.8,4.8,stable
40.4,39.9,43.6,68.6,60.9,60.0,45.8,49.7,44.9,2.7,6.3,3.9,stable
25.1,29.9,27.8,65.1,74.6,70.4,74.0,77.0,70.5,3.4,4.5,3.7,stable
31.3,31.7,34.2,45.1,44.4,49.4,29.2,41.9,34.4,6.8,6.4,5.8,future_water_stress
28.5,30.4,34.8,66.2,64.6,64.2,67.7,78.1,72.4,8.5,7.2,7.4,future_heat_stress
29.7,30.6,32.0,65.4,72.7,76.0,87.8,84.9,81.9,0.9,1.8,0.3,stable
35.4,36.0,35.8,52.8,47.0,46.8,83.1,84.5,83.8,5.1,3.7,4.9,stable
33.8,31.2,31.7,58.0,56.5,57.8,58.7,52.3,57.7,5.2,6.2,6.2,stable
33.8,32.0,35.4,57.5,61.2,53.0,59.2,59.6,58.5,5.1,5.0,5.2,stable
28.5,30.0,30.1,81.4,76.2,81.5,63.7,68.9,70.1,2.1,2.9,3.0,stable
43.9,42.9,45.3,22.5,14.5,24.8,65.3,62.0,63.9,8.4,11.4,8.9,future_heat_stress
28.1,29.2,30.2,88.9,96.1,90.5,35.5,37.3,33.6,5.5,6.1,5.0,future_root_zone_stress
31.3,30.0,31.2,58.5,56.9,56.8,92.9,92.6,95.7,4.8,4.6,4.7,stable
26.2,26.3,28.5,65.0,59.1,60.2,66.4,57.9,65.3,3.4,3.0,2.8,stable
30.3,35.9,35.0,50.9,56.1,52.0,88.8,87.4,88.8,3.0,1.0,3.0,stable
46.3,46.2,49.6,58.5,52.7,52.9,60.9,59.5,58.4,10.3,12.2,12.1,future_heat_stress
36.7,37.5,38.0,79.0,71.6,73.9,70.3,61.6,70.8,2.7,3.1,3.5,future_root_zone_stress
36.5,37.5,41.7,28.3,31.0,33.9,40.1,31.8,42.3,6.6,6.6,6.6,future_water_stress
43.5,41.1,45.5,41.9,42.9,46.0,52.5,52.2,50.3,7.1,8.6,8.0,future_root_zone_stress
36.6,33.5,36.8,59.1,60.2,58.0,49.1,48.1,56.8,2.8,2.9,4.6,future_root_zone_stress
32.0,31.8,31.7,58.4,57.9,55.9,75.9,70.4,73.3,3.6,0.8,1.1,stable
30.4,29.9,31.9,69.8,72.2,71.0,51.3,53.9,52.9,3.7,2.1,3.2,stable
28.9,30.1,30.1,68.6,70.2,71.5,43.2,38.7,39.4,4.4,2.5,2.8,stable
38.7,37.7,38.7,49.2,47.4,54.5,30.2,19.9,29.4,8.6,7.7,7.5,future_root_zone_stress
38.2,39.2,37.9,40.0,28.8,28.0,41.9,40.0,31.1,3.4,4.2,5.1,future_water_stress
29.2,30.9,33.4,61.1,52.8,56.5,59.6,59.1,62.3,4.9,4.6,5.7,future_root_zone_stress
29.9,27.1,28.8,81.6,79.7,75.3,84.4,79.3,73.2,1.2,2.2,2.2,stable
30.5,30.9,33.5,82.5,74.9,71.2,46.5,51.5,48.7,4.6,5.3,7.3,stable
36.7,35.3,39.3,50.6,55.7,50.4,64.8,59.7,58.8,9.3,8.1,9.5,future_heat_stress
33.3,32.5,33.9,67.9,72.0,75.5,47.8,47.8,45.5,2.0,1.4,3.2,stable
34.8,38.0,36.9,50.7,53.6,45.3,37.1,33.3,34.5,5.9,5.2,5.2,future_root_zone_stress
34.9,33.2,35.8,75.0,73.3,65.8,77.0,74.0,73.6,3.0,3.0,3.9,stable
26.9,28.9,27.1,79.3,71.5,78.2,82.0,79.5,82.2,1.9,2.1,2.4,stable
32.2,33.2,35.6,35.0,32.2,36.8,63.7,60.3,57.4,7.9,7.5,8.8,future_heat_stress
18.6,19.0,22.7,56.0,56.8,54.8,49.3,51.9,46.4,2.9,1.6,3.0,stable
42.6,43.9,45.8,64.6,57.9,51.5,73.4,66.2,67.4,6.2,6.7,8.4,future_heat_stress
34.6,35.2,38.2,48.4,51.3,56.9,55.3,54.8,53.2,8.7,9.1,9.0,future_root_zone_stress
42.8,42.7,44.2,34.5,38.5,33.6,34.1,35.1,29.9,11.9,10.9,9.7,future_water_stress
25.8,25.7,28.4,59.1,70.2,71.2,54.0,60.5,59.8,2.4,4.9,3.8,stable
28.4,29.5,31.6,50.7,61.3,62.6,72.8,68.3,65.8,3.4,3.0,3.9,stable
32.2,33.6,33.0,78.0,67.1,69.0,62.7,74.6,73.4,4.8,4.9,4.4,stable
29.2,30.5,31.9,57.5,45.5,52.7,48.9,50.3,43.7,0.6,2.3,0.8,stable
27.2,28.6,31.6,82.8,79.9,82.7,95.3,91.8,87.0,4.8,3.3,2.9,stable
30.6,32.7,31.7,24.0,17.6,23.6,70.4,67.6,71.8,2.2,2.4,1.9,stable
42.5,41.4,42.7,37.5,49.3,47.0,41.6,40.8,36.0,8.7,8.9,7.6,future_root_zone_stress
38.1,38.4,38.5,62.9,49.2,60.6,49.4,44.4,40.3,8.0,8.4,6.7,stable
29.0,26.3,30.5,79.0,79.0,80.8,49.5,51.5,46.9,2.9,5.2,3.1,stable
36.2,36.4,40.2,55.7,46.5,44.1,67.2,72.7,68.7,6.2,7.0,6.1,stable
27.9,27.8,31.1,35.9,35.6,32.4,58.7,62.5,61.4,5.7,6.2,7.0,stable
38.3,34.6,36.6,48.0,45.0,55.9,82.4,90.9,87.2,8.8,10.1,9.2,stable
30.6,30.9,31.8,74.6,65.8,67.9,68.5,79.0,72.5,4.2,2.8,4.6,stable
36.3,36.3,36.5,43.2,32.4,31.3,55.1,51.3,52.5,6.6,6.0,6.3,stable
26.9,29.2,30.6,69.1,74.4,72.4,83.9,85.1,79.3,3.1,4.9,4.6,stable
35.9,37.0,35.3,62.4,61.7,57.5,42.2,43.5,47.5,10.1,7.5,8.0,future_root_zone_stress
18.5,20.9,23.7,71.9,70.7,73.3,59.9,59.5,59.7,6.8,4.7,6.3,future_root_zone_stress
30.5,34.2,32.6,40.9,36.3,41.4,64.4,69.6,64.7,9.4,7.6,7.6,future_heat_stress
34.5,34.5,36.0,59.3,56.9,52.4,72.2,68.9,73.6,6.5,6.3,6.8,future_heat_stress
39.1,40.7,40.1,50.3,45.9,52.3,78.3,69.5,73.5,6.9,7.2,9.0,future_heat_stress
38.7,40.1,43.1,87.1,80.5,84.8,60.4,55.6,55.8,5.1,4.0,2.7,future_root_zone_stress
28.6,30.0,32.4,73.3,74.6,76.4,39.7,44.3,42.1,4.9,3.1,3.3,stable
29.5,30.9,33.2,47.6,47.5,49.2,29.7,25.2,31.1,6.7,6.1,7.4,future_root_zone_stress
31.5,34.3,34.1,47.4,50.1,50.4,42.6,34.9,42.2,1.7,3.8,4.3,stable
42.3,40.8,42.2,46.2,52.6,42.2,42.0,36.9,35.9,7.8,6.8,6.5,future_water_stress
38.2,36.6,37.4,58.1,56.6,56.0,79.1,77.1,78.5,5.4,8.4,8.7,stable
28.8,30.7,30.6,58.9,54.6,49.3,50.1,52.5,51.6,6.7,6.6,7.4,future_root_zone_stress
30.9,30.3,30.5,48.3,47.4,47.2,71.4,74.7,74.6,3.7,7.1,6.3,stable
28.9,27.5,28.8,50.6,52.1,49.6,46.4,49.4,53.0,3.8,4.1,4.6,stable
39.7,38.2,37.3,45.5,36.0,42.2,28.4,23.0,29.6,9.7,10.2,9.7,future_water_stress
27.2,27.7,28.2,67.6,66.4,64.3,49.3,51.7,55.1,2.5,3.1,2.3,stable
29.3,32.7,30.5,69.6,68.2,74.5,42.9,48.6,48.0,5.1,3.1,4.1,stable
22.5,20.8,25.9,81.9,80.3,81.0,71.7,80.8,73.5,4.0,4.1,3.7,stable
25.4,24.2,26.0,82.6,78.6,78.8,53.5,40.6,47.6,2.6,3.0,4.1,stable
35.9,38.6,38.0,49.9,47.5,49.9,43.2,41.4,45.2,6.6,3.2,4.0,future_water_stress
26.6,26.1,25.2,57.8,60.3,52.3,52.3,60.6,58.7,4.7,3.0,3.3,stable
33.8,32.3,32.1,50.4,45.4,42.8,64.6,67.1,68.1,8.1,7.0,6.3,stable
25.7,28.5,27.7,67.3,62.2,73.0,50.2,49.3,45.4,3.7,4.2,5.6,stable
31.2,27.9,32.3,46.2,48.5,52.1,37.5,42.2,44.8,6.4,5.1,4.6,stable
22.2,23.2,24.2,76.6,78.8,76.5,50.7,50.8,50.1,3.6,5.3,4.4,stable
32.3,33.5,34.9,74.3,79.4,76.9,54.8,57.3,55.7,5.0,5.9,6.2,future_root_zone_stress
27.3,26.8,27.1,47.4,51.5,56.4,58.2,59.7,56.1,4.5,1.8,1.7,stable
35.6,35.4,37.2,60.1,58.7,58.9,45.0,47.5,43.1,3.5,6.4,5.8,future_root_zone_stress
34.5,34.8,37.9,61.5,66.5,62.2,43.2,38.5,43.4,6.0,4.4,4.1,stable
32.7,29.9,31.8,32.7,31.4,33.9,66.7,72.9,71.5,2.8,4.3,4.9,stable
25.6,25.2,27.0,70.4,75.4,69.1,71.2,74.7,69.8,5.5,5.1,4.2,stable
26.0,29.2,27.7,48.4,50.4,41.6,36.7,47.8,39.4,8.7,6.7,6.6,future_water_stress
30.4,29.9,29.9,49.0,58.3,56.5,74.1,75.5,79.9,2.4,4.5,2.6,stable
24.9,25.1,25.1,79.7,72.5,73.5,48.6,40.3,42.1,5.2,4.5,4.2,stable
28.3,29.3,29.1,78.4,86.3,79.4,65.1,64.1,66.6,4.2,4.0,4.1,stable
39.1,39.6,39.6,56.3,51.0,59.3,54.7,57.0,56.4,10.3,9.3,10.8,stable
32.9,32.9,33.0,53.1,53.5,46.3,64.4,63.9,58.0,5.4,4.1,4.4,stable
26.8,25.1,26.7,62.6,70.9,74.6,62.0,64.0,60.7,2.7,1.6,2.9,stable
30.3,28.9,31.0,51.8,54.1,46.6,46.3,38.1,43.2,7.1,8.2,7.1,stable
27.2,27.4,29.6,72.3,72.8,75.6,47.3,51.2,51.7,4.8,4.0,4.8,stable
30.2,29.1,30.1,89.3,84.7,84.9,59.4,60.8,64.5,2.0,2.2,3.3,stable
26.7,27.0,29.1,70.3,62.6,68.3,64.4,51.9,60.0,5.6,5.1,5.1,stable
37.5,35.6,36.2,55.5,58.9,52.4,90.8,84.2,89.0,6.8,5.0,6.6,future_root_zone_stress
30.0,32.4,29.6,84.6,76.6,81.9,55.4,53.5,54.1,6.5,5.3,4.7,stable
30.4,31.0,29.3,61.6,64.5,67.2,49.4,54.0,50.4,4.3,5.0,4.6,stable
33.0,32.6,32.7,56.3,60.8,58.2,72.6,72.8,72.2,3.4,4.2,4.1,stable
36.8,35.4,36.1,62.8,57.8,66.9,32.8,29.4,28.5,6.6,7.8,7.2,future_water_stress
31.2,34.0,34.3,20.8,23.8,30.8,79.1,79.4,75.2,4.4,5.0,5.7,stable
30.2,33.7,32.5,78.9,88.8,87.1,79.3,74.2,77.1,2.9,3.7,4.3,stable
28.7,28.0,28.3,62.2,61.8,66.9,63.2,58.6,61.8,2.6,4.0,3.4,stable
36.6,33.5,36.5,70.6,70.8,75.7,62.3,61.2,61.6,5.8,6.7,6.7,future_water_stress
34.5,39.3,37.0,42.3,44.3,48.7,85.5,75.3,78.8,7.4,5.3,5.4,future_heat_stress
31.2,31.8,32.2,61.3,57.4,62.7,66.9,64.8,64.3,1.3,4.9,4.1,stable
32.1,32.1,34.5,58.8,63.4,66.8,44.5,50.6,51.9,6.2,6.4,7.1,stable
34.7,35.7,36.1,81.1,74.7,75.3,59.3,59.9,57.1,4.2,4.9,4.0,future_water_stress
28.6,28.4,30.4,56.0,62.0,61.9,59.6,55.1,57.0,3.5,2.1,2.6,stable
31.3,32.6,31.0,46.4,47.8,49.5,60.9,56.3,62.3,3.6,3.3,4.1,stable
19.5,21.1,21.1,67.5,65.3,59.7,64.9,70.0,67.1,5.3,3.1,3.3,stable
28.3,30.0,29.9,66.6,59.6,57.3,56.3,45.5,48.8,3.6,1.8,1.2,stable
28.8,30.4,29.5,74.5,81.4,77.8,75.5,71.5,76.9,1.0,3.1,2.7,stable
25.1,27.2,29.7,56.4,49.5,50.7,98.4,92.1,91.5,2.4,3.1,3.0,stable
34.6,31.7,33.4,54.9,50.0,49.2,6.4,9.2,9.6,3.4,5.0,5.8,future_water_stress
26.0,25.9,28.1,70.2,64.0,72.0,61.7,71.6,70.5,2.4,5.9,5.1,stable
32.9,33.2,35.7,68.3,70.9,68.4,67.1,57.2,62.3,5.2,8.0,6.6,future_water_stress
28.8,29.9,29.6,63.8,72.6,61.8,57.1,60.7,63.7,4.4,4.3,3.9,stable
38.2,37.4,36.8,30.1,31.5,30.3,32.0,27.1,23.1,4.3,4.7,4.7,future_root_zone_stress
33.2,30.4,32.3,60.0,65.2,67.1,41.1,44.3,42.0,3.5,2.6,3.0,stable
36.6,33.0,38.2,57.7,59.2,58.2,62.2,55.6,61.3,2.3,4.2,4.0,stable
26.6,28.5,31.9,63.1,61.3,61.6,57.4,59.6,59.4,7.9,7.4,10.0,future_root_zone_stress
36.0,38.1,39.5,47.3,40.4,43.4,74.3,81.6,78.2,6.6,6.1,6.7,future_heat_stress
37.8,42.0,41.9,54.8,50.2,58.9,77.6,77.8,78.8,2.8,5.3,4.1,stable
28.5,26.1,26.4,62.7,56.4,52.1,45.1,42.5,45.7,9.1,6.5,6.7,future_root_zone_stress
25.4,23.4,24.6,61.1,62.8,63.4,49.2,49.8,55.7,3.1,3.2,3.4,stable
41.8,42.0,43.6,35.5,43.1,36.3,57.1,61.2,61.3,8.4,7.0,7.7,future_root_zone_stress
31.0,32.6,35.0,86.5,84.0,89.0,74.6,73.8,70.3,1.9,3.7,3.4,stable
37.8,36.8,38.3,40.4,40.8,39.4,31.9,36.5,38.1,8.1,9.5,9.5,future_water_stress
33.2,31.3,32.8,59.8,68.0,67.5,60.3,58.7,67.3,2.2,4.1,2.6,stable
40.1,37.2,41.2,38.6,45.3,37.7,20.2,19.0,15.9,9.5,7.6,8.4,future_water_stress
33.7,30.6,35.6,73.5,67.5,62.8,55.9,60.9,61.7,3.5,4.6,3.1,stable
26.1,26.0,29.2,64.2,61.7,66.0,38.5,42.2,37.0,5.5,4.1,4.8,stable
32.7,35.2,34.3,35.6,36.2,31.9,33.3,34.1,34.1,9.1,6.8,7.5,future_water_stress
28.3,26.9,29.3,66.0,54.2,64.4,41.3,40.8,47.1,2.6,2.6,2.9,stable
27.1,26.4,27.2,47.6,40.4,40.3,19.4,22.0,23.0,6.3,4.9,6.0,future_water_stress
30.5,32.1,32.8,43.5,51.7,49.8,71.4,69.1,74.3,4.8,4.7,5.6,stable
28.2,24.9,27.0,79.7,81.0,77.8,65.3,69.0,73.1,3.5,2.3,3.1,stable
27.3,29.0,28.7,69.1,64.3,67.3,40.3,48.3,45.8,4.5,3.0,4.2,stable
25.7,27.8,31.7,69.9,68.4,64.7,43.8,45.3,43.0,4.8,2.4,1.4,stable
28.4,29.2,29.8,67.9,65.4,67.4,42.0,50.9,42.4,6.8,5.8,3.9,stable
27.5,29.8,29.9,41.7,48.1,50.2,45.9,44.4,50.6,3.0,7.2,5.4,future_root_zone_stress
39.3,43.7,40.9,40.1,41.8,36.5,52.8,53.0,56.8,6.6,7.0,7.0,future_heat_stress
28.7,28.4,31.1,85.2,86.8,83.5,80.9,81.5,79.2,1.7,2.0,2.7,stable
33.9,36.4,37.7,50.8,43.4,46.1,53.4,49.4,52.5,6.9,5.0,6.3,future_heat_stress
34.7,34.5,36.4,49.3,44.3,48.3,82.0,77.8,78.4,7.7,6.6,6.0,stable
33.7,31.5,33.3,80.7,93.0,90.0,79.3,87.1,86.6,4.1,3.6,2.8,stable
21.4,20.1,23.0,64.3,65.8,69.0,46.5,49.2,52.3,6.5,4.1,5.6,stable
32.3,31.3,32.7,49.2,41.8,47.1,67.2,65.3,59.1,5.6,5.2,4.6,stable
26.3,26.8,27.5,90.4,92.1,88.3,84.8,75.8,73.7,4.4,4.5,4.4,stable
32.2,33.6,33.8,69.0,58.5,65.7,49.9,49.6,43.9,9.0,6.1,6.6,future_water_stress
31.9,35.1,33.3,39.1,40.5,44.1,81.6,86.4,88.8,5.8,7.6,6.4,stable
35.9,35.8,40.1,41.1,48.4,41.4,56.5,63.2,60.4,4.7,5.1,4.7,stable
33.3,32.9,34.0,55.7,49.5,46.4,51.4,52.5,47.0,9.1,9.1,9.4,future_heat_stress
32.1,31.5,33.0,75.3,72.7,79.8,78.0,79.7,75.6,4.3,3.4,3.2,stable
30.8,33.3,32.9,67.2,74.2,70.4,97.0,89.9,91.5,3.9,4.8,5.3,stable
26.3,30.1,31.6,66.0,72.4,69.2,57.3,48.1,51.9,3.9,5.1,4.9,future_root_zone_stress
27.8,29.3,29.2,83.0,85.7,86.9,75.2,83.9,74.4,4.2,3.9,3.5,stable
25.5,27.6,27.1,67.5,77.9,79.9,86.3,84.4,79.9,1.8,5.9,4.8,stable
32.4,31.9,32.3,73.3,71.0,70.1,48.9,47.8,50.7,3.1,3.6,3.2,stable
31.8,34.4,36.5,73.3,76.8,76.4,38.3,34.1,35.3,3.1,4.3,3.8,future_water_stress
36.8,32.0,36.4,43.6,41.7,45.3,48.1,48.9,52.8,7.5,5.7,5.4,stable
21.9,24.2,23.5,80.4,72.0,73.0,54.9,50.3,50.6,2.7,4.5,3.2,stable
37.5,38.9,39.7,27.0,31.2,28.3,66.2,61.8,66.4,10.9,9.8,10.5,future_heat_stress
33.8,30.1,33.8,73.4,82.5,75.3,68.9,61.4,65.4,3.9,4.3,2.3,stable
37.5,38.0,38.3,44.8,48.7,42.0,86.1,89.5,82.3,8.2,7.3,7.7,future_root_zone_stress
37.1,39.7,40.8,31.5,28.1,27.8,87.6,91.7,84.8,6.5,6.6,6.8,stable
29.0,28.1,32.4,67.7,70.1,65.5,81.4,87.0,83.9,2.6,4.3,4.4,stable
32.6,30.3,33.2,53.2,60.1,53.1,58.7,67.0,61.6,3.0,2.1,2.9,stable
28.8,29.1,28.6,56.8,61.1,62.6,38.6,40.9,41.9,2.6,3.2,3.1,stable
34.7,33.3,35.0,37.1,36.2,41.0,59.3,52.8,59.5,4.2,6.7,4.2,stable
33.8,35.9,33.7,55.6,65.4,58.8,67.3,59.8,67.9,4.6,2.9,4.8,stable
25.7,25.2,24.4,52.7,49.4,56.9,36.0,33.6,33.9,8.9,6.9,8.4,future_water_stress
27.5,26.3,29.2,64.0,71.2,61.6,62.9,58.0,64.5,3.8,3.4,3.0,stable
28.5,28.1,31.1,69.6,68.0,69.7,59.3,63.5,63.4,3.9,2.8,4.4,stable
40.8,40.1,42.4,41.5,40.7,39.4,62.9,59.8,60.6,3.1,5.8,5.0,future_heat_stress
34.0,35.3,36.7,47.3,48.7,51.7,76.6,72.2,76.3,7.9,8.1,8.2,future_heat_stress
43.4,46.4,46.4,25.4,26.6,24.2,47.5,55.1,52.7,7.2,7.2,7.7,future_heat_stress
31.9,34.5,33.0,73.8,75.1,63.8,66.6,62.7,69.0,5.2,4.4,5.7,stable
24.6,26.4,27.6,54.6,54.0,51.1,52.1,45.1,44.0,1.3,4.4,4.1,stable
30.5,30.1,30.3,67.9,68.8,67.7,56.3,52.5,55.6,0.6,3.2,2.1,stable
30.0,30.1,30.7,26.1,27.3,35.0,51.1,50.7,49.5,6.4,8.4,6.9,stable
32.9,33.5,33.2,59.1,60.5,63.3,57.6,59.1,56.7,1.6,3.2,4.0,stable
29.6,30.0,31.2,59.9,67.3,67.8,48.1,46.2,47.7,4.9,6.0,5.4,stable
43.2,43.7,46.4,40.7,46.5,43.7,71.3,68.0,66.3,5.4,6.6,6.1,stable
28.0,26.0,29.1,74.3,84.2,87.3,50.5,41.8,48.1,3.6,4.9,5.3,stable
29.0,30.2,29.4,57.7,58.6,64.6,58.5,51.4,56.7,-0.8,-0.5,-0.6,stable
23.7,25.8,28.9,69.1,62.9,69.4,53.6,48.4,48.8,5.4,4.0,4.3,stable
23.9,26.9,27.3,103.7,106.7,109.4,52.9,62.9,54.7,4.5,1.5,2.9,stable
26.5,24.3,24.3,69.8,84.2,77.2,25.9,29.6,32.8,4.0,4.5,4.4,stable
29.7,29.3,28.7,50.2,50.3,46.3,56.4,55.6,60.2,5.5,8.6,6.7,stable
42.5,46.6,45.9,39.1,40.9,47.6,46.9,52.0,48.5,4.1,5.5,5.4,stable
26.1,25.2,25.5,65.0,71.0,76.6,71.3,71.1,73.6,1.4,2.1,3.1,stable
27.5,30.5,28.6,73.6,71.6,76.6,99.4,93.6,93.9,2.2,3.1,3.1,stable
24.4,25.8,28.2,48.3,50.8,54.7,94.2,94.2,90.8,4.9,4.2,2.8,stable
23.5,26.3,29.1,90.8,86.0,84.8,59.1,59.0,60.5,2.4,2.4,3.6,stable
34.0,31.1,32.7,46.2,57.2,47.2,75.5,75.0,76.1,2.6,4.2,4.5,stable
33.3,35.7,37.7,51.1,48.2,53.8,39.3,37.1,39.9,2.4,6.1,5.7,future_water_stress
27.2,29.7,29.1,66.0,64.5,63.5,57.0,62.5,59.2,4.3,3.3,4.2,stable
24.9,26.2,24.9,56.4,54.8,54.4,52.9,46.5,49.9,5.4,2.9,5.2,stable
37.9,38.9,39.0,27.7,26.8,33.3,61.4,62.6,58.7,3.6,4.4,4.3,stable
28.0,28.4,26.2,55.0,55.2,52.4,72.3,68.0,72.7,2.6,3.7,1.5,stable
33.4,36.4,36.4,55.4,55.0,46.2,66.4,66.6,69.7,3.7,5.8,5.2,stable
46.7,48.6,49.5,36.5,32.0,28.6,56.1,48.2,54.0,7.4,7.5,8.4,future_heat_stress
29.1,28.4,33.1,44.6,55.4,50.3,66.2,58.7,66.9,4.5,3.1,4.3,stable
41.8,41.4,41.4,28.9,30.4,33.0,13.5,17.9,11.2,8.3,5.8,6.1,future_water_stress
24.5,25.8,27.0,62.9,63.6,64.5,72.8,70.6,65.1,4.5,5.8,4.1,stable
28.6,29.0,30.3,65.1,67.9,65.1,56.4,56.7,57.7,2.0,2.2,2.3,stable
22.5,26.9,25.2,70.2,64.7,70.2,43.4,42.5,44.1,2.3,3.4,1.6,stable
40.7,37.3,38.8,33.3,43.5,36.5,46.2,43.5,47.9,6.1,8.2,7.9,future_water_stress
28.2,29.3,31.9,63.5,58.1,52.9,81.1,76.9,71.2,4.5,2.2,4.3,stable
29.3,28.3,32.0,62.4,56.7,59.9,42.8,50.4,45.2,6.6,6.2,5.5,future_heat_stress
30.4,30.2,29.3,34.1,45.1,43.5,45.0,42.0,45.9,6.7,3.7,5.3,stable
33.0,33.0,33.6,35.4,30.0,29.3,35.6,41.8,45.7,2.3,4.1,4.2,stable
25.0,26.2,29.6,51.2,54.0,51.4,62.5,59.5,67.6,3.9,2.9,1.9,stable
33.3,36.6,34.8,93.3,98.0,88.8,40.0,43.6,38.1,6.8,7.9,7.6,future_root_zone_stress
21.9,22.1,24.4,73.5,67.0,64.4,73.9,77.2,76.3,4.6,5.1,3.9,stable
34.2,36.8,35.6,46.0,46.4,50.3,50.2,53.3,53.6,5.2,4.2,5.9,stable
35.9,35.2,37.2,55.7,49.5,53.1,40.8,45.6,47.9,7.2,8.0,6.0,future_root_zone_stress
35.3,35.5,35.3,63.5,57.2,56.6,71.9,72.7,74.5,7.4,6.6,7.8,stable
29.9,34.4,34.9,50.1,53.4,49.0,82.7,79.3,75.6,4.5,2.8,3.4,stable
30.5,29.7,31.9,55.0,57.5,55.6,84.9,87.2,85.4,5.5,3.6,3.1,stable
23.5,25.2,24.5,62.1,64.3,59.8,21.9,26.8,25.9,3.5,5.5,6.2,future_water_stress
33.6,33.2,36.1,51.0,61.3,60.3,55.6,50.7,48.0,6.9,4.9,4.0,future_root_zone_stress
30.0,29.5,27.7,66.2,72.9,73.1,74.2,79.6,79.0,3.8,4.9,5.4,stable
28.1,28.9,30.0,42.9,39.4,46.1,72.2,73.0,68.8,3.6,2.2,3.3,stable
26.4,27.3,28.2,61.3,57.2,65.2,45.7,52.1,46.3,5.3,2.6,4.4,stable
31.8,29.6,34.0,74.1,68.0,68.6,97.1,93.4,95.0,5.8,4.1,5.1,stable
43.8,44.8,47.0,43.9,45.8,45.0,89.6,90.9,87.3,10.2,11.1,11.4,future_heat_stress
28.2,27.2,29.4,51.5,52.6,50.1,72.6,61.9,70.0,4.7,4.5,4.4,stable
34.0,34.6,33.9,34.6,37.2,32.0,70.7,72.1,74.2,5.1,5.0,6.1,future_heat_stress
34.5,35.6,36.9,68.1,64.6,65.3,25.4,20.6,23.6,4.6,6.9,5.1,future_water_stress
39.0,38.8,40.8,29.8,36.9,39.7,44.8,47.3,47.8,5.7,6.5,7.1,stable
25.1,25.5,27.2,64.0,70.9,63.7,50.7,52.8,50.6,2.7,5.0,3.6,stable
28.3,28.5,31.7,68.9,64.3,77.1,75.3,78.0,80.6,4.1,2.6,3.0,stable
31.2,34.1,31.5,41.8,46.4,45.6,62.8,60.1,63.3,4.2,3.7,4.8,stable
36.1,36.3,40.2,54.8,47.0,43.8,29.2,29.3,29.1,7.6,10.0,8.5,future_root_zone_stress
29.6,28.8,30.2,55.3,52.5,50.6,52.3,60.6,54.0,4.1,3.0,3.3,stable
33.8,36.3,36.1,52.6,63.3,65.1,46.2,42.4,45.0,7.0,7.2,6.2,future_root_zone_stress
26.3,25.6,26.9,57.6,66.5,64.8,23.5,23.5,23.4,6.9,4.4,5.1,future_water_stress
38.4,37.8,38.7,44.7,49.7,48.6,73.7,69.9,65.3,7.2,5.8,5.7,stable
24.1,23.6,26.6,65.6,57.7,62.7,67.1,65.3,66.2,1.8,3.8,4.1,stable
21.0,22.5,21.4,75.4,71.7,67.7,44.7,39.7,44.2,2.0,1.6,2.9,stable
27.0,24.0,25.2,51.2,47.7,50.2,48.0,56.6,50.3,0.3,2.6,3.1,stable
35.1,36.9,33.9,46.0,49.9,44.2,51.2,46.7,49.8,4.1,3.5,3.8,stable
29.0,27.8,31.7,55.6,56.1,53.6,81.3,80.5,86.0,6.2,3.4,3.5,stable
35.2,36.5,38.2,60.0,54.8,62.8,53.5,51.3,50.5,5.0,3.0,3.7,future_water_stress
36.0,36.1,34.1,50.7,48.8,44.8,43.9,49.0,48.9,8.9,8.1,6.9,future_heat_stress
26.2,27.0,26.9,66.4,57.0,60.2,57.1,60.2,57.0,2.7,2.8,3.0,stable
28.8,31.2,29.2,89.3,92.4,91.7,62.2,68.0,69.5,1.1,2.5,3.7,stable
31.8,36.3,36.9,31.1,38.2,34.9,71.6,63.2,71.2,5.0,5.3,5.9,stable
28.1,30.0,31.4,52.7,58.2,59.9,77.1,68.3,72.0,2.0,3.3,3.4,stable
32.2,32.3,32.7,44.7,46.5,45.3,82.0,75.5,73.7,4.0,5.9,6.5,stable
35.4,37.2,37.5,34.8,42.6,46.4,46.5,54.9,54.7,8.4,7.2,7.6,future_heat_stress
43.9,42.9,42.7,35.1,46.2,36.7,7.0,7.3,7.3,6.6,6.9,7.9,future_water_stress
35.3,33.1,33.7,73.4,66.0,64.8,74.8,80.3,74.1,3.4,4.7,5.5,stable
28.0,32.0,31.9,87.3,94.5,91.8,60.6,54.6,57.9,4.1,4.4,4.5,stable
28.6,27.5,29.7,68.1,71.8,65.8,45.5,50.8,47.5,5.9,6.2,5.8,future_root_zone_stress
31.9,29.8,31.5,54.9,60.1,55.2,99.1,94.5,96.3,5.6,5.3,5.3,future_heat_stress
47.0,45.5,48.9,29.1,36.5,24.1,75.7,78.8,81.0,8.1,10.4,10.4,future_heat_stress
30.9,30.5,32.0,45.6,43.3,49.6,56.6,55.8,53.3,4.5,5.9,4.9,stable
22.9,24.8,27.8,56.3,51.3,48.8,78.3,74.4,76.3,4.1,4.2,4.2,stable
29.5,32.1,30.8,40.7,39.8,43.3,52.6,55.1,53.3,5.6,7.4,5.7,future_water_stress
24.9,26.6,28.3,91.0,90.7,89.4,61.8,64.7,61.8,3.2,3.1,1.8,stable
34.7,34.5,37.0,46.4,43.7,47.7,50.7,46.5,47.7,7.6,6.4,6.3,future_heat_stress
43.9,41.3,40.7,23.6,25.5,19.5,65.5,67.2,65.8,10.9,9.4,11.9,future_heat_stress
32.8,31.7,33.0,71.7,74.7,78.0,65.2,68.9,66.0,5.3,4.6,6.6,future_root_zone_stress
24.3,26.4,27.1,57.9,65.1,62.4,93.7,97.6,93.4,7.5,5.5,6.3,stable
19.6,21.5,23.4,62.8,63.9,66.5,73.1,71.5,66.4,3.0,4.1,4.4,stable
32.8,33.8,32.2,82.5,80.6,85.5,76.8,85.6,78.6,3.5,4.8,4.2,stable
28.7,28.5,29.9,79.0,83.2,79.4,58.9,63.7,58.1,3.1,5.7,5.5,future_water_stress
22.3,23.0,23.9,51.2,53.7,52.9,59.2,58.3,55.4,1.7,3.3,3.0,stable
32.3,29.9,32.8,45.3,49.9,42.3,34.7,44.8,45.7,6.1,8.0,6.6,future_water_stress
38.1,36.4,37.7,35.6,35.0,38.9,108.3,108.2,101.5,5.9,4.4,4.1,stable
36.5,40.5,42.1,48.8,44.4,44.1,94.1,90.4,87.7,7.2,10.0,9.1,future_heat_stress
27.7,26.4,29.5,54.2,60.0,55.1,6.9,10.7,14.1,8.2,8.4,6.7,future_water_stress
26.0,29.0,27.7,77.6,71.7,74.7,43.1,44.6,47.2,2.9,2.6,3.2,stable
30.0,30.2,33.1,65.4,61.8,67.5,66.4,65.2,66.3,3.1,4.7,3.5,stable
29.9,32.1,32.6,67.0,61.5,64.5,48.5,43.4,50.6,4.8,6.2,5.4,stable
30.3,27.8,31.3,62.0,60.9,65.5,26.2,26.6,23.2,6.7,5.0,6.6,future_water_stress
26.7,27.1,27.3,43.5,44.6,45.4,58.0,55.5,58.0,3.5,3.1,2.4,stable
28.9,29.1,30.0,38.4,49.2,44.6,70.7,67.1,73.0,4.0,3.4,2.4,stable
19.7,21.4,20.2,69.0,74.8,66.5,66.9,72.2,68.2,2.8,5.1,4.1,stable
29.3,27.2,27.8,56.4,60.1,60.2,55.5,48.8,49.5,4.6,4.1,4.5,stable
28.1,27.7,30.4,57.8,59.9,66.9,74.2,68.0,69.6,-0.5,1.7,2.9,stable
25.2,27.3,26.5,62.6,67.2,75.2,61.3,54.2,60.3,3.8,4.7,4.5,stable
21.1,25.6,25.4,95.5,103.3,93.2,63.8,68.8,61.6,5.3,4.6,3.8,stable
39.9,38.3,41.3,62.0,56.5,58.9,46.9,49.1,48.6,7.9,8.0,7.1,future_heat_stress
33.9,35.8,37.8,37.3,45.4,48.2,63.6,71.3,70.7,3.0,3.6,4.1,stable
25.6,27.1,27.6,62.5,61.9,64.7,62.2,59.5,59.7,3.9,3.4,2.3,stable
29.2,29.3,32.5,71.3,69.4,68.0,43.0,40.0,43.8,2.4,3.8,3.8,stable
30.8,33.2,32.0,71.9,66.2,68.1,45.2,44.1,51.1,8.0,7.1,7.4,future_root_zone_stress
32.5,33.3,33.2,60.7,60.3,60.0,96.9,93.8,97.4,5.6,3.4,4.8,stable
37.1,36.0,35.5,43.1,45.3,48.3,80.7,74.4,72.6,7.1,6.0,6.8,stable
30.9,35.8,33.5,57.1,50.9,58.2,62.6,50.9,60.6,1.5,3.4,2.3,stable
35.8,35.7,35.9,49.6,44.9,47.4,55.5,60.2,65.8,6.8,7.4,8.0,future_heat_stress
30.8,35.0,33.9,70.5,58.1,59.7,56.3,60.8,60.2,3.0,2.9,1.9,stable
35.9,35.5,36.0,45.7,51.2,50.6,23.5,18.7,25.0,6.9,5.3,6.5,future_root_zone_stress
30.2,27.5,29.2,49.3,45.3,50.8,65.2,68.6,68.7,6.6,6.4,5.7,stable
26.7,24.5,29.0,62.9,69.7,71.6,64.1,59.9,56.6,4.1,2.6,2.8,stable
27.8,30.7,33.6,43.4,41.0,37.5,84.8,87.6,91.9,8.9,8.3,6.6,stable
33.6,37.4,37.4,63.5,59.5,63.9,76.7,83.5,77.3,5.1,4.7,6.0,stable
32.6,35.5,35.7,54.4,52.3,53.8,91.8,81.5,88.7,5.5,5.8,5.5,stable
27.1,30.1,28.1,71.5,82.5,75.2,72.2,73.6,74.4,4.6,4.7,4.8,stable
42.5,44.7,43.8,36.4,37.1,38.1,77.9,85.2,82.3,8.6,7.6,7.9,future_heat_stress
24.0,25.6,25.3,69.3,65.8,65.7,33.7,46.6,43.0,2.0,4.4,4.3,stable
29.8,31.5,32.0,56.8,63.5,56.7,49.4,41.8,46.9,2.3,4.9,4.7,future_root_zone_stress
29.9,30.3,33.3,68.6,78.7,75.4,48.9,38.9,47.5,4.6,2.5,4.2,stable
35.6,34.9,33.4,41.9,38.2,40.4,53.5,52.5,49.6,7.4,5.6,7.4,stable
34.9,35.0,34.1,46.8,46.7,47.8,80.3,85.0,84.0,6.2,3.7,5.6,stable
34.3,34.1,33.2,36.7,40.3,41.2,34.3,36.1,40.3,3.8,6.4,5.1,stable
37.6,38.6,39.3,43.3,44.1,37.7,60.5,54.1,57.9,4.8,4.9,6.0,stable
27.8,28.4,30.9,85.2,73.3,77.7,75.8,73.0,75.8,5.8,2.9,2.4,stable
31.8,31.1,33.4,71.3,67.0,68.9,76.4,74.0,76.7,5.7,6.0,5.5,stable
32.6,37.2,36.2,43.5,47.2,43.5,54.9,52.8,54.7,5.9,5.9,6.0,stable
33.6,34.7,35.9,84.2,76.9,77.0,41.7,42.6,43.5,1.5,3.9,2.1,stable
25.3,26.2,26.6,69.7,76.0,76.1,75.7,77.1,78.6,1.1,2.3,1.6,stable
32.6,33.2,35.2,60.0,65.8,59.1,81.6,87.3,85.5,8.4,7.7,6.1,stable
42.4,43.8,44.5,38.3,40.0,43.5,63.3,68.6,71.5,5.6,4.9,7.1,future_heat_stress
34.3,36.7,33.7,52.1,58.5,57.3,43.7,38.4,41.6,5.9,6.9,5.4,future_root_zone_stress
35.1,34.0,36.0,66.6,65.2,69.0,60.8,61.3,59.4,6.3,4.6,3.8,future_root_zone_stress
31.4,28.1,31.5,60.9,67.0,70.8,73.5,77.3,79.6,2.0,3.7,3.1,stable
35.4,33.0,34.3,50.5,43.1,46.1,58.5,62.8,60.2,5.9,7.8,7.5,future_root_zone_stress
34.8,37.3,37.4,42.0,37.8,42.5,49.8,57.3,54.0,9.0,8.4,9.1,future_root_zone_stress
45.3,46.2,46.9,26.0,21.5,27.6,65.5,66.2,69.7,9.4,7.2,7.8,future_heat_stress
32.2,32.2,34.1,67.2,74.1,69.8,44.6,42.4,40.2,5.1,3.2,3.5,stable
26.1,26.3,29.0,70.0,63.4,66.0,62.9,55.3,52.8,1.1,2.5,1.8,stable
30.0,30.5,31.3,48.8,50.0,44.5,50.8,57.4,51.1,4.2,4.2,3.3,stable
25.8,26.6,27.7,74.7,83.5,80.9,54.8,57.7,55.5,5.2,4.2,4.8,stable
44.4,45.0,43.8,21.7,18.3,22.0,0.3,7.0,9.6,8.5,10.5,11.2,future_water_stress
30.3,31.8,32.1,72.6,75.1,71.5,49.0,54.6,47.9,3.8,3.0,2.6,stable
32.0,32.1,31.6,46.1,55.7,58.5,73.5,74.4,75.9,7.0,5.7,5.2,stable
24.9,23.4,24.7,49.3,43.8,43.7,77.0,82.9,82.6,2.2,3.6,3.8,stable
25.2,27.8,26.9,88.5,90.2,93.3,48.4,44.3,45.2,1.9,2.2,2.1,stable
38.0,38.6,38.9,70.4,74.1,71.1,55.0,60.7,58.2,9.9,9.0,7.6,future_heat_stress
30.0,31.5,32.1,68.2,60.6,57.1,16.8,21.1,12.9,4.9,5.2,4.0,future_water_stress
30.1,30.7,30.4,41.1,34.8,41.6,53.6,48.6,55.1,5.8,9.7,8.9,future_water_stress
37.1,37.3,37.3,53.6,50.1,54.4,81.0,79.4,74.4,4.3,4.2,3.6,stable
31.7,30.5,34.3,50.7,49.6,45.8,42.2,38.5,37.1,8.8,8.6,8.1,future_heat_stress
36.7,37.8,41.3,35.5,33.1,41.7,83.9,88.3,94.5,5.4,5.7,5.8,future_heat_stress
29.6,27.7,28.9,43.8,38.7,42.2,70.1,71.2,72.8,2.6,5.3,5.3,stable
25.0,24.1,26.5,50.7,49.4,46.1,53.2,49.3,52.7,3.1,3.0,4.2,stable
30.7,32.7,34.6,51.2,55.6,58.6,60.1,68.2,63.5,3.5,5.0,4.9,future_root_zone_stress
27.7,26.6,29.0,68.6,66.7,63.0,45.0,44.2,40.5,4.4,2.5,4.3,stable
34.1,34.6,35.6,38.5,42.7,38.6,41.7,40.8,41.4,4.9,7.3,7.1,future_heat_stress
28.9,30.1,28.0,72.3,72.6,77.1,46.5,50.1,48.3,5.5,5.1,4.8,stable
30.0,30.3,27.5,52.7,48.6,56.6,55.9,52.3,47.5,4.7,5.1,5.0,stable
24.5,24.4,27.0,92.8,95.4,92.9,74.5,73.5,73.7,4.1,3.2,4.1,stable
32.3,30.4,33.2,67.9,71.2,73.0,41.7,41.3,50.7,4.0,3.0,2.9,stable
34.7,32.6,37.1,74.2,72.0,69.2,60.6,60.6,66.4,5.6,6.8,6.6,future_root_zone_stress
31.7,34.3,33.9,77.8,73.1,76.9,92.7,93.5,93.4,5.2,4.7,5.4,stable
29.1,27.5,29.6,58.9,64.4,61.1,57.0,58.5,55.3,3.2,5.0,2.8,stable
24.8,25.7,28.9,74.2,68.5,71.0,36.0,42.1,43.6,0.5,3.2,2.1,stable
34.5,36.1,37.7,51.6,43.6,46.4,59.2,70.2,64.0,4.5,6.8,6.0,stable
28.5,25.4,30.9,48.9,59.1,57.8,64.4,63.9,66.4,5.4,5.7,4.9,stable
29.8,33.3,32.1,60.4,68.5,61.1,45.6,48.7,52.4,7.4,5.7,8.0,future_root_zone_stress
40.0,38.1,41.2,56.1,51.1,58.9,60.0,63.7,60.7,8.3,6.3,5.7,stable
31.7,31.4,34.1,43.8,39.5,39.5,69.3,71.9,70.0,5.2,6.9,6.5,stable
37.2,37.0,38.7,40.9,35.1,31.4,71.9,64.8,66.0,5.2,4.9,4.5,stable
25.3,24.6,28.9,60.5,56.8,61.7,75.7,72.4,70.9,1.3,1.3,1.6,stable
31.1,33.7,35.0,46.0,48.5,42.6,43.5,40.3,40.8,3.8,5.1,4.0,stable
35.3,38.0,37.6,64.7,55.5,60.2,51.9,54.1,58.2,3.9,6.0,6.3,future_heat_stress
34.6,34.6,33.7,86.9,73.0,77.7,63.5,62.0,62.4,3.7,3.8,3.6,future_root_zone_stress
24.1,23.3,22.4,59.2,59.2,64.0,48.6,48.7,44.9,-1.2,-0.4,-0.2,stable
24.4,24.3,25.0,76.4,66.9,65.0,70.7,78.7,79.5,2.1,3.5,4.0,stable
35.9,38.4,39.4,40.9,47.7,48.9,45.4,52.7,51.1,7.1,10.6,10.1,future_root_zone_stress
29.0,27.9,33.0,39.4,38.8,32.7,51.4,47.4,50.8,3.4,3.8,3.6,stable
29.8,31.9,30.0,80.0,71.5,70.8,57.0,62.2,65.6,4.7,0.7,2.1,stable
33.0,32.2,34.5,69.5,60.3,63.5,68.7,67.2,72.7,6.9,7.6,7.1,future_heat_stress
36.8,36.5,37.6,40.7,37.1,33.4,57.6,58.1,62.1,6.8,5.2,5.9,stable
33.4,35.7,38.6,52.6,50.4,51.3,68.4,62.1,64.1,5.4,6.4,5.5,future_heat_stress
38.6,35.7,36.9,72.7,67.3,68.7,69.2,67.9,68.5,1.5,2.7,2.3,stable
26.7,27.2,31.0,81.0,75.2,81.8,70.2,69.6,65.7,4.5,3.1,4.8,stable
35.7,35.9,35.1,39.9,27.9,32.7,58.4,54.3,52.7,9.0,10.5,10.0,future_root_zone_stress
36.2,36.1,39.0,57.3,60.3,56.3,74.5,73.9,82.0,4.4,5.2,7.4,future_heat_stress
35.9,40.8,40.6,29.3,23.4,30.0,53.4,57.2,61.7,8.7,7.3,7.8,future_root_zone_stress
26.9,26.5,31.7,65.3,66.8,71.6,56.3,55.6,50.6,2.4,2.7,3.3,stable
34.2,34.9,37.3,55.9,61.7,68.3,60.4,57.4,61.0,7.6,7.2,6.2,future_water_stress
27.0,27.2,28.7,84.7,86.9,84.6,43.7,38.2,38.4,6.0,4.5,4.7,stable
29.3,28.9,31.0,69.4,71.6,75.3,98.6,92.6,91.4,2.2,3.2,4.3,stable
31.9,33.3,32.0,66.2,64.7,62.7,66.2,67.9,70.9,2.5,2.7,2.9,stable
31.3,31.7,33.0,63.6,67.6,65.9,48.2,45.5,45.2,4.2,4.4,3.7,stable
29.9,28.8,30.5,57.8,66.2,65.6,84.3,81.5,85.9,2.3,4.1,3.1,stable
35.6,35.5,34.7,51.6,61.7,54.2,37.7,42.0,45.1,8.3,7.3,7.3,stable
33.5,34.1,33.6,34.9,38.6,36.6,74.2,84.0,78.9,3.0,6.5,6.6,stable
25.6,25.6,25.5,66.6,60.2,66.9,88.1,94.3,93.3,2.7,2.1,1.9,stable
36.1,37.2,39.4,38.5,42.3,33.0,81.9,80.8,83.0,6.2,7.3,6.8,future_heat_stress
22.9,24.5,22.4,55.0,59.0,62.9,57.1,60.9,58.7,3.8,4.0,4.7,stable
29.3,27.6,31.4,49.7,49.4,47.6,57.1,54.6,56.4,2.2,3.6,1.6,stable
42.7,41.8,44.6,50.9,46.4,48.2,86.5,92.1,88.9,7.8,9.1,7.9,future_heat_stress
24.4,29.3,27.8,59.4,61.5,60.3,82.8,75.7,77.1,2.9,2.8,3.7,stable
36.8,34.9,37.1,71.2,69.9,65.6,79.4,79.4,75.2,7.2,6.3,7.0,future_heat_stress
32.7,33.6,32.1,68.4,67.4,66.5,31.0,27.0,28.9,3.5,5.0,5.5,future_root_zone_stress
38.2,36.6,40.1,69.1,70.0,62.0,67.6,60.9,59.5,4.0,6.8,6.1,future_heat_stress
26.4,24.9,24.7,77.4,84.3,80.9,71.6,69.6,68.9,1.0,3.7,2.4,stable
34.2,33.9,33.9,58.5,55.8,59.7,71.2,63.2,66.5,3.1,2.8,1.8,stable
35.1,34.1,36.4,45.7,41.3,43.6,46.4,49.0,49.2,8.3,10.3,9.1,stable
40.2,38.7,39.1,51.1,54.2,53.1,80.0,82.9,85.8,2.8,4.6,4.4,stable
33.2,30.5,33.8,78.2,77.0,79.2,53.5,49.1,49.9,3.1,3.3,5.1,stable
25.9,26.0,28.8,45.7,41.4,45.9,46.2,43.0,45.8,6.9,6.8,6.4,future_heat_stress
26.8,25.3,25.8,82.1,78.4,82.4,65.1,62.0,60.7,5.8,5.3,4.4,stable
36.6,35.5,37.6,21.8,22.1,20.0,83.9,83.6,83.5,5.8,6.8,5.3,stable
35.0,34.5,35.4,51.9,54.1,48.1,65.2,70.9,72.4,3.6,3.5,3.6,stable
22.9,24.6,26.3,61.9,70.9,68.3,45.4,56.5,54.1,3.7,2.9,2.4,stable
30.7,33.7,32.2,58.4,50.6,58.8,53.0,55.5,48.2,3.9,2.6,3.2,stable
40.5,40.1,40.7,29.7,28.8,28.6,47.0,46.9,55.2,6.1,5.5,4.8,future_water_stress
27.5,28.0,28.6,60.3,65.2,67.2,68.2,68.9,66.4,1.3,2.3,3.6,stable
33.2,36.1,35.2,38.6,35.2,44.6,70.3,68.7,72.6,7.8,7.4,6.7,stable
27.2,25.6,26.9,61.2,62.7,63.7,55.8,57.2,55.4,4.8,3.5,5.4,stable
30.5,30.9,33.6,71.2,67.8,70.9,69.6,69.6,70.2,2.9,5.1,4.8,stable
39.1,39.8,39.8,44.5,41.6,45.8,51.1,52.9,50.7,7.3,7.0,6.5,stable
26.1,27.0,24.9,46.8,50.6,56.4,59.3,55.4,58.0,3.2,4.3,3.8,stable
26.5,26.3,27.6,92.1,88.9,84.8,62.9,60.0,65.7,3.9,2.9,2.1,stable
31.1,32.6,33.1,65.4,69.2,71.6,50.2,46.4,47.3,2.3,2.8,2.7,stable
27.3,28.7,31.8,65.5,68.0,63.1,19.5,26.5,26.9,4.1,6.4,4.3,future_root_zone_stress
31.0,32.1,34.3,44.2,39.8,37.6,32.7,23.5,27.7,3.9,6.0,5.1,future_water_stress
33.4,33.5,31.0,89.3,88.7,86.0,75.6,77.3,76.9,3.9,4.9,5.8,stable
29.7,31.4,32.4,58.9,59.7,57.5,60.7,58.4,63.2,2.1,0.8,2.5,stable
29.2,32.6,30.4,65.4,72.6,67.9,40.0,48.2,44.0,5.6,5.2,4.2,stable
30.2,30.5,32.6,78.6,85.0,85.5,60.2,65.4,59.9,5.3,3.3,4.8,stable
28.8,32.2,30.5,67.4,76.4,73.7,73.0,69.6,73.9,4.2,2.8,3.1,stable
26.4,27.7,30.3,60.6,56.1,56.5,94.9,95.4,90.2,6.2,2.7,3.0,stable
27.5,26.8,27.0,75.7,82.0,82.1,56.1,52.0,57.8,2.2,2.2,2.4,stable
24.3,28.8,29.1,70.6,71.4,62.0,74.2,72.7,70.6,3.0,1.6,2.6,stable
30.6,28.4,28.0,94.3,87.3,86.0,72.6,67.5,66.9,3.5,4.8,4.2,stable
29.8,29.9,34.9,32.1,43.4,43.8,46.8,50.0,54.5,2.2,1.9,2.6,stable
34.9,39.4,38.0,49.4,49.1,47.2,68.6,64.2,59.9,3.8,5.8,5.1,stable
36.5,35.4,37.0,51.5,49.5,47.7,25.1,24.7,22.6,7.5,7.8,9.1,future_root_zone_stress
33.4,36.0,35.8,55.6,44.5,55.1,74.3,76.3,75.0,3.1,2.2,2.8,stable
29.0,27.1,29.2,50.5,58.3,55.7,58.3,55.7,57.5,4.2,3.0,2.3,stable
28.8,28.3,29.4,46.0,48.5,44.5,56.2,52.3,54.3,6.5,4.5,4.1,stable
28.3,26.0,29.1,49.1,55.7,56.7,49.7,46.7,46.9,6.4,3.5,5.2,stable
34.1,32.5,33.3,62.7,67.2,66.3,40.5,42.2,43.7,6.1,7.2,7.7,future_water_stress
28.9,30.1,31.7,52.0,55.1,53.9,23.4,15.8,15.8,7.3,5.9,7.0,future_water_stress
32.2,32.1,30.7,61.5,56.9,65.2,76.0,77.1,68.5,1.9,1.8,1.3,stable
24.0,26.4,25.8,55.1,55.0,56.4,68.0,68.0,66.8,7.0,4.4,4.5,stable
25.1,28.2,28.8,54.3,51.9,56.6,43.8,42.2,43.9,4.3,3.8,4.9,stable
31.3,31.7,33.6,59.3,54.9,55.4,30.3,26.3,25.3,0.1,0.7,0.1,future_water_stress
29.4,27.4,29.1,59.7,66.5,56.0,72.3,64.0,69.9,4.3,1.2,2.0,stable
33.5,31.5,34.4,71.0,74.2,67.0,71.2,68.4,74.9,5.6,7.4,7.5,future_root_zone_stress
31.8,33.0,32.1,68.3,73.5,72.1,60.8,51.7,59.6,2.8,1.6,3.2,stable
23.3,25.3,26.0,53.2,57.0,59.2,79.7,72.6,72.9,5.1,4.8,3.2,stable
37.5,34.9,36.5,64.1,55.6,65.5,55.3,45.1,53.4,5.9,7.1,5.9,future_water_stress
29.5,30.7,29.8,68.0,75.3,73.7,72.5,76.7,75.9,3.7,5.8,5.9,future_root_zone_stress
29.6,27.0,30.6,58.7,64.9,64.9,68.3,70.4,64.9,1.6,2.6,3.9,stable
30.5,30.8,30.2,62.2,61.4,57.7,90.8,91.0,93.6,5.6,4.5,2.3,stable
26.2,28.8,29.3,80.6,79.4,79.3,72.5,72.6,76.9,5.3,4.6,3.8,stable
27.0,29.8,29.0,77.2,89.1,79.3,69.6,73.6,75.9,3.7,1.3,0.7,stable
24.1,24.2,24.2,57.1,52.6,49.9,24.2,20.1,24.1,5.2,6.5,6.6,future_water_stress
28.9,29.1,31.9,88.3,86.4,83.6,48.6,51.5,49.5,3.2,1.8,2.0,stable
30.9,31.1,30.4,75.5,74.9,73.8,61.7,68.2,66.4,3.8,4.7,4.8,stable
37.9,41.5,42.2,41.5,41.2,45.5,66.7,62.8,69.2,10.0,10.4,9.6,future_heat_stress
33.3,32.4,33.3,51.7,45.9,53.8,73.1,77.7,75.3,7.7,6.9,5.8,stable
32.3,36.2,34.7,48.2,52.8,51.3,55.3,60.8,60.5,8.3,7.2,5.9,future_heat_stress
25.2,27.2,28.8,60.5,68.5,63.5,38.7,38.2,45.4,5.7,7.8,5.5,future_water_stress
37.1,37.6,40.1,51.5,45.8,47.7,64.6,61.5,54.3,6.6,8.4,9.4,future_heat_stress
29.1,26.6,28.4,55.9,57.3,59.0,64.6,57.7,61.2,3.4,4.8,5.0,stable
30.5,29.3,29.4,69.2,68.1,65.7,61.8,61.3,58.7,6.4,8.7,7.4,future_water_stress
37.8,38.8,37.9,42.3,46.4,44.3,89.7,88.0,87.9,9.5,8.6,9.1,future_heat_stress
39.7,43.3,44.0,30.3,35.0,37.3,83.3,84.9,81.6,10.5,9.6,8.6,future_heat_stress
28.5,32.5,31.2,46.7,49.9,45.5,66.3,71.7,66.3,4.7,1.4,2.3,stable
24.7,26.3,26.1,50.3,54.5,58.5,58.6,55.7,56.0,3.9,5.0,4.8,stable
24.4,27.3,28.1,82.2,85.5,81.3,72.7,59.4,67.6,5.2,3.1,4.1,stable
31.8,33.9,36.9,47.3,55.5,52.3,97.9,98.7,97.9,5.8,6.7,6.6,future_heat_stress
33.8,32.0,35.8,42.8,48.4,44.0,40.8,38.4,42.3,6.1,3.9,4.2,future_root_zone_stress
24.4,25.9,29.2,65.8,71.4,71.8,42.4,42.1,40.6,3.6,2.3,4.2,stable
32.5,35.3,35.0,44.8,41.4,46.2,30.6,38.1,34.1,6.4,6.5,5.6,future_water_stress
27.9,30.2,33.0,53.4,50.6,52.7,38.8,39.6,38.8,4.7,5.2,6.0,future_root_zone_stress
25.1,22.6,25.7,81.6,75.6,77.7,81.5,73.7,75.5,2.5,4.7,3.5,stable
19.7,20.8,21.8,81.3,69.7,71.3,58.6,55.1,63.5,2.1,2.4,2.5,stable
38.5,38.8,38.7,30.9,41.5,42.2,65.3,63.4,64.4,2.9,2.7,2.4,stable
31.1,30.1,33.4,78.7,73.9,77.9,77.2,70.1,75.9,3.1,4.3,5.1,stable
33.5,32.9,36.0,58.2,62.0,55.2,56.9,62.4,65.7,2.7,5.0,4.8,stable
25.3,26.3,27.0,35.7,40.7,47.9,45.0,38.8,45.0,2.0,3.5,2.8,stable
31.4,30.7,32.8,62.5,63.2,70.4,89.0,87.8,85.5,5.0,4.9,5.2,stable
25.8,28.5,30.3,36.3,42.5,39.9,86.7,85.1,80.8,2.5,2.8,3.3,stable
30.4,31.7,30.0,71.3,67.9,73.4,96.4,94.7,96.2,4.5,4.4,4.2,stable
27.0,27.7,31.1,64.0,61.8,60.5,50.4,47.1,56.7,1.8,2.9,2.5,stable
42.0,40.8,42.6,42.3,46.5,48.4,67.2,72.3,66.9,9.4,9.6,9.0,future_heat_stress
33.7,33.2,35.3,47.0,48.0,42.4,65.7,64.0,62.1,5.8,3.8,4.4,stable
33.3,33.0,32.5,65.9,64.6,64.0,52.3,43.9,46.1,5.3,4.6,5.4,stable
28.2,26.3,26.1,72.4,75.6,79.7,43.3,45.2,50.5,3.5,3.5,4.9,stable
26.4,26.3,29.5,82.6,76.4,79.5,58.5,62.2,67.9,1.7,2.6,1.5,stable
40.3,36.6,38.9,64.8,68.3,65.3,46.3,47.4,45.7,10.4,9.7,7.5,future_root_zone_stress
31.8,30.3,31.7,55.0,55.7,59.0,58.0,51.7,52.0,6.7,9.0,8.3,future_water_stress
27.4,26.1,27.8,70.2,67.0,67.5,50.3,56.4,54.7,6.0,3.3,3.7,stable
29.6,31.3,28.5,47.3,54.4,49.7,79.6,82.6,79.2,3.0,2.9,3.7,stable
28.2,28.1,29.7,43.1,51.0,46.2,71.0,67.2,67.2,6.7,5.9,6.3,future_heat_stress
32.6,28.9,30.8,59.1,56.2,61.3,85.9,81.3,85.2,2.3,3.8,3.8,stable
35.9,34.7,37.8,27.3,26.7,37.8,59.8,68.5,63.9,5.8,5.8,6.3,future_water_stress
25.7,26.6,26.0,68.7,73.1,70.4,31.7,26.2,27.6,4.9,4.6,4.2,future_root_zone_stress
28.5,27.8,29.3,75.4,87.7,86.2,70.4,69.5,72.0,8.9,8.1,6.4,stable
33.3,35.2,38.5,79.1,72.6,76.7,53.7,59.6,64.7,6.9,5.5,6.6,future_root_zone_stress
29.5,29.1,30.3,50.0,49.2,50.7,39.2,32.3,38.7,7.1,7.0,5.7,future_root_zone_stress
33.0,34.1,34.6,60.0,64.1,68.9,30.1,31.9,27.9,5.2,6.8,6.3,future_root_zone_stress
32.9,34.0,33.9,52.1,51.5,56.5,72.4,66.6,64.8,2.4,5.0,3.6,stable
31.4,32.4,35.5,56.3,51.1,49.6,26.1,29.0,35.5,5.6,5.4,6.0,future_root_zone_stress
27.8,28.0,27.6,78.0,74.0,77.6,59.5,67.7,69.3,4.3,3.2,3.4,stable
30.7,32.3,33.5,64.0,62.3,61.6,63.0,63.0,59.3,4.3,5.7,5.6,future_root_zone_stress
34.7,34.3,36.1,60.4,57.5,57.7,63.7,60.1,62.1,5.0,3.9,5.0,stable
39.2,40.2,39.3,49.0,46.8,51.7,36.2,35.1,37.4,5.0,6.4,5.2,future_water_stress
30.6,33.1,34.7,79.9,69.1,72.5,71.4,70.4,68.8,8.2,7.5,6.4,future_root_zone_stress
26.7,28.0,28.7,58.4,62.3,64.0,54.0,53.5,56.4,2.3,3.2,4.7,stable
29.4,29.4,32.7,74.4,76.3,74.1,78.5,71.4,74.3,6.6,5.3,5.4,stable
39.8,38.2,39.6,31.3,35.9,32.1,74.3,74.1,72.4,7.1,6.3,5.6,future_heat_stress
26.2,30.1,27.4,57.5,47.4,45.2,69.4,65.7,75.4,2.7,2.2,2.6,stable
33.5,37.1,34.9,53.1,46.8,53.7,67.2,64.3,69.7,8.5,8.5,7.9,future_heat_stress
27.3,23.9,24.8,53.0,46.6,48.8,33.8,39.1,37.3,5.8,3.9,4.2,stable
28.2,29.9,32.0,43.0,40.2,43.2,40.9,41.6,44.4,3.6,4.1,3.4,stable
31.0,32.5,32.6,55.8,56.4,60.6,61.8,61.4,61.1,6.8,4.4,6.3,future_root_zone_stress
40.1,39.6,42.9,39.7,32.2,29.0,68.8,66.5,66.9,10.7,11.9,12.0,future_heat_stress
33.3,33.7,34.0,58.4,58.4,55.5,46.2,47.9,51.8,6.6,5.0,5.7,future_water_stress
34.3,35.8,37.2,41.3,37.2,39.5,25.7,27.4,24.4,2.9,2.8,3.4,future_water_stress
33.9,36.4,36.2,67.1,66.6,60.8,77.9,79.2,75.9,6.8,8.0,7.2,future_heat_stress
25.3,27.8,29.0,68.0,65.5,71.9,67.6,77.3,72.6,3.1,1.9,2.3,stable
26.8,28.1,26.0,55.4,60.3,59.0,67.5,69.8,70.9,3.6,3.9,4.6,stable
28.4,29.3,30.1,50.3,47.9,45.2,51.0,56.5,57.3,4.6,2.7,2.6,stable
27.4,24.6,27.5,48.9,49.3,46.2,35.0,38.0,30.1,4.5,4.3,4.4,future_root_zone_stress
32.8,34.4,35.9,51.5,44.7,54.4,38.8,37.3,37.2,8.6,8.2,8.4,future_root_zone_stress
35.9,38.5,35.8,39.0,37.0,41.0,77.9,74.3,79.8,7.3,6.6,6.8,stable
38.3,40.1,41.3,58.5,54.9,59.9,86.4,80.7,83.2,3.5,3.5,5.1,stable
31.8,31.9,32.8,54.8,55.5,48.7,41.2,37.0,41.7,6.3,8.1,7.5,future_heat_stress
36.5,38.7,37.6,53.8,55.3,47.3,87.7,81.9,88.3,3.7,3.8,5.8,stable
27.9,29.2,30.4,47.3,46.1,51.3,68.9,76.7,69.3,3.9,3.0,2.4,stable
33.3,32.1,32.1,63.0,66.7,65.5,40.7,48.3,41.0,2.2,2.7,1.8,stable
26.9,27.8,26.9,70.7,58.8,60.4,77.1,74.8,81.5,7.0,5.9,4.1,stable
22.2,23.1,23.2,57.9,64.1,61.2,67.0,66.3,69.2,3.7,4.4,2.3,stable
31.0,30.3,31.8,54.0,50.6,58.4,48.5,51.6,53.8,1.3,3.4,2.3,stable
28.2,30.1,29.4,50.2,34.2,40.9,71.1,76.6,70.2,5.8,3.9,5.1,stable
28.2,25.8,30.5,44.1,40.7,38.9,71.9,67.0,72.7,1.8,3.3,3.3,stable
31.8,30.8,32.6,61.4,68.5,70.5,55.9,54.1,46.9,4.0,4.0,3.8,stable
36.4,39.9,37.7,68.3,72.0,66.3,42.5,47.2,40.2,5.6,7.9,6.3,future_root_zone_stress
35.4,35.3,34.9,71.5,81.1,77.0,65.6,71.3,70.2,5.5,5.9,6.5,future_water_stress
31.7,32.7,31.1,43.1,35.2,42.2,47.8,45.2,45.3,7.5,6.2,5.3,future_water_stress
22.3,26.8,26.5,55.7,56.1,53.8,49.2,54.1,52.2,3.1,3.4,4.6,stable
24.4,24.7,27.1,93.4,83.1,84.8,50.1,50.9,52.2,4.8,6.2,4.0,stable
28.2,31.6,30.7,72.5,72.5,78.5,79.8,81.9,74.2,4.4,2.8,3.7,stable
35.6,35.0,39.1,46.2,56.5,51.0,26.8,30.7,21.4,8.7,8.9,9.2,future_water_stress
29.7,32.0,32.7,52.7,54.2,51.1,65.5,57.5,59.7,1.1,2.9,2.3,stable
33.4,32.4,33.4,72.9,79.3,76.3,47.2,39.4,45.7,7.5,7.5,6.6,future_water_stress
36.3,33.4,34.9,45.7,41.2,41.2,45.5,40.6,40.7,6.2,5.0,6.0,stable
39.3,38.5,38.9,49.4,36.0,38.3,50.3,51.4,58.5,4.6,4.3,5.2,future_water_stress
37.0,37.2,39.1,64.2,53.1,57.8,55.4,55.7,49.9,5.5,4.2,6.9,stable
28.1,28.4,27.6,49.4,51.2,48.4,48.0,48.1,46.1,5.4,3.3,3.7,stable
39.2,39.2,37.8,50.7,60.0,57.1,58.8,49.1,51.0,9.7,10.2,8.6,future_water_stress
26.6,24.9,25.6,55.0,60.6,58.1,63.2,64.0,64.0,3.6,1.8,2.8,stable
26.2,26.8,29.0,58.0,71.7,62.6,91.4,93.5,99.3,3.8,2.7,4.2,stable
39.4,40.0,39.3,50.8,49.5,37.8,44.5,38.0,34.7,7.3,7.2,6.1,future_water_stress
42.6,39.5,40.8,40.4,36.1,38.7,64.5,65.4,64.2,4.1,5.3,4.6,stable
34.0,34.4,34.9,53.1,51.4,42.1,71.0,74.4,74.7,5.2,3.6,4.5,stable
45.1,45.4,47.0,30.2,26.7,21.2,92.7,93.1,89.4,8.6,8.0,7.7,future_heat_stress
29.5,27.3,31.1,63.6,60.0,57.5,73.9,72.7,79.9,0.8,2.2,1.4,stable
26.3,26.1,26.6,44.2,47.2,51.3,71.3,75.9,71.0,5.8,4.6,5.5,stable
30.0,28.6,31.6,93.1,93.4,91.9,91.3,92.4,95.6,2.9,3.9,4.6,stable
29.2,28.1,29.7,73.8,69.6,72.3,62.4,64.7,59.7,4.5,3.5,2.8,stable
22.5,22.7,24.6,38.4,47.3,46.2,39.3,41.3,42.2,8.1,6.2,6.0,future_water_stress
22.5,24.5,26.5,49.6,58.3,61.1,52.0,55.8,51.1,4.7,7.0,7.0,future_water_stress
25.0,29.4,28.2,57.2,61.6,62.5,61.0,55.2,58.7,0.2,3.9,2.0,stable
31.7,31.8,34.6,45.4,31.9,33.8,48.9,54.3,46.9,7.3,6.9,6.5,future_water_stress
38.7,35.9,39.9,45.9,42.0,45.6,59.1,61.7,60.6,6.5,5.2,5.0,stable
28.9,29.0,30.0,81.4,76.2,84.4,68.8,66.5,64.3,2.8,2.4,4.4,stable
34.3,32.5,33.1,64.3,67.4,61.1,63.1,63.2,64.2,5.0,6.1,5.2,stable
29.2,27.3,31.1,62.9,58.2,56.3,54.7,48.6,47.5,3.6,3.3,2.9,stable
41.2,43.9,45.3,44.3,46.2,44.1,94.6,90.9,88.4,8.2,7.8,7.2,future_heat_stress
33.7,34.5,36.1,65.2,62.2,67.4,73.9,67.1,65.6,6.8,5.8,7.1,stable
22.7,26.0,26.7,67.0,58.3,64.3,64.7,65.3,67.4,5.6,6.6,6.6,future_heat_stress
33.0,32.9,30.5,63.6,55.8,58.4,52.1,41.1,49.3,5.0,4.2,4.8,stable
36.5,36.0,36.1,54.6,57.1,59.9,54.1,42.9,44.5,6.2,8.7,6.9,stable
45.8,44.5,45.1,34.5,28.6,21.7,67.3,66.4,60.5,7.5,9.4,9.6,future_heat_stress
29.0,27.2,28.7,74.1,68.1,70.2,49.3,43.8,48.9,4.6,3.5,3.9,stable
30.5,29.7,30.8,34.9,42.0,45.4,18.7,22.7,31.0,6.4,5.3,5.2,future_water_stress
35.9,40.2,40.4,60.2,64.7,65.8,64.4,62.6,67.7,6.1,4.2,3.6,stable
33.5,33.4,36.5,54.1,55.8,49.8,90.5,92.9,90.6,4.3,4.9,3.3,stable
24.3,28.9,29.6,65.0,69.4,69.2,61.4,60.2,66.1,8.0,5.7,6.6,future_root_zone_stress
27.3,28.8,28.3,48.6,52.0,53.9,85.9,86.1,85.6,4.6,3.1,2.5,stable
34.5,35.3,38.8,37.0,39.8,33.5,54.5,52.3,57.3,5.4,6.3,4.5,stable
29.3,29.2,27.9,55.4,56.5,58.0,53.6,55.0,51.3,4.9,5.6,4.3,stable
35.0,35.5,34.1,50.9,50.9,47.2,72.4,62.2,64.8,6.5,6.7,5.0,stable
37.2,37.0,37.6,26.7,21.9,30.9,57.7,51.7,51.1,7.7,6.7,6.1,future_water_stress
33.4,32.2,34.1,50.9,60.1,53.0,38.2,35.0,43.4,8.6,9.6,9.4,future_root_zone_stress
25.7,25.0,26.2,74.9,69.4,76.0,43.9,45.4,41.8,0.4,3.9,1.7,stable
37.9,41.1,41.0,16.4,8.9,15.2,48.4,47.1,47.1,7.3,8.1,8.2,future_heat_stress
25.8,23.0,25.7,50.3,49.2,52.2,66.1,63.8,64.7,6.9,7.5,7.5,stable
32.4,34.1,35.4,57.5,46.5,50.2,50.4,55.6,55.4,8.8,7.1,7.1,future_water_stress
36.7,38.1,37.3,58.9,63.1,54.9,57.4,57.9,59.7,3.0,4.8,4.9,future_root_zone_stress
29.6,29.3,28.1,75.3,73.6,75.0,35.6,41.4,41.1,4.4,5.0,5.7,future_root_zone_stress
36.0,38.7,37.5,42.1,52.5,43.3,69.3,75.7,74.8,6.9,5.3,6.9,stable
29.0,27.1,30.1,38.4,33.1,41.0,43.5,48.6,47.1,6.1,3.8,4.8,stable
32.8,33.6,36.9,69.9,65.9,67.0,46.7,44.5,44.9,3.4,4.8,3.1,future_root_zone_stress
28.9,31.0,33.8,42.5,46.7,45.0,44.5,51.1,52.6,3.5,5.1,5.4,stable
31.2,31.1,31.7,63.2,63.3,64.8,87.6,92.4,93.5,3.9,3.3,3.4,stable
34.9,34.8,38.9,38.9,36.4,44.8,53.9,54.5,58.3,6.0,5.9,6.4,stable
28.6,32.3,32.4,67.3,57.6,59.7,74.3,69.4,77.5,4.4,3.7,5.0,stable
28.6,31.3,32.5,67.9,73.2,70.5,43.5,40.4,42.7,3.0,4.5,6.0,future_water_stress
40.5,40.1,39.1,67.3,65.8,68.2,70.9,66.8,67.6,4.8,6.2,5.9,future_heat_stress
36.2,37.2,37.8,39.2,29.1,33.7,47.2,39.9,36.5,5.2,6.2,6.8,future_heat_stress
39.3,42.6,40.6,38.6,40.2,41.3,21.8,22.0,19.4,6.5,9.1,7.6,future_water_stress
29.0,28.6,28.8,87.5,90.0,90.1,73.4,75.0,78.0,1.5,3.4,3.3,stable
32.8,34.7,34.1,81.7,71.9,78.7,51.4,51.1,48.5,8.8,6.1,6.5,future_root_zone_stress
32.8,33.3,37.1,70.1,68.3,69.4,61.5,58.9,58.1,7.1,7.3,7.5,future_root_zone_stress
32.8,33.8,35.8,38.4,51.5,47.9,62.6,69.1,68.3,8.2,6.2,6.0,stable
28.6,27.2,27.3,58.4,61.3,59.7,44.2,44.3,40.4,4.6,3.4,2.6,stable
46.4,45.4,44.3,16.7,22.4,17.3,56.0,56.4,63.0,5.3,6.7,8.0,future_heat_stress
31.5,31.1,30.1,86.4,85.2,83.9,76.9,81.3,77.9,3.5,4.5,4.4,stable
30.2,29.0,29.2,59.7,67.3,67.8,53.1,50.6,53.5,4.1,2.9,2.9,stable
35.2,35.2,34.8,45.6,52.0,55.8,66.0,66.4,68.6,8.7,8.3,7.7,stable
33.1,30.1,30.4,57.3,67.4,60.4,57.1,65.5,64.5,4.5,5.5,3.4,stable
26.1,27.0,29.3,61.3,64.5,60.3,52.8,43.1,46.8,4.0,4.1,4.3,stable
31.0,33.4,33.6,90.2,78.5,81.3,73.0,71.8,71.9,1.8,5.1,2.5,stable
24.0,29.1,27.5,77.0,74.1,80.4,75.9,71.9,70.1,1.8,4.4,4.8,stable
29.6,28.9,30.6,62.6,71.8,66.2,73.7,63.7,68.0,1.2,2.0,2.5,stable
32.3,32.0,33.5,66.7,64.7,61.9,44.7,40.8,40.8,5.1,6.9,6.8,future_water_stress
32.8,36.3,36.2,56.9,57.6,60.0,21.7,18.8,19.4,8.0,7.5,7.6,future_water_stress
21.0,19.4,24.4,71.3,77.9,78.0,59.5,61.0,61.0,6.1,5.8,4.1,stable
27.9,24.1,28.0,75.4,62.4,68.1,54.2,53.2,57.2,1.5,2.6,2.7,stable
38.0,38.9,41.3,45.8,44.4,39.7,34.3,37.8,38.2,4.1,7.9,7.1,future_water_stress
20.3,20.1,24.0,67.3,67.7,68.9,35.7,35.4,37.5,3.2,2.2,3.7,stable
36.3,39.1,41.5,42.4,40.2,44.0,73.7,76.2,78.2,5.6,6.2,7.0,stable
31.6,30.5,30.9,57.5,55.9,51.4,76.9,76.6,79.5,2.0,2.9,4.8,stable
25.0,27.3,28.8,39.8,44.5,48.7,74.6,81.0,74.5,7.4,8.6,6.9,stable
32.8,33.7,32.5,67.5,66.9,68.3,52.4,50.2,49.2,3.0,3.6,4.4,stable
40.6,42.5,41.8,52.4,48.6,50.1,74.2,68.8,68.8,10.1,9.2,10.0,future_heat_stress
28.9,31.5,31.5,55.9,53.0,45.8,45.4,50.5,52.9,3.3,2.9,3.7,stable
34.8,34.9,37.5,63.8,62.4,57.8,56.4,52.2,52.3,6.3,7.4,6.5,future_heat_stress
32.5,31.0,32.2,54.7,52.0,52.2,35.3,38.0,35.2,2.7,5.1,5.0,future_water_stress
28.5,30.0,27.6,65.1,73.1,76.1,47.9,53.2,49.6,0.4,3.2,2.9,stable
25.5,26.8,28.1,58.4,61.7,64.8,87.2,80.6,85.5,2.9,1.3,3.0,stable
26.5,25.1,27.8,64.5,57.1,64.4,57.0,55.6,49.8,0.5,1.2,3.2,stable
31.7,31.5,36.0,62.0,53.9,57.0,48.2,57.6,47.5,2.8,3.3,4.9,stable
30.2,31.1,31.9,63.6,56.8,58.2,56.4,60.0,53.6,6.2,5.1,5.7,future_root_zone_stress
28.4,26.6,27.4,80.9,93.6,81.9,55.4,56.6,51.2,3.4,4.0,4.0,stable
29.2,30.8,31.5,62.5,52.5,58.4,94.9,91.9,93.8,3.1,2.4,3.0,stable
31.7,33.8,32.8,57.7,68.7,60.1,22.0,31.7,26.7,8.4,6.5,4.8,future_root_zone_stress
29.5,29.8,28.7,60.4,51.5,52.6,73.8,68.0,71.8,2.7,3.0,2.4,stable
24.5,25.7,27.3,63.1,53.8,52.5,39.3,42.3,42.5,5.0,2.5,1.8,stable
27.9,30.7,31.4,57.0,62.6,62.0,84.9,87.8,91.4,6.3,5.2,5.3,stable
31.9,30.2,33.6,64.1,59.3,62.5,64.3,59.9,58.3,3.7,4.3,4.6,stable
26.4,24.5,25.9,49.5,56.3,53.1,36.8,38.9,35.5,7.4,7.2,8.5,future_water_stress
28.7,28.8,25.9,72.2,69.9,72.6,58.3,63.1,61.9,1.4,2.0,2.5,stable
29.5,28.4,32.3,71.4,79.0,77.7,60.5,62.3,60.2,5.1,6.7,4.8,stable
31.7,29.8,34.1,45.4,47.2,49.8,64.3,76.4,70.3,5.8,5.0,4.2,stable
31.6,34.3,33.0,59.9,60.3,62.5,51.1,48.4,55.3,8.1,6.6,7.1,future_heat_stress
26.9,26.1,27.0,80.0,85.4,80.3,59.5,70.7,65.5,3.2,2.8,1.8,stable
32.2,32.0,35.1,72.9,79.1,72.7,81.2,82.1,79.0,4.9,3.3,3.8,stable
31.9,30.0,31.5,42.0,57.8,52.4,60.2,61.9,59.2,7.0,4.7,6.1,stable
25.4,26.8,27.0,59.7,56.6,61.6,70.4,71.5,67.0,4.2,5.1,4.2,stable
25.1,25.4,28.1,62.3,61.9,60.4,55.0,52.9,48.1,4.1,3.5,4.2,stable
21.8,24.0,23.6,75.0,67.5,69.2,45.9,53.8,57.6,3.5,1.6,1.9,stable
28.2,28.6,31.3,54.7,50.6,60.1,50.9,54.9,57.5,9.5,7.2,7.1,future_heat_stress
32.1,31.7,34.7,32.0,29.9,29.0,54.4,51.4,49.2,11.3,8.1,8.6,future_heat_stress
26.9,26.3,27.6,62.8,64.3,63.5,57.4,64.3,65.7,0.6,1.4,3.4,stable
27.7,27.7,29.4,77.6,78.9,76.3,80.0,79.5,83.8,3.9,4.4,4.9,stable
31.1,29.4,32.0,63.7,63.1,61.7,25.1,24.6,20.1,6.6,4.2,4.7,future_root_zone_stress
35.0,38.2,36.5,69.9,55.7,58.7,46.5,46.7,40.4,6.1,6.4,6.4,future_heat_stress
42.3,44.7,43.3,33.5,30.2,27.9,75.0,72.7,74.0,11.5,8.9,10.1,future_heat_stress
31.8,32.3,35.7,78.3,73.1,80.3,47.8,48.2,51.4,3.0,5.2,5.2,future_water_stress
29.2,31.8,32.4,49.5,47.8,57.2,49.3,50.7,49.8,6.3,7.3,7.3,future_heat_stress
36.1,35.7,35.9,45.9,50.7,50.0,49.7,53.7,49.3,5.4,6.7,7.1,future_heat_stress
33.2,34.3,36.0,37.8,40.1,43.8,82.2,81.2,81.7,3.0,5.4,4.8,future_heat_stress
21.6,23.7,26.8,65.8,64.9,69.4,63.4,64.2,60.3,2.9,2.4,2.9,stable
27.7,26.1,26.8,49.6,57.3,48.4,96.5,82.3,89.1,2.4,2.3,2.2,stable
31.7,32.5,33.7,67.5,68.3,59.7,70.2,71.8,74.0,5.6,4.2,4.8,stable
25.7,26.5,29.1,47.8,59.3,60.5,55.3,57.3,57.6,3.6,5.6,3.3,future_water_stress
32.8,32.4,32.2,44.6,45.2,43.8,52.9,48.0,48.5,7.8,6.3,6.2,future_root_zone_stress
30.1,28.4,32.4,63.1,60.8,56.9,55.8,53.9,54.6,5.9,5.6,5.7,future_water_stress
36.8,36.3,34.0,36.2,40.3,38.4,68.5,64.2,70.0,7.1,6.5,5.7,stable
33.8,32.9,34.4,45.8,53.3,46.9,65.7,68.8,63.5,3.6,4.6,4.0,stable
41.7,41.7,41.1,42.1,30.7,30.5,16.3,10.4,18.2,9.8,9.3,9.1,future_water_stress
31.0,35.4,36.6,60.6,61.0,55.1,87.6,84.8,85.5,1.4,3.3,3.5,stable
34.9,35.5,33.9,63.5,62.2,61.8,41.1,46.4,42.3,11.0,9.2,8.5,future_root_zone_stress
31.5,31.8,30.5,65.6,77.6,75.7,57.0,61.3,60.6,1.3,1.1,3.2,stable
30.8,31.9,33.3,64.4,58.0,62.6,53.5,52.8,53.9,2.8,4.3,3.5,stable
28.8,31.9,31.6,71.8,61.5,59.5,74.2,76.8,71.8,1.5,2.7,2.4,stable
30.2,31.7,30.9,33.1,31.4,34.7,48.5,40.3,38.9,8.3,6.1,5.3,future_water_stress
38.5,38.4,37.9,26.8,31.0,29.2,20.5,18.6,20.1,10.7,7.6,9.8,future_water_stress
33.4,31.9,35.2,39.7,37.3,35.0,55.8,52.2,50.4,4.3,4.9,4.9,future_water_stress
25.7,22.5,23.8,72.0,64.4,68.0,60.5,66.3,60.0,3.3,4.0,3.0,stable
26.9,28.1,29.3,38.1,44.2,44.2,50.8,50.9,46.1,1.8,0.9,2.1,stable
37.2,36.9,34.7,61.4,62.5,68.3,62.4,53.1,57.7,4.2,3.5,2.8,stable
20.4,21.8,21.8,79.1,74.1,73.9,41.3,42.9,39.2,0.7,2.6,2.1,stable
33.8,34.2,34.6,41.2,44.6,45.5,65.8,61.3,61.3,6.1,8.7,7.9,future_heat_stress
32.4,35.0,35.9,76.6,69.5,71.8,43.2,42.1,46.0,10.3,8.2,8.8,future_water_stress
26.0,28.8,28.1,60.8,70.2,63.1,78.3,81.5,79.9,4.0,3.7,4.0,stable
28.8,29.1,28.7,55.1,56.7,52.5,69.7,70.5,69.7,5.6,3.7,3.3,stable
31.8,32.3,35.5,77.5,69.4,74.0,80.7,83.9,85.4,2.5,3.2,3.5,stable
38.0,38.5,39.6,49.2,52.1,50.3,59.2,58.2,54.3,5.7,7.7,7.1,future_root_zone_stress
31.4,32.9,31.9,50.3,48.0,48.4,46.7,49.2,54.4,-0.9,-1.7,-0.7,future_root_zone_stress
28.2,27.0,26.9,67.1,71.7,67.7,58.5,52.5,59.8,7.8,6.1,7.3,future_root_zone_stress
26.4,29.8,32.3,53.0,59.1,61.9,83.0,78.7,72.0,3.1,3.0,3.7,stable
27.1,30.3,29.9,81.8,74.6,76.7,75.7,70.8,67.3,4.5,1.7,1.2,stable
28.8,27.5,28.4,74.9,69.2,64.0,51.3,56.4,47.7,5.9,5.4,4.8,stable
24.2,25.7,30.2,64.1,69.6,67.6,90.3,86.5,86.8,1.7,3.4,2.9,stable
38.3,37.4,39.9,51.3,54.2,60.6,68.7,71.0,71.7,6.5,6.8,7.8,future_heat_stress
34.9,35.8,36.3,33.0,42.9,36.8,84.6,79.8,77.1,4.0,4.6,3.9,stable
34.4,36.4,38.2,54.2,53.3,49.8,41.7,36.8,42.0,8.6,6.2,7.5,future_water_stress
33.3,34.0,33.7,44.0,42.5,46.6,78.9,71.6,74.1,6.4,5.7,4.8,stable
37.8,37.5,39.3,31.9,37.5,36.8,88.8,85.4,85.3,5.6,5.8,4.5,stable
26.0,25.6,27.6,69.5,56.3,63.9,67.0,65.4,73.9,4.1,3.6,3.8,stable
33.1,35.5,34.2,51.0,52.5,59.4,50.1,52.2,49.7,8.2,7.2,7.5,future_heat_stress
30.0,30.5,31.9,79.5,83.4,78.0,54.8,53.2,53.3,5.7,2.6,4.2,stable
32.8,31.6,36.7,53.9,48.1,53.0,42.0,40.5,44.3,5.0,2.8,4.8,stable
28.2,32.0,32.3,74.3,68.5,64.2,52.8,60.1,56.2,-0.7,-0.9,0.6,stable
30.7,31.9,35.5,29.7,31.9,30.9,65.4,63.8,59.3,6.4,4.6,6.6,stable
30.6,30.5,31.3,78.6,87.2,76.8,63.8,54.7,60.6,2.0,3.5,3.1,stable
29.2,27.2,27.7,89.0,82.8,83.2,89.7,90.0,85.2,6.3,5.9,7.2,stable
33.1,36.2,39.1,53.8,46.9,53.6,59.6,65.0,62.2,8.2,5.7,6.1,stable
38.8,40.2,41.5,25.2,22.6,28.6,38.9,32.5,33.2,7.6,7.2,7.4,future_water_stress
27.1,26.5,31.2,76.9,73.9,76.1,87.5,81.4,85.4,2.6,0.8,2.8,stable
35.1,35.9,39.0,52.5,53.1,54.4,65.6,65.0,68.2,5.0,4.3,4.3,future_heat_stress
27.1,28.6,28.7,41.0,46.8,40.5,53.5,48.2,48.9,0.2,-1.4,-0.6,stable
33.5,34.5,33.5,65.9,71.1,70.4,96.9,91.4,89.8,1.9,1.0,3.0,stable
37.3,35.1,37.5,39.4,39.3,43.3,44.5,52.6,53.0,7.6,7.0,7.4,stable
39.6,41.9,39.6,44.3,36.9,43.2,75.4,70.7,73.5,5.2,6.1,6.4,stable
33.2,36.2,35.4,42.4,36.2,37.8,62.8,59.5,62.6,7.3,5.9,5.1,stable
27.3,28.2,30.5,28.3,28.7,25.9,71.9,72.6,71.4,3.7,3.3,4.9,stable
30.0,29.9,30.2,89.1,87.1,84.8,45.3,45.8,48.9,2.7,4.1,3.0,stable
27.6,25.6,30.7,69.8,76.7,76.9,80.7,78.9,83.8,0.7,3.2,1.5,stable
33.9,34.4,34.0,82.2,85.6,77.7,25.6,28.3,28.9,6.9,7.4,5.3,future_root_zone_stress
39.4,39.4,39.8,52.0,47.6,52.6,45.0,47.0,46.9,9.3,7.4,8.8,future_heat_stress
27.2,29.0,28.8,70.0,78.1,72.8,77.8,76.2,78.3,4.9,2.4,2.4,stable
34.5,34.3,34.2,78.4,82.6,88.6,55.1,55.5,60.3,5.1,5.1,4.0,stable
32.7,29.4,30.8,65.6,65.5,75.4,34.9,40.0,42.7,3.5,3.0,4.7,stable
31.8,31.6,31.1,36.6,33.4,36.1,77.0,81.8,80.8,8.2,5.0,5.7,stable
25.4,24.7,27.7,54.0,56.5,62.9,65.4,77.0,73.8,4.6,5.0,4.8,stable
28.5,30.6,33.2,70.6,64.4,64.7,62.5,62.3,56.0,4.3,3.7,3.9,stable
35.1,37.1,39.3,45.5,45.8,38.3,69.4,63.5,60.9,5.3,5.8,6.0,stable
24.2,23.8,24.4,51.0,52.4,54.1,50.5,55.0,55.8,1.0,3.1,1.9,stable
37.2,36.8,39.5,15.8,19.4,21.7,60.0,47.3,55.1,10.7,8.0,9.2,future_heat_stress
32.5,32.8,32.6,82.0,83.2,80.0,74.8,70.3,69.4,5.8,7.8,6.3,stable
33.2,31.6,31.8,53.7,51.2,42.2,47.4,55.1,54.4,4.9,5.5,5.1,future_root_zone_stress
26.0,27.4,26.3,81.8,79.6,81.1,88.1,82.7,87.4,2.9,3.2,3.2,stable
28.3,27.3,28.2,62.4,64.2,59.4,69.4,73.6,71.0,5.7,2.3,3.8,stable
28.0,27.4,28.2,91.2,79.7,81.2,56.3,54.6,59.2,2.1,3.0,2.9,stable
31.5,32.4,31.6,47.2,52.7,52.1,30.0,19.3,21.1,3.6,5.5,5.9,future_water_stress
31.8,30.7,30.4,57.5,56.5,55.5,48.5,55.5,56.1,4.2,4.7,5.4,stable
28.1,28.8,32.7,56.2,47.7,58.6,71.7,75.0,70.9,3.0,4.7,4.9,stable
26.9,29.6,28.2,80.7,78.1,77.2,67.6,59.0,61.7,3.1,3.3,2.9,stable
31.6,27.6,32.0,78.8,81.4,79.0,53.2,54.0,53.8,5.3,3.6,4.2,stable
25.7,26.9,26.8,52.8,60.7,56.8,84.1,80.0,85.0,5.9,3.7,3.9,stable
33.5,31.6,32.9,56.6,58.8,63.7,35.8,47.6,41.1,5.3,7.7,6.2,future_root_zone_stress
30.7,31.4,30.7,57.0,62.6,65.3,55.2,46.0,49.7,3.8,2.3,4.4,stable
26.9,27.5,26.7,57.2,68.2,62.1,47.0,50.2,47.5,6.2,7.8,6.6,future_water_stress
28.3,29.1,30.6,68.0,70.0,62.8,25.6,35.7,28.1,5.7,6.6,7.3,future_water_stress
27.2,27.0,27.6,69.8,76.0,67.9,63.0,56.2,54.5,1.0,3.1,4.0,stable
32.9,38.1,37.9,57.0,52.6,60.1,27.4,30.5,29.3,7.4,6.8,5.4,future_water_stress
29.2,31.1,32.2,47.3,46.8,53.8,51.5,52.0,50.9,9.1,7.9,6.3,stable
23.6,23.2,23.4,82.7,84.8,80.3,62.1,67.7,66.4,3.2,4.5,4.0,stable
28.2,28.7,29.2,59.1,61.3,54.3,70.2,67.7,64.6,1.1,2.4,3.2,stable
33.2,35.7,33.1,47.7,42.1,40.4,44.0,43.6,46.6,4.5,5.8,6.2,stable
31.9,31.2,33.4,55.4,63.1,54.3,42.4,39.7,40.7,10.0,6.9,8.4,future_water_stress
27.1,29.0,27.5,59.1,55.4,57.4,58.1,54.3,55.5,2.8,3.7,3.1,stable
33.0,34.7,37.6,50.8,54.7,58.0,47.2,49.2,46.1,5.5,8.7,8.0,future_water_stress
29.4,28.3,31.4,67.9,75.8,79.3,74.7,80.9,73.2,1.7,3.7,2.8,stable
24.2,20.7,25.5,67.4,71.2,68.4,42.9,39.4,47.8,1.6,4.2,3.3,stable
26.1,29.5,27.5,64.3,68.1,60.2,28.4,30.8,26.5,6.7,6.3,5.8,future_root_zone_stress
33.6,34.7,37.1,51.1,53.1,56.8,50.5,57.1,61.0,13.0,11.9,10.9,future_heat_stress
27.6,28.7,31.8,63.8,59.6,60.0,69.4,75.0,69.7,8.1,4.7,5.5,stable
31.1,33.6,35.7,56.0,58.6,61.4,53.8,52.7,50.8,5.1,3.7,3.7,future_root_zone_stress
28.4,27.5,28.1,78.7,82.6,84.0,86.7,83.5,91.0,1.3,1.4,3.0,stable
21.1,20.4,21.7,74.9,75.5,71.4,67.8,67.8,71.2,1.3,0.7,2.2,stable
30.3,32.0,32.2,55.6,51.0,48.6,45.9,42.8,40.0,7.9,8.2,5.7,stable
34.6,40.6,39.8,53.1,54.0,57.4,85.7,89.3,89.0,6.9,9.3,7.5,future_heat_stress
24.3,25.5,27.0,50.3,49.1,50.0,41.1,42.9,41.4,6.1,5.1,4.8,stable
41.1,42.3,41.7,48.7,51.9,42.9,43.0,42.6,43.5,2.7,6.8,6.2,future_root_zone_stress
35.2,35.7,37.7,76.8,63.6,65.7,45.7,51.4,47.2,9.8,7.8,8.6,future_root_zone_stress
27.6,28.7,29.3,49.6,45.3,57.2,64.0,64.8,62.1,4.1,3.1,2.6,stable
37.6,41.0,40.4,70.2,69.8,71.3,84.1,82.4,84.6,7.9,9.1,8.4,future_heat_stress
36.9,39.5,39.4,67.5,71.4,62.8,63.6,71.4,69.8,5.8,5.3,5.9,stable
38.9,39.5,39.0,40.3,48.5,44.4,33.2,35.2,36.2,7.2,9.8,8.5,future_root_zone_stress
44.5,43.0,42.3,49.3,58.8,53.0,64.2,56.8,62.9,6.4,7.2,8.6,future_heat_stress
30.0,30.4,30.5,63.6,57.5,59.2,63.1,63.2,68.6,4.0,3.2,2.4,stable
30.0,30.2,35.0,93.2,88.3,89.3,60.5,61.8,63.1,2.7,3.2,2.3,future_root_zone_stress
26.7,27.1,27.7,52.1,50.0,46.3,49.7,39.3,42.6,4.1,6.0,5.4,future_water_stress
34.9,35.6,35.6,27.1,23.5,27.2,56.6,55.9,54.4,6.3,6.4,6.0,future_heat_stress
30.9,32.6,34.6,44.2,44.5,46.2,36.4,39.9,45.7,3.2,4.4,3.5,stable
31.2,30.8,33.4,62.9,69.8,65.8,69.0,68.9,67.4,8.6,6.4,6.9,future_root_zone_stress
24.7,27.2,31.0,51.6,56.1,59.3,38.4,43.5,41.2,7.0,5.7,6.2,future_heat_stress
28.1,28.9,29.3,72.8,76.9,75.1,84.4,78.6,76.0,4.2,2.9,2.4,stable
34.1,35.4,36.8,40.0,53.0,43.0,91.5,90.4,89.5,7.6,6.9,6.3,stable
34.8,35.0,37.7,39.7,39.9,34.9,60.2,64.4,61.4,8.3,6.8,6.5,stable
35.1,35.5,36.8,49.1,45.8,52.0,81.6,76.2,80.9,5.3,7.3,6.7,stable
31.5,35.0,34.2,68.3,61.6,65.5,37.7,31.0,33.2,2.6,3.4,5.0,future_root_zone_stress
29.1,30.2,31.0,65.4,69.2,69.8,80.0,82.7,76.7,3.5,4.1,3.7,stable
27.9,30.9,30.6,56.7,60.2,55.6,45.2,54.2,47.8,5.0,5.4,5.3,stable
33.8,30.7,32.5,48.6,51.3,51.9,60.1,57.7,64.5,2.1,3.4,3.6,stable
29.0,30.2,31.1,59.3,45.8,58.3,68.9,61.9,59.6,2.9,2.8,3.9,stable
40.3,37.0,40.3,51.9,43.9,50.2,81.4,80.6,77.8,3.6,4.2,4.3,future_heat_stress
33.8,33.3,36.1,62.1,67.6,63.1,57.5,48.2,54.2,8.0,7.3,6.6,future_heat_stress
22.7,26.3,27.9,62.5,63.8,67.9,49.1,47.3,47.4,4.5,4.9,4.5,stable
36.8,37.6,36.3,72.1,86.3,77.2,48.9,51.5,58.6,8.2,5.6,7.0,future_root_zone_stress
26.4,26.3,29.2,63.0,62.6,63.1,68.4,69.7,75.7,2.7,3.4,4.3,stable
30.2,30.4,32.0,63.6,56.0,57.7,72.2,62.6,67.0,0.6,2.3,2.4,stable
28.5,27.0,30.6,51.1,51.2,50.7,41.3,30.7,39.0,4.3,4.4,2.7,future_root_zone_stress
41.9,40.9,43.2,37.9,37.3,36.2,14.5,12.7,10.2,7.5,7.4,8.7,future_water_stress
25.8,26.8,30.8,63.1,56.7,63.0,57.5,57.2,63.6,4.2,3.3,2.8,stable
28.3,31.0,32.0,61.6,60.9,64.3,67.8,62.1,65.6,2.3,1.9,1.9,stable
24.4,27.8,26.2,73.3,66.0,69.2,59.8,66.1,59.3,2.7,2.3,1.9,stable
29.5,31.3,35.6,52.6,56.3,53.8,46.7,50.9,55.5,4.4,5.8,5.7,stable
37.4,38.3,37.4,52.1,56.5,53.0,68.4,64.1,72.0,6.2,5.7,5.6,stable
39.2,39.2,42.7,41.9,30.2,29.1,71.5,74.4,72.9,3.8,4.7,4.9,stable
32.4,29.5,33.1,67.9,78.3,81.2,70.2,69.2,69.4,6.3,3.6,4.4,stable
26.1,23.5,25.9,55.9,63.6,61.0,77.9,83.8,83.6,1.8,2.5,3.1,stable
28.9,29.4,28.0,88.3,87.1,89.2,62.4,61.8,64.6,1.6,5.1,3.9,stable
35.3,38.4,38.5,37.7,37.7,29.9,64.0,63.3,66.4,8.0,7.8,7.3,stable
33.2,34.7,32.8,55.1,58.2,53.6,55.3,56.4,52.1,1.6,2.0,2.3,stable
32.0,31.7,34.4,83.0,78.4,84.1,42.5,40.2,34.3,5.4,6.2,6.8,future_root_zone_stress
34.8,32.8,35.3,42.9,48.5,48.2,38.3,40.3,42.6,8.3,5.4,7.1,future_heat_stress
31.0,29.7,31.3,65.5,64.0,62.7,50.9,53.0,46.4,2.8,2.4,3.3,stable
30.5,29.0,30.2,73.2,79.4,73.5,70.6,79.7,80.0,1.7,2.3,4.2,stable
33.8,34.2,35.5,42.2,33.1,42.1,44.3,48.9,48.0,8.9,8.3,7.5,future_water_stress
34.4,33.9,36.2,70.7,74.1,67.6,60.4,62.6,58.7,6.6,5.8,6.7,future_root_zone_stress
31.9,33.3,36.1,43.0,33.2,38.5,61.1,66.1,64.7,8.0,6.2,6.9,future_heat_stress
34.3,33.9,37.6,29.7,24.4,24.4,66.6,59.1,65.6,8.8,10.4,10.4,future_heat_stress
29.5,28.0,30.0,56.9,56.8,59.6,70.3,63.5,63.0,4.1,2.8,2.4,stable
19.1,20.2,22.4,69.2,76.3,74.5,54.2,58.7,59.2,3.2,4.0,3.0,stable
25.4,26.7,28.0,63.6,55.4,59.6,57.3,54.1,55.8,8.2,7.1,7.1,future_water_stress
38.4,42.0,41.9,39.3,45.3,43.7,45.8,50.6,49.2,7.7,7.5,7.3,future_heat_stress
32.6,37.2,37.3,37.7,34.5,43.0,49.7,51.8,54.0,8.0,5.0,6.9,stable
34.0,37.1,36.2,39.6,37.7,33.1,53.5,48.8,52.1,8.8,6.0,6.6,stable
35.5,33.6,36.1,52.3,59.0,59.1,71.5,76.9,76.0,4.3,4.7,4.6,stable
29.1,30.3,29.7,65.1,68.0,69.5,81.5,83.4,80.5,2.4,3.1,3.0,stable
33.3,32.9,35.7,103.7,101.0,106.4,44.5,53.3,51.4,6.7,6.4,7.0,future_root_zone_stress
35.7,36.2,39.1,56.2,56.2,56.3,73.7,75.7,69.4,3.7,5.0,4.1,stable
40.7,40.2,41.8,49.0,49.4,55.4,54.9,49.9,52.7,11.2,8.3,10.4,future_water_stress
25.3,24.6,25.6,78.8,77.7,78.9,52.7,43.3,45.2,2.4,3.2,4.6,stable
23.4,25.2,28.5,48.7,55.3,52.1,44.8,56.2,51.4,4.7,2.3,2.2,stable
24.5,26.1,30.0,59.9,50.1,52.8,62.4,68.0,66.3,5.5,2.7,3.6,stable
30.4,29.2,32.2,54.8,46.6,48.5,40.0,47.0,48.4,4.5,3.2,4.5,stable
27.2,27.8,31.1,58.5,60.4,66.9,24.4,33.5,25.4,4.7,6.0,6.8,future_root_zone_stress
34.9,34.1,32.5,22.4,33.8,32.6,50.2,49.8,46.6,5.7,4.2,5.4,future_heat_stress
27.9,28.7,26.8,54.1,60.2,52.6,67.5,65.2,69.5,3.2,1.4,2.5,stable
32.5,28.8,30.5,83.2,72.9,72.9,72.4,84.5,76.1,3.0,3.2,2.8,stable
35.4,34.2,37.2,65.7,57.2,62.8,60.6,62.9,62.3,2.7,-0.0,2.0,stable
37.0,38.3,36.6,61.9,66.0,59.5,40.7,44.7,43.0,3.0,5.5,5.0,stable
38.4,38.1,35.6,55.3,60.3,60.8,46.9,39.2,45.8,8.1,7.2,7.4,stable
42.5,43.2,42.9,30.8,33.4,23.4,47.6,45.3,52.2,7.1,7.6,6.7,future_water_stress
24.3,27.6,27.7,77.3,74.1,77.9,53.3,56.7,56.6,3.4,5.0,4.6,stable
36.4,36.9,39.6,62.8,62.4,54.4,53.1,57.9,50.3,7.9,7.7,5.7,stable
33.6,32.1,35.3,56.3,58.0,57.2,69.3,71.0,71.3,3.9,5.9,6.7,future_heat_stress
29.5,24.0,26.6,63.7,66.4,67.0,42.9,47.3,50.8,6.1,5.4,5.0,stable
33.9,38.2,35.0,55.2,54.8,56.3,45.6,34.8,38.5,6.1,5.4,4.3,future_water_stress
28.8,28.5,27.4,69.4,66.0,62.6,47.9,51.3,55.6,2.3,1.5,1.7,stable
29.0,29.6,32.1,74.9,74.8,72.7,98.6,95.6,92.7,4.0,6.1,4.5,stable
26.3,28.6,27.6,68.3,62.2,60.2,49.4,50.4,51.0,6.5,5.7,5.8,stable
28.2,30.9,31.7,73.3,74.6,80.8,48.7,45.8,41.7,6.8,6.7,6.8,future_root_zone_stress
36.9,35.8,38.2,27.7,42.2,32.3,77.6,72.4,77.6,5.7,6.6,5.4,stable
33.8,38.2,37.0,61.9,60.6,59.6,48.8,45.8,47.1,3.4,4.1,3.0,stable
25.9,26.8,28.7,62.0,64.5,64.3,72.8,63.3,63.0,3.4,2.8,1.3,stable
30.2,30.7,30.7,67.9,68.1,71.8,56.3,59.4,54.4,5.7,4.2,3.7,stable
27.0,29.8,28.3,53.3,61.5,57.5,82.2,86.5,86.7,1.8,3.7,4.5,stable
40.0,39.4,41.4,61.5,55.3,60.7,61.2,55.9,54.9,4.1,5.9,4.7,stable
32.2,32.5,33.6,59.0,57.4,65.5,44.3,44.0,41.0,3.3,1.4,3.4,stable
39.5,36.2,38.1,59.5,57.7,62.3,52.5,45.3,48.7,4.6,4.4,3.6,stable
36.5,36.3,36.2,50.7,48.3,44.8,60.7,64.7,66.9,8.3,7.1,7.4,future_heat_stress
28.5,26.3,30.4,74.0,72.2,70.3,55.9,52.6,58.8,3.0,2.8,3.3,stable
28.8,29.3,31.0,46.1,48.1,45.2,60.6,62.7,67.0,3.5,3.9,4.1,stable
23.5,26.8,27.2,83.7,83.7,81.7,63.4,58.3,57.8,6.2,3.1,4.3,stable
34.4,30.7,33.8,75.7,64.0,64.2,27.0,29.5,29.4,7.2,7.3,6.9,future_water_stress
30.8,31.7,33.7,75.9,75.6,79.7,72.2,64.3,63.4,2.8,4.1,2.6,stable
23.6,23.0,26.1,56.5,51.0,53.2,52.2,53.9,52.8,5.2,3.6,3.1,stable
32.2,33.2,31.3,68.7,62.6,69.8,69.7,72.3,77.5,3.9,4.4,5.0,stable
20.2,19.6,20.5,44.8,47.6,45.9,48.5,47.9,49.9,3.5,2.3,2.0,stable
23.0,27.2,24.4,58.3,64.9,61.2,43.1,44.2,42.1,1.6,2.5,1.9,stable
33.4,33.4,33.6,46.6,54.5,47.7,65.4,65.8,65.4,6.5,6.4,6.7,stable
30.0,30.1,29.9,62.4,66.7,73.5,45.4,43.3,47.1,8.5,8.3,6.8,future_root_zone_stress
29.1,30.4,30.8,60.3,57.5,63.9,25.0,26.5,17.7,3.1,3.2,5.4,future_water_stress
25.4,28.2,29.0,71.2,85.4,82.0,63.2,52.1,54.9,3.5,3.0,3.6,future_root_zone_stress
32.8,34.1,34.8,72.2,75.8,75.9,32.0,34.5,29.4,7.3,6.9,6.6,future_root_zone_stress
26.6,26.8,25.4,74.1,69.0,66.7,80.6,81.7,76.9,3.7,2.4,1.6,stable
32.0,29.2,30.8,75.9,75.4,77.9,69.4,67.8,65.1,1.9,4.6,2.5,stable
26.2,27.4,27.9,32.9,33.0,32.3,72.2,78.1,74.1,8.2,7.2,8.5,future_heat_stress
29.5,27.6,28.8,74.4,71.0,71.1,53.2,59.4,57.4,3.1,5.0,4.5,stable
27.9,24.7,26.5,64.1,71.6,64.3,54.6,62.8,60.7,3.5,2.4,1.9,stable
24.7,25.0,28.0,79.6,73.3,77.1,51.5,46.5,50.1,6.0,4.4,5.1,stable
27.6,23.8,26.5,57.2,55.9,60.4,50.2,40.1,40.4,2.2,3.2,3.1,stable
31.4,28.8,33.6,58.3,58.2,56.8,67.5,61.6,64.6,7.4,6.0,5.7,stable
34.5,36.7,37.7,49.1,53.8,44.6,77.2,73.0,69.0,3.2,5.5,5.3,stable
35.8,37.8,39.1,55.2,51.9,50.5,15.2,15.1,14.6,7.8,9.1,8.7,future_water_stress
29.0,28.3,31.3,71.2,79.2,68.6,54.7,58.5,59.8,3.6,3.7,4.3,stable
30.2,28.9,32.2,88.4,88.5,91.5,56.0,48.9,56.9,4.1,3.7,4.1,stable
35.2,40.2,37.2,42.2,41.3,46.3,70.6,63.1,64.1,6.0,6.9,7.0,future_heat_stress
34.3,39.5,39.9,54.1,58.4,53.0,91.7,85.6,92.5,6.1,5.3,5.7,future_heat_stress
28.0,30.4,30.6,71.2,74.0,66.4,57.2,57.6,53.0,0.6,2.1,2.4,stable
37.8,41.6,39.9,47.3,44.6,39.8,26.2,30.5,28.4,8.3,6.5,7.6,future_water_stress
33.6,34.5,35.2,44.7,40.6,40.3,42.9,41.0,39.0,7.7,7.5,9.2,future_water_stress
25.9,26.2,25.8,54.6,49.2,51.1,74.3,80.3,77.5,3.4,3.7,4.8,stable
31.9,30.3,30.2,61.5,71.6,71.7,48.3,43.8,43.6,3.7,2.7,2.8,stable
30.7,31.8,33.7,71.1,69.0,75.5,44.5,43.1,49.2,1.1,3.2,3.5,stable
35.4,31.9,34.8,64.7,65.9,63.2,33.8,24.8,28.7,3.7,3.8,6.2,future_water_stress
28.9,28.5,30.8,79.4,77.4,83.8,37.6,38.9,32.2,4.4,1.6,4.2,stable
29.8,31.7,35.0,39.1,31.9,27.2,37.5,44.2,43.2,2.5,1.7,3.5,future_root_zone_stress
27.6,27.5,29.8,77.7,72.7,76.8,53.9,52.9,56.8,1.1,4.4,3.0,stable
36.8,34.9,37.4,58.3,53.3,51.9,17.9,23.8,21.4,5.9,6.4,6.3,future_water_stress
40.8,42.2,39.1,53.8,59.1,53.3,56.6,56.5,56.6,5.9,7.2,5.5,stable
27.0,28.8,32.5,69.4,68.0,66.2,54.7,51.2,50.6,5.1,4.9,3.4,stable
28.0,28.6,27.0,63.7,64.3,61.8,77.6,78.9,76.6,3.1,4.1,4.3,stable
36.4,37.0,40.4,47.4,41.4,50.1,70.2,77.7,73.1,5.7,6.4,8.6,future_heat_stress
30.6,29.2,29.4,63.8,60.3,63.6,89.4,86.4,88.4,3.4,3.5,3.1,stable
35.6,37.2,36.1,34.7,39.3,42.6,37.4,48.0,43.8,5.3,7.4,5.4,future_heat_stress
27.8,26.2,27.5,68.1,62.2,70.1,90.8,97.7,90.4,4.6,3.6,3.2,stable
25.2,27.1,27.6,72.9,67.2,71.3,54.7,44.4,47.0,5.5,3.2,4.8,stable
38.5,40.9,41.9,29.9,33.3,29.9,55.2,43.9,51.5,7.0,9.8,8.5,future_water_stress
39.7,40.7,39.8,50.1,58.4,55.0,87.3,79.8,87.6,4.6,2.9,4.8,stable
37.5,41.7,40.5,60.3,61.5,67.9,50.2,52.9,43.7,3.5,4.6,4.8,future_heat_stress
33.7,34.1,35.9,51.3,42.5,48.1,63.4,58.4,61.8,6.6,4.0,5.5,stable
29.8,29.9,33.0,67.9,68.4,67.2,87.6,96.4,93.8,1.6,2.9,4.0,stable
36.8,37.9,37.4,52.5,49.5,40.9,89.7,89.7,86.9,5.6,5.6,5.2,stable
34.9,34.6,38.7,53.2,48.7,54.4,44.9,48.8,44.9,5.3,5.1,5.3,stable
26.7,26.5,26.7,73.2,77.6,75.0,94.7,97.7,98.4,2.7,4.9,4.5,stable
35.3,34.8,38.0,55.6,58.5,64.5,54.3,52.5,61.2,5.8,8.4,6.5,future_heat_stress
34.3,33.8,35.6,81.1,84.3,88.2,94.2,87.0,87.1,4.1,3.3,3.4,stable
31.9,32.8,32.0,34.4,35.4,33.5,91.7,90.3,86.3,2.5,4.7,4.9,stable
33.6,30.0,33.6,50.5,44.6,44.4,61.2,63.0,57.0,1.9,3.7,4.2,stable
29.4,29.0,31.3,56.6,55.0,55.1,71.9,71.7,69.1,1.4,2.2,2.7,stable
34.3,34.5,35.3,65.8,64.2,72.3,41.4,41.9,45.1,5.7,6.2,7.1,future_root_zone_stress
32.7,36.1,36.4,55.6,64.6,60.6,13.3,19.9,17.4,8.3,6.4,7.7,future_water_stress
29.6,32.9,31.8,70.7,82.4,80.5,70.9,69.6,69.8,2.0,2.8,3.1,stable
34.8,36.0,35.7,62.3,56.9,60.7,85.2,75.0,81.2,4.8,4.8,6.8,stable
26.1,29.3,30.2,57.2,63.3,61.7,69.7,66.6,74.6,5.8,4.1,4.9,stable
27.1,29.3,30.5,42.0,37.5,39.2,60.6,55.1,59.2,2.4,3.1,3.6,stable
30.7,31.6,31.4,55.0,51.6,56.8,52.7,50.9,57.7,5.3,3.1,3.2,stable
32.0,33.4,32.6,79.1,70.9,75.6,35.7,38.5,31.6,6.0,8.3,8.2,future_root_zone_stress
25.4,25.1,25.2,52.8,47.9,54.0,73.3,71.6,69.7,1.7,4.3,2.6,stable
36.8,33.0,36.9,37.4,45.4,47.3,23.3,26.0,31.6,4.5,6.4,7.7,future_water_stress
35.3,33.7,32.8,77.4,64.9,70.6,12.9,12.7,19.5,6.5,4.1,4.8,future_water_stress
30.2,28.8,32.1,53.9,58.4,58.0,70.8,64.4,69.8,2.6,5.2,3.5,stable
42.9,47.2,46.9,28.4,31.5,26.0,68.3,70.9,68.4,7.8,8.9,8.4,future_heat_stress
34.4,33.1,36.3,46.4,42.5,44.9,52.3,51.4,48.2,8.3,8.3,8.2,future_water_stress
34.6,35.3,32.8,81.6,75.2,75.8,58.5,57.4,67.9,6.4,4.8,4.0,stable
36.1,38.7,39.3,74.0,71.9,72.5,26.0,26.2,29.6,4.9,4.6,4.8,future_root_zone_stress
33.6,30.5,31.8,43.4,42.0,48.3,86.7,84.2,85.5,5.5,4.7,4.4,stable
29.5,29.6,32.3,69.4,69.4,65.1,64.7,66.2,68.8,0.6,1.0,1.5,stable
30.5,29.6,30.6,66.0,62.2,61.4,99.5,91.0,97.7,1.8,3.4,3.2,stable
32.4,32.0,30.3,51.6,55.4,56.9,75.3,70.9,80.4,6.4,6.1,4.8,stable
36.5,36.2,37.3,58.8,52.7,63.5,63.0,67.7,65.6,8.3,6.1,6.6,stable
32.6,33.6,32.1,55.7,61.1,51.9,75.1,78.3,80.7,4.5,3.8,6.0,stable
33.4,36.4,35.9,76.5,73.7,70.8,66.9,65.4,63.2,8.1,6.6,6.5,future_heat_stress
35.1,37.7,37.7,52.4,56.7,50.6,8.2,21.1,17.1,5.6,5.3,6.6,future_water_stress
28.0,26.2,29.6,48.1,56.7,49.1,43.4,41.6,46.5,2.8,4.4,3.9,stable
27.9,30.2,31.3,57.5,53.3,59.8,28.6,35.6,29.1,6.2,5.8,5.6,future_water_stress
35.9,39.5,38.7,51.6,44.5,47.5,59.1,55.8,61.6,9.1,8.9,8.3,future_heat_stress
22.4,23.0,24.3,76.6,66.7,74.5,48.3,41.8,45.1,1.4,1.8,2.7,stable
29.0,31.3,32.4,40.2,45.4,47.0,29.8,32.5,31.1,7.9,5.8,8.2,future_water_stress
19.9,18.4,20.4,78.7,78.0,75.7,75.7,67.3,73.5,4.1,4.5,5.5,stable
40.5,40.0,43.6,32.2,21.0,19.9,64.3,60.3,60.9,12.2,12.7,12.3,future_heat_stress
39.4,41.4,41.6,26.4,23.0,20.9,57.3,59.9,58.0,7.1,6.5,7.6,future_heat_stress
37.6,36.5,36.7,40.5,38.7,40.1,44.4,40.0,42.5,7.2,5.6,5.9,future_water_stress
34.8,38.9,39.9,42.8,37.0,39.6,71.5,83.1,79.9,10.6,8.6,8.0,future_heat_stress
25.9,25.0,26.7,66.7,59.2,67.5,70.4,70.7,73.3,2.0,2.6,3.1,stable
36.0,38.6,39.7,45.4,44.3,48.6,62.5,58.4,61.0,8.4,7.7,8.9,future_heat_stress
45.9,47.8,47.3,31.9,35.8,39.1,74.3,76.1,74.8,8.0,7.8,8.5,future_heat_stress
35.9,36.5,36.9,65.7,59.3,54.3,42.0,36.8,39.9,5.4,6.6,6.2,future_root_zone_stress
31.0,29.4,30.1,41.8,49.1,50.6,73.5,71.5,70.8,2.5,2.0,3.1,stable
29.7,27.3,30.8,73.9,81.7,77.0,75.0,81.3,77.8,2.4,3.2,4.1,stable
33.0,31.5,34.4,50.4,49.2,54.0,38.9,36.3,39.8,5.8,5.4,5.0,future_root_zone_stress
39.3,41.4,40.9,51.4,44.9,41.4,100.1,93.1,95.8,4.0,4.4,3.9,stable
30.6,30.2,33.0,69.4,62.6,63.3,69.6,80.4,74.1,3.2,3.4,1.7,stable
35.5,32.1,35.5,60.3,59.5,55.4,20.1,23.0,24.6,6.3,7.8,8.3,future_water_stress
18.5,19.3,22.0,66.1,56.3,60.1,56.8,62.3,57.4,3.4,1.1,1.5,stable
35.1,35.9,38.3,85.0,79.2,81.9,63.5,61.9,63.4,2.9,4.6,5.2,future_root_zone_stress
32.7,32.8,34.6,51.9,55.9,57.5,70.3,63.8,65.2,3.2,4.9,4.1,stable
27.2,28.9,28.4,40.6,46.9,40.9,43.6,44.3,47.7,3.0,2.5,1.9,stable
34.0,33.2,32.9,63.5,70.6,70.3,26.8,26.1,31.4,6.0,6.2,5.1,future_root_zone_stress
37.8,41.9,41.5,38.1,43.2,40.7,37.1,47.4,45.9,9.9,8.4,8.6,future_heat_stress
30.7,32.7,32.2,82.9,68.3,78.8,51.9,54.5,53.4,1.8,2.3,3.1,stable
29.2,32.8,33.7,64.1,59.4,61.7,62.5,62.1,62.3,6.0,5.1,3.6,stable
22.4,25.5,27.1,69.1,68.1,73.0,52.5,55.7,57.3,2.0,3.1,2.8,stable
44.7,47.2,48.9,35.1,30.4,26.1,36.7,43.4,36.6,9.2,8.6,8.8,future_water_stress
30.4,30.3,31.0,60.3,66.7,60.4,61.9,54.0,62.2,3.4,3.1,3.3,stable
38.5,36.1,38.8,54.4,58.5,56.5,72.6,74.1,64.2,6.7,7.4,6.7,future_heat_stress
26.9,29.3,31.7,57.2,58.0,58.1,52.3,53.0,59.4,6.9,7.4,5.9,stable
34.8,36.7,35.6,60.7,59.3,56.2,69.2,73.9,72.4,5.7,8.4,7.0,future_heat_stress
25.9,26.8,25.8,77.8,70.2,77.3,34.1,36.4,40.4,6.0,5.2,4.4,stable
18.2,23.1,22.9,65.3,53.4,58.1,44.4,42.1,48.0,4.3,2.7,2.7,stable
34.2,36.1,37.4,58.2,48.3,55.3,78.8,75.1,77.2,6.2,3.8,5.0,future_heat_stress
23.6,22.2,22.1,48.2,56.2,55.1,39.5,43.1,48.4,2.6,4.8,3.9,stable
32.6,33.9,35.4,77.5,74.5,81.3,61.8,63.7,69.9,3.9,3.2,3.1,future_root_zone_stress
35.9,36.4,39.7,54.5,48.3,51.4,49.4,47.1,52.7,2.6,3.4,3.5,stable
27.4,26.8,30.3,70.8,66.1,61.5,55.3,58.6,57.7,5.7,5.1,4.8,stable
31.7,34.7,34.8,78.3,75.4,76.2,61.0,69.1,58.9,3.9,2.9,3.4,stable
40.6,39.6,37.4,44.5,44.5,44.0,63.3,53.9,59.7,4.4,4.7,4.0,stable
24.4,24.8,25.1,72.2,71.7,70.1,67.9,67.2,70.9,3.9,2.9,2.9,stable
22.6,23.2,25.0,55.8,61.8,57.7,66.7,63.9,61.8,4.9,4.5,4.3,stable
27.1,28.4,29.5,69.8,68.9,78.3,54.1,52.8,57.8,5.3,4.7,5.5,stable
20.3,20.4,23.9,57.7,63.2,63.5,59.4,56.5,63.4,6.3,4.5,3.8,stable
29.2,30.4,32.8,57.1,60.2,52.6,88.6,81.3,78.4,5.1,5.2,3.4,stable
26.0,25.4,28.9,74.3,71.5,73.4,56.2,58.4,57.6,2.8,4.6,3.7,stable
28.2,27.2,29.4,78.2,83.0,76.8,71.7,69.5,70.2,6.2,4.5,5.6,stable
39.0,36.2,38.2,30.5,36.6,36.7,91.4,81.6,81.7,6.1,5.7,7.2,future_heat_stress
35.4,35.5,34.8,65.9,64.1,68.0,38.7,36.7,38.8,6.0,6.2,5.0,future_water_stress
29.2,26.1,26.6,81.5,89.5,77.4,63.9,61.0,67.9,3.8,2.4,3.7,stable
25.1,26.9,25.7,57.7,51.6,51.3,68.7,71.3,71.6,1.5,3.0,2.0,stable
28.6,28.2,31.3,71.2,73.7,71.5,76.4,77.8,77.1,4.6,2.7,2.8,stable
26.9,28.0,26.5,62.7,70.0,61.1,50.6,57.0,51.6,3.0,3.6,2.7,stable
24.4,26.0,23.9,70.1,73.5,73.4,67.8,61.7,62.2,5.5,3.6,4.2,stable
32.3,28.9,31.9,53.7,48.3,53.1,67.9,62.5,69.8,3.5,4.4,4.3,stable
40.0,38.5,37.8,39.5,51.3,50.0,40.7,42.4,41.2,5.0,4.1,4.1,stable
32.7,32.7,31.0,26.1,27.8,34.2,75.7,74.5,76.4,8.3,7.3,6.5,future_heat_stress
29.1,28.1,30.2,48.5,56.6,56.6,43.8,45.6,44.6,2.9,4.4,3.3,stable
32.1,32.6,34.1,53.5,59.2,50.8,72.9,75.9,68.6,4.7,6.0,6.5,future_root_zone_stress
24.6,26.8,25.5,66.7,71.6,72.7,69.4,71.0,73.8,1.1,2.2,2.5,stable
34.0,34.6,35.3,60.4,66.3,61.0,62.1,56.0,60.3,2.2,3.5,2.1,stable
30.3,29.9,33.1,70.1,59.1,62.7,84.3,75.4,80.0,2.2,4.5,5.3,stable
43.9,45.1,46.7,17.0,19.5,16.3,55.1,60.4,62.1,11.0,7.5,8.3,future_heat_stress
28.0,26.4,30.1,65.0,59.8,67.5,49.4,49.0,52.5,6.7,5.7,3.6,stable
31.7,31.0,32.6,77.2,74.7,70.2,90.8,81.6,80.1,4.2,6.6,6.1,future_root_zone_stress
31.9,30.4,33.5,54.8,46.2,52.7,29.2,26.5,26.5,8.9,7.1,6.9,future_water_stress
30.0,32.5,30.8,68.5,70.0,68.9,82.9,76.8,81.2,4.0,3.2,3.3,stable
37.0,33.3,36.5,58.9,65.2,63.3,38.5,45.5,40.0,4.6,4.4,5.6,future_water_stress
39.8,43.7,44.0,41.0,41.3,37.6,58.5,55.7,54.8,9.1,10.3,9.7,future_water_stress
27.9,25.9,28.7,67.7,69.3,75.0,39.6,40.4,45.7,7.6,5.9,5.8,stable
29.1,31.4,33.0,39.5,36.8,34.9,56.6,54.0,58.6,9.0,8.5,8.0,stable
31.5,33.5,31.6,73.5,81.2,75.2,40.3,30.6,30.7,3.2,5.1,4.2,future_root_zone_stress
31.7,34.4,35.6,27.4,30.0,29.3,81.2,80.1,81.1,5.8,8.2,7.0,future_heat_stress
25.2,26.7,29.2,55.6,50.7,42.4,48.7,46.6,52.3,-3.3,-2.9,-2.3,stable
34.0,31.6,33.6,41.2,45.3,45.9,59.5,62.4,61.9,7.0,5.5,4.7,future_heat_stress
33.2,35.0,36.3,74.7,74.5,70.7,48.5,53.9,54.0,7.2,5.4,5.7,future_water_stress
32.8,32.8,34.5,65.0,60.9,63.0,55.5,52.7,58.6,5.9,7.0,5.7,stable
29.2,27.6,29.5,58.1,63.7,59.6,37.5,42.1,39.3,4.4,6.1,5.8,future_water_stress
26.4,30.4,30.8,50.1,56.5,54.2,62.0,66.5,69.4,4.8,7.1,4.5,future_root_zone_stress
39.3,39.4,39.9,52.9,48.1,51.8,61.1,64.6,59.9,4.7,6.7,5.6,future_heat_stress
26.6,27.0,24.8,44.9,51.8,50.7,38.7,39.7,39.0,-1.4,-0.6,0.4,stable
30.0,31.3,33.1,60.5,59.0,57.2,98.2,90.5,92.4,3.1,5.4,3.5,stable
31.6,30.5,32.0,61.3,65.7,64.4,64.0,59.4,58.2,3.7,4.8,4.6,future_root_zone_stress
29.3,31.8,34.9,40.4,42.2,38.9,65.7,63.2,58.9,7.9,6.9,5.6,stable
36.9,34.2,36.8,35.2,43.7,43.2,53.3,53.8,49.5,6.1,4.7,6.1,future_heat_stress
34.3,37.2,36.8,40.7,38.6,38.8,53.0,51.5,54.4,6.1,4.5,6.3,future_water_stress
31.4,32.0,35.2,66.6,64.0,62.8,45.9,47.8,43.3,7.6,9.1,9.4,future_root_zone_stress
33.4,33.3,32.3,43.8,40.8,42.0,38.8,45.8,42.9,6.6,4.6,4.8,stable
27.8,29.2,30.6,54.1,56.4,53.2,26.2,27.2,22.3,7.0,6.6,7.5,future_water_stress
31.3,29.8,34.1,72.0,65.0,76.3,79.9,78.9,75.0,4.9,5.1,4.6,stable
30.8,34.2,35.1,62.1,49.6,57.9,32.7,34.9,36.0,5.4,7.7,7.5,future_water_stress
29.3,29.2,30.4,72.4,64.9,62.1,67.5,60.4,66.7,3.7,3.7,4.6,stable
31.1,33.0,34.2,36.4,38.4,36.7,78.3,81.1,77.6,3.4,3.8,4.1,stable
23.7,26.9,27.4,71.7,64.7,76.1,46.2,49.6,50.7,4.5,1.8,1.7,stable
34.3,32.6,32.8,71.4,66.5,77.0,40.0,34.1,33.3,6.2,7.4,7.8,future_root_zone_stress
30.6,33.3,30.3,71.1,66.1,65.6,80.1,83.8,75.4,2.8,2.6,4.9,stable
40.7,40.1,43.1,26.1,32.5,32.9,68.9,64.8,67.9,8.8,7.6,8.0,future_heat_stress
28.8,27.4,27.9,61.5,57.8,63.5,69.6,73.2,76.0,-0.6,-0.6,-0.3,stable
29.0,30.4,33.7,81.3,90.9,79.2,61.7,55.9,59.1,2.4,4.7,2.7,stable
27.7,29.0,28.4,77.8,68.0,75.4,46.1,41.5,48.0,3.1,1.2,1.7,stable
26.9,25.2,25.9,49.2,59.3,58.0,43.5,45.4,47.8,5.5,6.9,8.5,future_root_zone_stress
28.9,28.6,33.1,57.9,61.2,53.8,71.2,68.7,69.3,4.1,3.6,5.3,stable
44.5,45.5,44.8,31.8,28.7,30.3,46.2,55.6,48.2,9.4,8.1,8.0,future_heat_stress
35.2,35.2,39.6,64.2,59.9,61.5,52.8,57.3,56.2,2.1,5.7,4.4,stable
31.7,27.9,30.6,48.5,49.6,47.7,51.9,56.1,52.5,3.4,3.8,3.8,stable
26.3,28.5,28.4,88.2,86.8,87.6,59.4,54.8,53.4,1.4,2.1,2.3,stable
26.3,27.9,27.1,67.4,71.9,71.1,80.7,87.6,84.3,1.9,4.8,4.6,stable
27.2,26.3,29.5,77.5,75.4,75.1,79.4,85.8,80.3,2.4,2.6,4.2,stable
36.3,34.8,36.4,34.9,41.0,45.1,52.5,49.2,54.9,9.3,7.5,9.3,future_heat_stress
36.8,34.3,36.5,45.8,47.1,47.9,46.0,32.9,40.3,4.1,4.1,5.2,future_water_stress
40.0,37.9,39.0,45.2,50.2,49.4,69.4,66.5,68.6,8.5,10.0,9.2,future_heat_stress
30.9,28.0,27.8,54.8,54.8,60.7,57.9,57.6,51.4,4.7,4.0,3.6,stable
32.4,32.7,34.1,69.4,61.5,68.4,42.7,50.3,51.3,4.4,5.3,3.9,stable
26.6,23.3,25.0,81.3,77.2,73.1,46.3,43.4,38.6,3.1,3.7,3.1,stable
23.8,25.0,27.1,64.1,65.3,64.8,35.8,48.8,39.8,4.3,3.1,3.0,stable
27.6,27.2,28.8,83.1,84.3,85.7,64.1,58.8,60.4,4.7,4.7,4.3,stable
24.3,24.8,25.6,83.3,87.9,79.0,54.8,65.1,61.9,4.0,4.5,3.6,stable
29.3,31.4,31.2,42.5,36.3,39.8,56.8,54.6,50.6,10.3,10.5,9.0,future_water_stress
34.9,34.7,35.6,32.4,40.0,39.7,67.4,61.8,63.8,6.3,4.5,4.6,stable
28.7,28.9,29.2,56.0,68.8,58.0,69.0,65.7,64.9,3.6,2.1,2.3,stable
28.8,30.0,31.4,85.3,88.8,89.9,60.5,57.2,62.8,3.2,4.3,2.9,stable
26.2,26.5,27.4,53.9,50.2,55.1,45.1,41.6,38.5,1.8,2.3,2.4,stable
27.0,28.0,27.5,74.8,76.8,75.9,79.4,77.4,81.9,6.2,4.3,5.1,stable
33.0,34.5,35.7,54.6,49.4,55.6,32.3,33.4,34.0,6.0,4.3,5.3,future_water_stress
32.8,35.2,32.6,60.1,59.4,58.6,49.6,47.8,50.9,4.9,6.1,3.9,stable
39.5,38.4,39.1,17.4,7.9,17.4,71.0,63.4,72.3,6.2,7.2,8.5,future_heat_stress
35.2,36.0,36.1,37.9,40.2,37.4,38.4,37.8,43.3,7.3,4.9,6.5,stable
19.5,21.4,22.5,73.1,67.3,75.7,70.2,77.2,77.1,5.0,3.4,3.7,stable
39.8,37.5,41.6,35.6,40.8,47.5,67.2,67.9,71.0,6.7,4.9,3.9,stable
27.1,27.2,29.8,66.8,66.9,60.8,38.3,40.3,40.7,2.9,5.5,5.0,future_water_stress
29.9,31.6,31.2,49.9,49.4,56.5,50.0,54.4,51.4,5.7,6.1,7.1,future_heat_stress
34.3,32.5,37.4,67.6,63.1,60.5,69.8,75.3,72.4,5.4,6.1,5.9,stable
31.9,31.3,30.6,66.3,65.7,67.3,58.0,57.2,53.8,4.1,3.4,3.5,stable
27.6,27.5,31.5,52.5,44.8,49.5,68.7,64.9,62.9,2.8,2.1,3.1,stable
36.3,36.9,34.8,54.1,58.7,50.8,12.6,20.3,16.0,7.8,5.2,6.7,future_water_stress
29.1,31.6,31.5,64.7,56.2,62.8,57.2,60.9,64.6,6.2,4.9,4.5,future_root_zone_stress
33.1,30.9,33.5,72.2,79.6,75.7,52.7,54.5,57.7,2.7,4.0,4.4,stable
28.4,28.6,28.3,65.3,70.9,74.0,76.1,70.9,72.8,4.3,4.0,4.0,stable
28.7,30.7,33.2,65.5,61.5,64.7,68.7,64.6,64.2,2.7,2.7,3.0,stable
31.5,32.2,29.5,66.7,71.8,75.0,66.5,70.6,69.9,3.0,2.9,2.2,stable
29.5,29.7,29.0,64.7,68.6,70.9,87.6,87.2,82.2,1.1,1.5,3.7,stable
31.9,36.2,36.2,53.5,53.5,51.2,50.8,58.0,59.4,7.9,7.9,9.5,stable
27.4,28.5,26.5,59.0,62.9,61.4,40.3,43.0,41.6,3.2,3.8,5.0,stable
39.3,38.4,40.3,33.0,31.5,37.3,52.0,57.1,52.2,5.9,5.7,6.4,future_heat_stress
29.4,32.1,32.2,63.4,60.8,65.6,60.0,63.0,64.2,2.6,0.6,0.6,stable
26.6,26.8,27.2,68.2,68.8,65.6,92.2,90.7,91.2,4.9,2.8,3.9,stable
41.2,42.0,42.8,51.4,46.3,50.4,78.6,77.8,78.8,6.8,10.1,9.5,stable
43.3,40.4,43.0,64.1,61.4,61.9,81.3,86.0,82.4,9.7,9.9,8.7,future_root_zone_stress
25.2,24.1,25.3,61.2,55.4,59.6,72.6,64.6,73.7,3.4,4.4,3.9,stable
29.3,31.5,31.2,69.1,71.3,79.7,52.2,53.2,56.7,5.1,3.6,4.2,stable
29.1,29.7,30.7,67.6,62.5,64.6,69.1,71.6,65.5,1.5,3.5,4.2,stable
33.5,33.7,33.0,69.2,62.9,64.8,69.3,63.4,65.5,7.4,7.0,7.6,future_water_stress
43.1,43.5,43.8,45.3,44.7,40.3,59.8,63.3,59.8,9.4,9.5,8.9,future_heat_stress
35.4,35.0,37.0,64.8,60.7,61.1,63.3,51.4,58.9,5.6,4.1,4.9,future_root_zone_stress
27.5,27.8,29.8,47.6,52.6,48.2,64.9,57.9,57.7,4.8,4.6,5.4,stable
28.8,30.6,30.5,84.8,85.1,77.5,84.9,81.5,80.6,0.7,1.6,3.1,stable
35.4,35.9,38.4,63.4,64.6,60.2,50.1,48.7,48.0,7.4,8.1,6.8,future_water_stress
31.1,29.4,31.9,51.7,52.7,57.6,85.1,86.2,85.6,1.1,4.4,2.5,stable
35.6,31.8,33.3,32.6,45.9,42.8,26.5,26.1,24.1,4.6,5.0,4.9,future_root_zone_stress
35.1,37.3,38.9,53.6,59.0,48.9,55.6,52.0,49.7,2.8,3.4,3.8,stable
27.6,29.9,29.9,45.2,60.0,52.6,45.7,55.1,45.8,4.8,6.8,6.1,future_water_stress
35.9,34.4,39.0,86.9,82.6,87.0,64.5,59.6,63.0,9.6,11.7,9.5,future_root_zone_stress
22.5,23.7,25.5,59.8,56.5,61.5,52.2,58.2,58.5,1.5,1.6,2.5,stable
28.8,28.8,32.3,58.9,58.8,63.6,72.5,75.0,72.4,4.8,4.4,3.1,stable
31.3,29.6,32.3,63.2,54.0,60.8,63.8,73.6,67.9,5.2,3.9,5.4,stable
37.0,35.7,37.0,53.5,51.4,52.1,78.6,77.8,75.6,5.7,8.2,5.7,stable
35.5,33.7,35.8,29.9,30.9,30.9,72.1,74.3,69.5,4.7,3.4,3.0,stable
32.9,37.2,36.0,61.4,60.0,60.3,55.7,60.7,60.0,7.7,4.4,5.9,stable
33.2,32.4,31.7,25.5,28.1,29.1,92.1,89.3,89.1,4.5,6.8,7.1,stable
34.5,36.5,37.0,70.5,63.6,70.9,30.2,35.1,36.8,4.2,6.4,5.9,future_water_stress
36.6,35.6,33.3,47.9,44.0,47.0,73.1,73.4,71.8,1.5,3.8,4.3,stable
32.3,32.7,35.4,38.4,33.4,37.0,53.9,51.5,54.6,6.8,6.3,6.1,stable
30.6,31.4,31.8,44.5,50.0,42.7,28.6,31.1,27.9,8.0,4.7,4.7,future_water_stress
32.9,32.8,33.6,71.8,71.3,76.5,58.0,60.6,60.5,5.0,8.0,7.1,stable
31.1,35.2,33.8,58.4,56.6,59.8,86.2,81.5,82.0,3.4,3.6,4.0,stable
33.9,32.4,34.0,52.3,53.4,48.4,52.9,59.3,51.6,5.5,7.3,6.6,stable
39.4,40.6,39.8,64.9,66.6,63.3,69.4,63.1,60.4,6.1,4.5,5.6,future_root_zone_stress
30.7,29.3,28.2,79.1,74.7,79.1,84.3,83.3,84.1,1.6,-0.0,0.9,stable
23.7,24.1,23.7,67.1,56.2,65.2,55.6,52.8,57.4,4.5,3.8,3.7,stable
34.2,34.3,35.4,62.8,69.9,70.1,45.6,42.1,40.1,3.1,3.3,4.3,future_root_zone_stress
39.0,42.5,40.1,30.9,36.4,39.7,48.5,51.5,50.8,8.0,7.3,8.6,future_water_stress
32.7,35.2,33.0,55.1,51.9,55.3,57.1,59.9,58.4,4.0,3.7,5.0,future_water_stress
40.2,42.5,43.7,45.1,49.4,46.7,48.2,47.3,53.7,8.4,8.2,7.1,future_root_zone_stress
24.7,28.5,30.1,81.8,84.4,82.7,80.0,84.0,84.7,3.2,3.8,2.3,stable
32.6,31.3,33.7,62.1,61.9,55.1,40.3,40.0,48.4,10.0,7.4,8.5,future_water_stress
27.0,25.4,29.5,71.6,77.1,74.0,89.7,86.8,82.1,4.9,6.0,5.4,stable
29.8,30.9,32.6,64.2,72.6,63.4,51.5,62.0,61.1,2.2,1.8,2.1,stable
31.9,32.1,34.6,75.2,80.3,76.7,50.7,55.0,55.4,3.5,3.1,3.2,future_root_zone_stress
30.4,31.6,32.1,51.7,50.1,53.8,45.6,39.2,41.4,5.0,2.7,2.5,stable
23.2,23.5,25.9,67.1,71.4,75.7,60.8,68.5,60.3,2.6,3.6,3.1,stable
35.0,38.8,39.8,49.9,41.1,43.1,59.3,58.2,60.7,4.3,4.5,4.1,stable
31.3,32.8,35.6,46.2,43.2,43.2,57.7,64.3,66.3,5.5,6.0,3.5,stable
26.3,23.1,25.2,51.7,64.0,64.0,32.6,34.9,38.2,2.5,2.1,3.7,stable
29.8,32.7,33.0,41.9,32.3,38.9,83.9,78.2,77.9,8.1,6.8,6.8,stable
28.4,28.7,30.2,89.0,81.3,87.3,82.3,77.1,78.2,1.5,2.8,2.1,stable
33.6,31.9,32.7,38.9,44.1,42.1,72.3,78.1,74.7,4.1,5.6,4.3,stable
24.5,27.0,29.0,89.9,86.5,88.7,51.2,49.3,56.0,5.0,0.8,3.2,stable
32.2,31.5,33.4,54.5,47.0,50.5,46.8,49.9,44.6,2.7,3.1,3.4,stable
26.8,29.0,28.8,65.6,62.4,63.1,69.2,64.9,64.5,11.4,9.6,10.8,stable
31.2,33.3,36.2,47.6,55.2,50.9,68.7,70.5,65.6,6.1,7.2,8.3,future_heat_stress
26.2,28.1,27.3,75.0,76.2,82.9,69.6,62.3,62.8,1.7,2.9,3.4,stable
32.1,36.3,38.1,62.8,69.9,65.0,52.5,50.0,51.8,4.3,6.0,4.8,future_water_stress
37.2,37.8,39.3,62.5,60.2,63.6,64.7,60.5,58.8,2.7,4.5,4.7,future_heat_stress
30.2,34.0,32.4,64.8,60.7,63.0,65.1,70.8,71.7,6.8,2.2,4.0,stable
25.0,26.4,25.3,84.1,84.6,81.3,62.8,74.0,68.0,2.5,3.3,3.8,stable
23.9,24.7,25.7,82.1,79.2,76.7,76.8,74.4,70.4,2.3,4.2,3.4,stable
40.0,42.4,42.8,35.9,40.7,41.5,74.5,84.1,82.4,11.1,11.0,13.1,future_heat_stress
31.1,32.0,32.2,40.9,46.5,45.0,34.7,30.8,35.1,5.4,8.1,7.2,future_root_zone_stress
26.2,25.1,25.0,55.6,61.0,51.9,63.7,68.7,66.8,1.2,3.2,1.8,stable
37.5,37.8,39.3,38.0,45.4,41.0,68.7,61.0,67.3,4.6,4.7,6.5,future_heat_stress
35.1,39.4,39.6,58.5,48.6,54.4,93.7,95.0,86.9,4.1,5.5,5.2,stable
34.6,38.6,39.3,31.6,40.0,34.5,71.8,68.8,77.4,6.9,8.1,7.4,stable
24.7,25.4,28.3,69.7,69.1,71.6,63.0,60.2,62.4,8.6,5.7,6.6,stable
29.0,31.7,30.7,68.5,72.2,81.5,79.1,73.5,81.9,2.0,1.6,2.8,stable
37.5,39.3,36.3,45.8,44.2,44.3,19.2,19.4,22.5,5.9,4.6,5.1,future_water_stress
32.5,33.2,29.5,76.3,63.5,65.0,53.7,55.4,56.2,2.3,2.1,3.7,stable
40.5,39.9,38.8,67.5,59.6,56.1,72.5,78.1,71.0,11.1,9.0,9.0,future_heat_stress
42.4,41.9,42.1,38.4,37.5,32.6,97.3,89.2,90.1,6.6,8.2,8.9,future_heat_stress
35.9,34.6,33.8,67.0,67.9,69.4,46.5,46.2,50.6,9.7,7.0,7.3,future_water_stress
27.6,30.5,29.5,77.5,77.0,71.4,70.4,66.2,68.0,4.3,3.5,3.6,stable
32.4,33.5,34.8,54.3,44.9,47.8,57.5,61.5,56.4,7.0,7.4,7.8,stable
36.0,35.9,34.7,43.1,43.0,48.2,33.2,36.4,37.8,6.7,7.0,6.9,future_water_stress
25.2,26.2,26.1,81.6,84.3,81.1,73.4,80.0,77.8,4.1,5.1,4.3,stable
35.8,35.9,34.6,44.5,48.0,45.3,52.5,56.7,61.9,3.5,4.5,4.5,stable
28.5,28.3,31.2,84.8,82.6,82.7,62.0,63.4,69.8,2.2,2.2,3.3,stable
28.6,25.0,29.1,67.5,68.5,68.5,55.1,50.3,50.9,1.6,4.0,3.4,stable
32.2,31.4,33.7,61.5,69.4,66.2,61.9,58.1,56.6,2.8,4.6,2.8,stable
27.8,30.0,28.0,78.6,71.1,67.0,69.1,69.0,70.1,4.5,4.2,4.9,stable
29.7,28.0,29.3,71.8,63.7,67.7,77.3,75.4,75.1,1.3,2.0,2.1,stable
26.9,30.9,30.5,40.8,38.5,38.5,21.5,21.6,20.9,7.2,6.7,6.2,future_water_stress
40.7,39.5,37.6,39.0,43.3,49.3,94.4,90.7,90.5,6.8,7.4,8.0,stable
32.7,31.9,33.8,54.6,49.9,53.2,78.7,75.7,77.2,4.6,2.7,2.5,stable
27.1,29.1,29.9,66.1,59.8,65.9,52.2,54.0,54.2,4.1,6.1,5.6,future_root_zone_stress
33.4,31.7,34.8,74.6,79.2,72.2,74.4,64.4,66.9,0.8,2.2,1.5,stable
20.0,23.9,25.5,71.8,70.7,71.0,64.8,58.0,59.0,1.2,3.4,3.3,stable
30.0,31.9,31.0,79.8,88.0,80.1,46.8,51.3,49.8,5.5,4.0,3.6,stable
34.4,35.4,33.7,26.6,23.6,24.8,53.7,41.9,49.6,9.7,7.3,7.7,future_water_stress
24.0,23.9,25.4,45.4,48.3,42.8,49.4,59.2,54.1,5.1,3.8,3.4,stable
28.5,29.5,30.1,82.3,82.7,85.2,102.4,91.3,93.5,4.2,4.9,5.5,stable
33.4,36.8,34.6,87.8,88.0,89.7,51.5,54.3,50.1,6.5,6.2,6.6,future_root_zone_stress
36.3,32.5,37.4,59.3,64.5,60.8,64.2,62.7,60.2,3.0,5.0,3.4,stable
25.8,24.3,27.5,58.4,57.7,62.4,43.3,41.9,46.4,6.6,5.7,5.0,stable
28.4,32.7,32.1,67.9,63.1,62.1,39.3,43.8,45.3,5.4,6.8,5.9,future_root_zone_stress
37.1,33.4,36.3,60.7,55.0,55.5,55.0,48.8,58.8,3.1,5.2,5.0,stable
26.3,27.9,29.6,86.1,80.1,87.1,93.6,86.0,86.3,5.1,3.6,3.6,stable
31.0,32.0,34.7,92.2,104.9,97.6,64.8,67.6,65.3,1.4,1.9,2.7,stable
38.0,40.0,40.2,25.1,20.4,15.6,75.7,71.9,68.7,9.8,10.0,10.2,future_heat_stress
26.4,27.2,27.7,47.5,62.6,55.2,54.2,55.6,49.2,3.3,6.0,5.4,stable
29.5,29.7,31.2,69.7,70.5,76.6,90.0,91.1,85.1,2.2,4.9,3.3,stable
31.8,33.1,30.4,71.9,71.2,66.6,56.7,54.0,61.5,4.9,4.1,3.5,future_root_zone_stress
29.2,30.4,30.5,48.2,38.5,42.0,75.7,72.6,77.6,7.9,7.5,7.3,stable
26.6,29.4,28.7,82.4,82.7,83.2,73.5,80.2,70.9,4.2,1.8,3.0,stable
33.4,35.3,37.1,44.5,40.4,44.6,80.9,92.7,90.3,3.9,4.7,2.6,stable
31.2,32.1,32.5,84.9,77.2,76.9,40.4,47.9,51.4,4.8,6.5,6.5,future_root_zone_stress
28.5,28.3,28.8,66.8,68.5,66.7,60.0,58.4,62.7,3.1,3.1,3.8,stable
40.5,43.0,42.0,28.0,31.7,28.6,39.1,43.6,41.2,4.6,6.3,6.0,future_heat_stress
41.1,42.8,40.9,60.2,62.2,70.6,75.1,68.8,69.4,5.0,6.7,6.7,future_heat_stress
29.2,30.7,32.3,76.9,79.5,73.1,40.5,49.6,43.8,7.3,6.1,5.8,future_root_zone_stress
28.9,30.1,31.3,46.3,44.7,42.0,49.5,52.5,52.1,6.8,7.0,6.1,stable
25.0,26.0,26.3,49.4,58.3,52.8,64.9,56.3,62.0,3.5,5.3,3.7,stable
40.3,39.9,40.1,67.2,62.6,64.4,51.2,43.1,43.6,6.6,8.0,7.5,future_water_stress
31.5,33.5,32.6,70.7,66.0,68.5,84.2,76.7,81.5,4.0,3.0,3.3,stable
28.8,28.8,31.0,41.5,47.6,49.8,34.7,42.7,44.5,4.7,2.6,2.7,stable
21.0,23.7,23.5,73.8,71.2,75.8,51.2,51.1,43.4,5.4,2.4,2.5,stable
27.4,27.8,29.8,66.8,63.9,71.2,50.3,43.0,43.5,6.1,4.3,5.3,stable
25.0,24.6,26.3,64.5,56.3,60.0,86.5,74.0,78.7,4.7,4.3,3.4,stable
30.1,28.2,27.9,75.8,80.9,81.2,59.0,55.9,55.9,2.6,1.9,2.6,stable
38.5,40.2,39.8,71.9,64.5,63.5,65.5,72.8,66.0,3.6,5.5,6.0,future_root_zone_stress
42.9,43.4,44.7,19.0,27.1,20.0,84.3,75.1,74.7,10.5,11.0,10.1,future_heat_stress
24.1,26.7,26.4,62.6,68.8,63.3,100.4,97.0,93.7,2.9,1.7,3.4,stable
25.6,30.1,31.2,77.0,74.7,80.2,55.6,60.3,57.7,3.4,1.7,2.8,stable
32.4,33.3,34.4,46.9,49.8,49.2,74.2,68.7,64.5,6.4,6.9,5.8,stable
38.3,39.1,40.5,36.1,41.0,37.0,25.7,27.7,24.0,7.6,6.4,6.9,future_water_stress
33.6,35.3,35.2,49.6,50.9,42.7,57.9,59.5,61.3,4.6,3.2,4.5,stable
27.9,27.7,27.1,60.4,61.8,65.1,62.9,60.8,65.7,0.4,1.8,2.3,stable
28.5,28.1,29.9,79.0,72.5,76.3,62.4,64.1,65.1,3.9,2.6,2.3,stable
32.9,34.1,32.8,64.5,59.3,54.6,72.4,66.6,68.6,1.5,2.1,2.3,stable
24.4,25.3,25.8,50.8,59.0,56.2,52.1,51.1,56.9,3.0,4.2,5.4,stable
36.8,38.8,38.8,34.7,44.3,44.2,90.6,85.3,87.8,5.9,6.3,5.5,future_heat_stress
32.9,33.0,32.4,60.2,62.2,54.1,36.1,36.4,29.4,3.8,4.2,4.1,future_water_stress
36.9,38.9,38.8,48.7,45.6,51.1,59.0,52.5,53.0,6.1,5.8,5.8,future_heat_stress
24.0,24.5,24.4,43.6,47.3,52.6,54.8,56.4,58.4,1.6,3.0,1.9,stable
34.5,35.0,37.2,66.3,72.4,66.9,61.8,59.5,63.6,6.8,5.6,7.8,future_water_stress
35.3,37.8,37.4,58.6,58.4,61.3,72.1,73.5,67.2,7.7,6.7,6.6,future_root_zone_stress
29.1,31.4,32.0,62.9,65.8,74.7,42.4,44.0,43.0,3.7,3.8,3.5,stable
28.6,28.8,27.2,92.0,91.0,92.1,37.1,43.4,38.4,2.8,4.9,3.1,stable
26.6,26.2,31.0,58.8,59.8,58.7,61.7,65.2,70.4,0.9,3.1,3.6,stable
28.2,27.3,28.2,70.5,72.2,69.3,65.9,65.0,65.6,0.9,4.0,3.6,stable
24.4,26.9,29.8,66.3,64.4,67.3,56.5,55.9,55.9,1.4,4.2,2.4,stable
25.3,28.8,26.9,78.2,78.0,70.7,79.5,79.0,80.7,2.9,3.2,2.9,stable
26.4,23.8,24.4,58.8,64.0,66.7,88.1,92.5,86.7,2.1,3.2,1.9,stable
39.1,39.8,42.1,41.3,37.1,35.0,27.3,29.5,32.2,4.0,5.8,7.5,future_root_zone_stress
30.5,27.3,29.9,78.6,76.3,75.4,72.5,77.3,76.3,2.5,3.5,3.7,stable
44.9,40.8,42.8,22.9,16.7,16.8,74.0,74.1,75.0,9.8,11.2,10.8,future_heat_stress
34.3,34.8,35.9,51.3,45.2,48.2,64.4,68.9,62.8,6.7,6.5,4.1,stable
35.9,34.2,37.7,41.9,40.0,41.1,73.6,71.5,73.5,6.2,7.8,7.9,future_root_zone_stress
32.0,33.0,35.2,37.4,41.3,43.3,81.4,77.4,74.4,3.9,4.3,3.8,stable
32.8,33.4,33.2,59.6,50.5,57.8,58.1,46.0,50.1,0.6,1.4,2.7,stable
41.2,39.4,41.0,63.6,56.9,57.0,45.9,40.3,41.9,1.6,3.2,3.2,future_water_stress
36.9,37.2,40.1,65.4,69.9,65.3,59.4,57.9,53.2,3.2,4.8,4.4,stable
30.6,30.1,28.9,50.9,51.9,57.4,78.5,74.8,79.5,3.7,3.6,3.8,stable
31.2,34.2,34.4,49.2,48.4,41.9,33.0,25.7,23.2,5.0,5.3,5.4,future_water_stress
29.8,30.9,30.8,81.3,80.7,83.4,64.8,60.0,60.2,4.2,4.4,4.4,stable
34.8,35.7,36.5,64.0,51.7,58.6,36.6,38.3,33.6,10.6,9.7,10.0,future_water_stress
21.9,19.6,23.1,59.4,64.0,61.7,79.4,77.0,76.3,3.5,3.0,2.1,stable
23.0,22.7,21.9,80.2,81.1,78.4,69.8,73.7,71.2,0.5,1.9,3.1,stable
25.7,24.0,25.9,56.7,47.0,51.5,48.8,36.0,41.2,2.8,3.3,2.4,stable
37.7,34.1,38.5,55.6,60.0,59.6,73.1,76.9,76.5,6.1,7.5,7.0,future_heat_stress
21.7,22.0,25.5,75.5,70.7,67.8,42.5,53.4,53.8,4.9,5.3,6.0,future_root_zone_stress
34.2,35.0,36.5,36.0,33.3,30.2,51.3,55.6,55.7,3.9,5.6,5.9,future_heat_stress
26.4,30.8,28.4,71.6,71.6,69.2,76.1,77.6,80.9,4.8,5.1,4.4,stable
29.9,31.5,30.6,62.6,66.6,69.6,75.5,77.5,84.2,5.4,4.8,2.5,stable
35.1,36.8,37.9,75.6,71.3,71.6,58.5,53.6,57.8,2.8,3.3,3.2,future_root_zone_stress
28.2,31.3,29.3,61.8,61.8,63.5,51.9,45.0,49.4,5.7,3.3,2.6,stable
30.6,29.6,31.4,50.7,44.9,55.5,58.9,67.9,62.9,6.0,6.5,6.5,stable
34.0,35.4,39.0,49.5,43.6,53.9,52.0,46.2,46.6,4.4,5.9,7.0,stable
27.7,30.6,30.8,56.5,50.8,53.6,62.4,58.0,64.3,5.4,1.7,1.9,stable
33.0,33.4,33.2,56.8,46.6,55.3,46.7,46.1,51.7,6.5,5.7,7.1,future_heat_stress
37.3,36.7,39.5,37.5,45.1,46.3,89.4,85.9,85.2,3.9,2.9,3.4,future_heat_stress
32.9,34.1,34.5,48.1,53.9,48.6,43.1,45.2,40.9,3.5,3.4,3.6,stable
34.7,36.9,34.6,54.1,53.2,52.4,49.6,49.1,48.0,6.1,5.2,3.9,stable
29.4,30.7,31.6,64.3,72.0,67.6,59.4,60.2,55.1,-0.0,1.5,2.9,stable
33.5,30.4,31.1,77.9,82.0,80.8,25.1,26.5,28.5,7.5,7.3,7.2,future_water_stress
34.3,32.4,33.7,37.2,42.7,37.7,68.4,71.8,68.7,8.4,8.8,7.3,future_heat_stress
33.0,32.0,35.9,91.6,87.5,85.1,39.3,42.1,39.3,6.9,6.7,7.5,future_root_zone_stress
36.1,34.7,34.9,53.3,48.0,47.2,88.7,90.7,86.1,3.3,3.9,3.8,stable
34.5,34.9,34.9,81.5,83.7,87.1,72.0,77.0,75.5,3.6,5.3,5.7,future_root_zone_stress
27.5,30.4,30.8,55.2,58.3,53.5,50.1,47.3,52.5,2.7,0.8,1.1,stable
35.3,37.9,36.7,38.6,47.5,38.9,41.5,45.4,43.3,7.9,6.2,6.0,future_water_stress
40.8,40.0,40.4,51.5,51.3,52.1,39.9,45.5,41.5,12.1,9.9,9.8,future_heat_stress
36.9,38.4,36.4,36.8,32.2,35.8,55.3,58.7,55.5,7.3,7.2,7.2,future_heat_stress
28.6,28.4,31.9,41.6,55.0,52.0,83.4,85.8,82.2,4.9,1.6,4.2,stable
26.2,25.1,28.3,69.1,71.5,72.2,69.1,64.9,67.0,2.1,4.5,4.7,stable
32.0,34.5,36.3,58.1,58.0,53.3,70.5,62.9,63.4,4.1,7.4,5.9,future_water_stress
41.0,38.7,39.7,33.1,35.3,39.6,47.6,47.3,49.5,7.6,7.9,8.1,future_root_zone_stress
33.2,30.9,35.6,60.6,53.8,57.3,67.4,70.5,76.7,3.0,3.4,4.8,stable
40.2,36.9,39.7,74.8,74.1,75.9,83.7,77.7,82.5,5.6,8.6,8.1,stable
23.8,25.7,27.0,53.4,62.7,53.5,50.7,49.2,48.2,1.8,3.3,3.9,stable
29.9,30.4,32.4,66.2,65.1,67.1,41.2,34.0,31.9,5.3,4.0,4.9,future_root_zone_stress
37.3,37.6,40.0,46.9,43.5,43.8,15.4,17.2,23.1,6.1,7.2,7.9,future_water_stress
29.9,30.2,29.7,78.8,83.9,81.4,60.9,68.2,66.8,4.3,5.2,4.8,stable
34.9,36.9,35.8,45.4,56.1,50.5,80.1,86.2,87.3,2.9,2.6,4.0,stable
30.3,32.0,32.9,45.2,43.4,55.2,59.3,62.9,60.5,6.0,5.3,4.7,future_water_stress
29.5,31.6,30.4,45.4,58.6,58.0,68.6,67.9,64.6,9.2,10.0,8.5,stable
30.5,29.6,33.2,62.8,63.9,61.0,52.2,57.0,55.5,6.6,4.4,5.1,stable
33.5,33.1,33.1,58.3,61.0,57.3,49.0,44.9,47.4,3.0,2.5,3.4,stable
26.6,27.2,29.1,50.3,45.2,45.0,68.4,66.3,69.8,3.1,3.0,3.1,stable
29.7,28.5,28.9,48.5,60.1,55.8,94.2,97.6,94.2,3.1,6.3,5.2,stable
36.0,38.2,40.9,36.9,28.9,35.6,30.9,28.1,32.6,8.0,6.5,7.0,future_water_stress
37.9,34.5,36.5,68.8,61.7,67.4,46.6,42.4,45.5,8.7,7.4,8.9,future_root_zone_stress
25.6,27.7,29.0,71.0,75.3,76.6,49.0,45.9,50.5,3.7,3.6,2.5,future_root_zone_stress
29.9,31.6,33.5,47.4,48.2,52.2,90.7,96.0,95.6,2.1,2.7,3.7,stable
29.2,31.6,34.7,83.6,76.6,81.1,88.6,88.2,86.4,4.5,3.6,2.6,stable
40.8,39.8,40.9,44.1,45.4,45.7,41.0,43.0,41.6,8.8,9.4,8.1,future_water_stress
32.7,33.8,32.0,52.8,58.2,51.1,79.5,71.8,70.6,4.1,2.7,4.0,stable
26.0,28.8,29.6,81.2,82.5,83.1,58.1,70.3,68.3,1.4,1.2,2.9,stable
35.3,37.2,37.4,51.4,47.1,44.3,62.1,61.2,64.6,6.1,6.6,4.6,stable
26.2,27.0,24.1,66.6,71.0,66.3,89.7,89.1,86.8,5.3,3.5,4.4,stable
24.0,24.3,25.6,46.3,56.4,49.7,48.9,36.0,43.7,1.6,3.5,3.3,stable
27.9,30.7,29.7,77.1,78.9,78.6,76.7,73.3,73.8,1.5,1.9,3.5,stable
27.7,27.6,29.2,57.5,57.9,63.4,62.3,64.7,68.3,3.0,4.2,3.9,future_root_zone_stress
41.2,43.3,42.9,32.2,35.0,33.8,73.0,75.5,71.0,9.4,7.4,6.8,future_heat_stress
28.1,27.4,31.2,79.8,76.5,83.0,43.4,36.9,41.9,4.1,2.6,3.1,stable
25.7,26.2,29.0,78.9,80.2,80.7,67.1,63.9,62.5,3.6,3.8,3.1,stable
31.4,32.9,35.1,63.3,68.9,66.1,80.0,79.2,80.4,3.1,4.3,3.3,stable
36.8,39.5,39.5,30.9,44.1,33.7,47.9,45.0,50.0,6.9,6.3,5.6,future_heat_stress
30.0,26.4,27.1,48.3,41.1,48.7,62.2,67.4,62.7,0.3,3.3,1.8,stable
37.2,34.2,35.2,57.0,67.4,66.5,81.0,73.7,74.9,5.9,4.2,5.6,stable
25.1,24.9,25.5,88.6,81.2,89.1,63.8,63.1,62.4,-0.0,1.9,2.6,stable
30.0,33.0,35.9,64.9,62.5,65.4,31.8,30.0,30.9,7.4,4.0,5.3,future_water_stress
27.7,27.4,28.8,42.3,51.6,46.9,60.8,54.2,60.8,4.2,4.4,3.7,stable
38.9,38.7,40.0,66.4,58.0,61.7,76.9,72.0,76.0,4.3,5.4,6.3,stable
33.0,32.0,31.7,80.7,72.8,75.0,72.4,70.7,66.1,3.6,3.2,4.0,stable
26.8,29.5,27.6,41.0,48.0,46.8,71.0,73.6,69.4,4.8,5.3,3.8,stable
25.9,27.7,26.4,69.9,73.2,74.5,72.7,68.3,64.8,4.9,3.2,2.9,stable
33.8,30.2,30.6,43.9,48.9,49.2,39.0,44.3,38.3,4.4,3.3,2.5,stable
39.0,37.5,42.4,43.5,40.1,43.9,22.0,22.3,23.1,7.0,6.6,6.1,future_water_stress
33.7,34.9,35.8,68.5,62.7,65.0,89.5,83.2,82.9,5.2,5.5,4.1,stable
35.9,36.4,35.0,42.7,37.6,33.4,92.9,95.6,89.8,6.5,3.1,3.9,stable
29.0,30.2,31.3,76.7,76.5,74.7,70.2,62.0,68.9,2.1,1.7,3.5,stable
28.0,28.6,28.8,76.3,69.8,68.7,37.6,38.9,35.3,6.0,9.1,7.9,future_water_stress
27.8,26.2,27.1,65.2,66.6,57.8,58.5,58.8,55.4,4.6,5.6,5.6,stable
35.5,32.1,33.1,51.8,46.3,53.9,40.0,37.5,38.6,3.8,4.4,3.7,stable
31.8,33.1,33.5,54.2,60.4,53.0,52.9,55.1,55.4,2.9,1.9,2.2,stable
43.9,45.5,47.6,28.1,33.7,27.3,69.5,70.9,77.6,7.5,10.1,10.4,future_heat_stress
35.5,35.0,36.2,52.0,45.8,45.0,62.3,61.3,62.8,7.7,8.1,7.9,future_heat_stress
28.0,29.8,29.3,75.1,79.8,76.1,69.5,75.5,72.2,-1.7,-0.2,-0.8,stable
25.6,26.1,28.3,84.3,85.4,81.3,44.7,42.0,45.3,-0.1,2.7,3.1,stable
33.2,30.8,30.7,65.4,66.9,69.2,62.6,71.8,68.5,5.3,3.8,5.4,stable
24.0,25.6,25.1,62.8,61.4,60.8,65.8,61.2,62.3,1.7,4.2,3.0,stable
33.3,37.1,34.8,47.0,50.9,49.4,64.7,70.6,68.4,4.6,6.6,7.8,stable
49.3,48.3,48.8,44.8,46.3,46.0,56.7,59.9,60.7,9.9,12.4,11.2,future_heat_stress
21.2,21.4,23.5,84.9,72.8,78.7,41.7,46.1,47.4,4.1,4.2,4.9,stable
31.9,35.3,34.8,48.4,49.2,51.7,68.2,70.1,66.5,6.8,6.5,7.1,stable
28.6,26.3,29.9,73.0,71.6,72.6,79.7,72.3,75.2,4.8,4.8,3.4,stable
25.0,21.2,21.5,62.2,66.4,62.6,39.8,42.0,39.6,-2.5,-1.9,-1.3,stable
24.5,21.6,24.4,58.2,49.1,55.2,67.7,70.5,65.2,0.1,0.5,3.1,stable
32.7,31.7,34.4,82.1,83.8,80.9,52.1,56.3,53.2,2.8,4.0,4.8,stable
30.0,30.5,29.4,55.7,56.9,59.2,60.1,60.5,64.8,2.5,4.4,2.3,future_root_zone_stress
30.3,29.1,29.5,63.5,61.3,67.2,46.5,50.8,49.9,3.4,3.9,4.7,stable
37.2,38.1,37.8,51.4,47.9,54.7,38.5,37.9,40.8,8.0,8.4,7.0,future_water_stress
27.4,28.8,30.2,66.2,57.4,58.0,66.3,67.6,68.0,4.6,5.2,3.4,stable
26.9,25.1,24.4,55.4,59.0,54.8,80.6,74.1,79.4,3.4,3.6,4.0,stable
26.8,26.6,27.6,55.8,50.5,47.1,74.4,77.8,74.0,3.3,2.4,2.1,stable
35.8,35.7,39.0,56.9,60.1,63.8,62.7,70.5,68.9,2.2,5.1,4.4,stable
27.8,27.0,29.3,65.9,63.3,59.1,93.9,102.1,104.7,3.2,3.6,4.4,stable
35.8,32.2,33.7,75.4,73.4,73.5,55.5,43.7,49.6,2.4,4.1,3.3,stable
40.1,40.9,43.2,53.5,55.6,58.3,80.8,79.2,84.7,6.7,5.6,4.7,future_heat_stress
37.6,36.2,38.6,62.1,54.9,59.2,78.9,73.4,79.1,2.5,5.0,6.0,stable
22.9,25.2,27.6,63.4,67.3,65.2,65.2,67.9,74.6,3.8,2.6,1.9,stable
25.8,23.8,27.0,62.6,61.1,56.4,65.3,69.6,72.0,2.7,4.1,4.2,stable
16.9,17.8,21.3,66.8,79.7,71.9,55.9,57.5,56.7,-0.4,1.7,2.9,stable
30.8,32.3,33.5,58.8,55.4,55.0,63.0,66.1,58.1,3.1,4.3,3.1,stable
32.3,34.6,34.3,67.4,62.5,61.1,87.5,88.1,83.5,1.3,2.0,2.6,stable
40.1,39.6,38.8,49.1,43.0,48.5,82.0,84.6,74.7,4.5,4.6,6.1,stable
34.3,34.9,37.0,58.2,53.8,51.7,62.2,65.1,66.8,7.1,5.1,4.4,future_heat_stress
37.5,38.8,38.6,47.9,37.9,48.3,51.6,50.9,51.3,5.1,5.9,5.0,stable
27.9,28.1,28.3,81.1,76.9,84.8,48.9,50.1,41.3,4.5,5.6,4.1,stable
24.8,28.4,29.1,37.1,48.0,35.3,71.4,77.7,72.3,6.9,8.7,7.5,stable
25.3,26.4,27.1,77.0,77.9,73.8,53.5,56.2,48.0,2.8,3.0,2.9,stable
19.6,22.2,23.9,65.0,71.1,68.2,56.8,59.1,57.5,5.1,4.5,4.1,stable
34.5,34.1,34.1,91.8,90.1,81.0,88.3,89.1,91.8,2.8,4.0,3.3,stable
25.8,24.5,26.5,74.8,73.7,68.0,68.6,68.6,63.9,3.1,2.0,1.9,stable
37.0,36.9,38.1,61.1,49.5,56.8,59.6,53.6,58.7,6.3,6.5,5.5,stable
25.8,25.0,26.1,64.0,69.3,71.1,38.6,28.0,31.2,0.5,2.8,2.6,stable
34.9,38.1,38.1,60.7,63.9,60.8,55.5,49.2,50.6,3.6,6.0,6.7,stable
26.2,25.2,26.2,57.4,58.5,59.6,49.2,48.6,48.3,0.7,2.0,1.8,stable
28.0,31.9,32.2,59.2,66.5,57.1,60.3,68.0,58.2,3.7,2.9,2.6,stable
25.6,28.3,28.5,75.6,76.0,74.3,44.2,51.3,50.5,2.3,4.0,2.5,stable
32.8,32.7,31.2,54.2,58.5,61.2,73.0,79.6,74.3,5.5,6.8,5.5,future_heat_stress
27.1,28.8,28.1,60.2,58.8,60.2,35.6,32.9,34.3,5.0,2.8,4.2,future_water_stress
40.6,37.9,39.3,15.9,19.4,15.5,57.0,66.2,61.4,14.3,12.9,12.7,future_heat_stress
31.8,31.2,31.5,56.1,63.4,53.2,44.3,44.0,43.0,1.9,5.6,5.0,stable
30.4,30.1,29.8,71.0,63.8,59.4,46.6,38.5,41.3,1.5,2.3,2.3,stable
31.6,33.1,32.2,63.9,59.7,58.9,65.0,64.7,59.7,3.4,1.4,3.0,stable
39.6,38.4,40.3,35.8,25.5,27.8,61.8,64.3,60.7,8.9,7.6,6.9,future_heat_stress
27.3,30.3,32.1,64.4,55.8,59.1,50.1,49.4,45.0,3.7,3.5,4.2,stable
35.0,35.1,37.4,40.0,43.1,32.6,64.8,63.5,62.8,7.8,4.9,5.6,future_heat_stress
29.6,29.6,30.2,69.3,74.5,69.5,75.1,85.0,75.2,3.5,2.0,3.5,stable
26.0,25.0,27.9,38.2,41.9,48.9,34.6,38.7,33.6,6.1,5.6,6.8,future_root_zone_stress
24.0,26.9,28.8,69.2,73.1,70.2,44.8,45.9,40.1,2.8,2.0,1.7,stable
24.8,26.7,27.9,66.7,60.5,62.4,52.8,43.7,48.8,4.6,1.8,2.9,stable
32.5,36.3,35.5,78.5,74.7,73.4,56.1,52.0,46.8,4.1,5.2,5.9,future_water_stress
32.8,34.2,35.4,45.5,56.5,53.3,81.1,83.1,82.7,3.1,5.2,5.5,stable
32.9,35.6,37.0,41.5,35.6,43.3,44.2,45.0,42.5,11.1,9.2,10.0,future_water_stress
38.1,37.2,38.1,43.5,53.3,53.3,23.2,29.7,30.4,6.3,4.9,6.3,future_water_stress
30.7,31.3,29.4,68.2,73.9,68.9,95.2,98.6,96.4,1.8,2.0,3.2,stable
30.1,32.0,32.5,79.5,74.1,77.9,15.5,20.9,21.7,5.7,8.8,6.9,future_root_zone_stress
27.4,30.5,28.8,46.5,57.2,54.4,64.3,62.4,57.4,4.1,3.8,3.7,stable
23.8,26.0,27.4,92.8,86.9,82.6,88.1,86.4,88.4,5.7,4.2,5.5,stable
33.3,36.7,39.1,58.0,60.6,56.5,46.1,52.1,45.9,7.2,5.4,6.5,future_water_stress
32.7,31.2,31.2,54.9,53.1,56.2,36.6,40.5,38.7,6.3,4.7,5.2,future_water_stress
27.1,26.6,27.4,53.9,61.3,59.2,55.9,54.7,51.9,5.1,4.4,3.6,stable
39.5,38.6,40.6,28.8,22.7,24.3,48.8,50.0,48.8,3.4,4.3,5.7,stable
25.3,23.7,26.1,49.6,59.1,53.4,90.8,90.6,90.8,2.4,3.2,4.4,stable
28.3,28.0,31.0,62.4,56.8,61.6,75.7,62.6,73.6,5.2,3.9,3.3,stable
26.6,26.7,30.2,35.1,28.7,25.6,17.8,18.3,16.3,7.1,9.2,8.2,future_water_stress
24.4,23.5,24.6,30.8,38.1,41.7,15.0,15.2,14.2,5.1,6.2,5.4,future_water_stress
26.9,27.7,29.8,76.7,73.7,71.5,76.3,72.9,71.7,4.8,3.5,3.9,stable
26.9,29.1,31.6,67.4,60.4,60.7,69.9,70.9,71.5,4.7,3.0,3.7,stable
33.4,36.0,34.1,48.0,39.7,41.8,77.5,81.1,79.3,6.3,6.1,6.6,stable
32.5,35.1,36.4,60.9,59.9,58.8,59.4,62.2,52.9,4.8,4.3,4.0,stable
33.8,34.7,33.3,68.7,62.5,64.6,39.0,45.1,42.0,5.3,5.0,4.1,stable
33.3,36.1,35.4,43.6,39.6,44.1,72.0,71.8,74.8,5.7,5.7,4.2,stable
35.7,33.6,32.6,71.6,69.2,72.9,55.2,52.8,51.9,7.4,7.4,7.1,future_heat_stress
29.5,27.8,28.3,75.0,80.5,81.5,74.4,77.1,78.0,3.3,2.0,3.1,stable
33.7,33.4,35.7,35.5,37.0,28.4,45.0,45.5,44.4,5.3,8.1,7.2,future_heat_stress
35.1,34.2,36.7,27.4,33.7,30.6,33.5,38.7,39.0,2.3,4.7,4.4,future_water_stress
37.5,36.9,37.2,29.0,26.0,34.1,70.6,78.1,75.6,7.6,8.6,6.4,future_heat_stress
31.1,35.0,36.2,15.5,21.6,21.9,64.7,68.8,64.4,9.0,8.8,9.0,future_heat_stress
37.2,41.1,37.5,35.2,32.8,38.1,28.3,26.1,27.5,8.1,8.8,9.5,future_water_stress
29.8,31.1,32.5,60.4,61.1,67.1,57.5,55.9,58.1,9.2,6.9,7.1,future_root_zone_stress
28.7,28.1,28.4,76.9,88.0,79.3,62.4,61.4,62.7,3.6,1.6,2.6,stable
33.7,32.5,34.1,60.9,68.7,62.5,73.6,80.3,73.3,7.6,7.9,7.5,future_heat_stress
31.1,28.1,32.3,48.3,48.1,46.6,56.2,47.9,51.8,1.3,1.9,3.7,stable
21.4,23.7,24.3,45.2,47.8,50.3,71.9,64.2,68.0,2.8,3.6,3.2,stable
26.4,29.7,29.1,59.9,63.7,57.0,76.9,70.0,74.8,2.4,2.6,1.4,stable
38.5,37.2,35.7,56.6,62.5,51.9,57.4,56.8,61.9,8.5,10.3,8.0,future_root_zone_stress
30.8,34.4,33.2,70.8,70.5,70.7,45.0,42.2,43.5,3.0,0.6,2.0,stable
29.8,27.7,29.2,59.5,63.7,56.8,68.9,64.1,69.7,5.1,3.2,4.6,stable
29.7,30.8,34.3,31.6,30.1,31.1,71.0,78.7,74.6,4.0,4.9,4.8,stable
29.8,26.5,28.2,84.7,84.2,89.4,79.5,75.3,77.8,6.0,4.3,4.6,stable
38.9,39.6,38.3,51.5,42.9,40.6,73.5,66.4,71.1,3.6,5.8,5.0,stable
34.5,38.8,38.7,38.5,30.9,37.8,60.7,62.9,65.4,5.3,3.7,5.0,stable
31.9,31.7,30.7,73.3,64.8,69.3,47.5,53.4,47.5,0.1,0.5,0.7,stable
38.0,38.4,41.2,46.6,40.1,43.4,58.9,66.8,62.5,5.9,3.8,4.0,future_heat_stress
26.0,26.9,29.9,64.5,65.4,67.1,59.1,61.8,57.4,-0.5,3.0,2.9,stable
28.3,29.7,29.4,67.0,68.6,66.9,58.8,58.5,60.5,4.4,2.9,3.6,stable
32.9,34.6,37.1,34.8,39.5,38.7,76.9,83.9,79.3,7.2,5.9,5.9,stable
38.7,37.8,41.4,50.4,54.2,49.1,97.8,101.3,99.1,5.6,5.0,5.6,stable
28.0,29.2,32.0,69.8,60.3,59.3,75.8,82.8,76.3,3.1,3.8,3.8,stable
27.8,28.6,26.7,55.9,47.9,53.9,75.8,75.1,79.8,3.0,3.6,4.8,stable
27.7,31.9,31.7,56.6,55.7,62.3,76.0,75.6,76.9,2.4,4.0,3.9,stable
31.0,33.0,33.5,67.6,74.3,72.1,28.4,21.9,23.4,5.2,3.8,4.6,future_root_zone_stress
27.9,25.7,26.6,62.5,66.2,64.2,72.1,76.7,74.2,2.1,3.1,2.6,stable
27.2,26.8,29.7,63.4,61.2,65.2,78.2,84.3,81.6,2.9,4.4,4.9,stable
31.3,35.6,36.0,60.5,52.8,62.0,64.2,64.0,68.1,3.0,4.2,5.3,stable
30.0,30.4,30.6,52.6,53.5,50.6,77.3,79.6,77.8,2.6,4.2,3.8,stable
28.4,29.4,31.8,48.0,44.4,45.0,54.0,55.1,61.4,5.3,4.4,5.8,future_root_zone_stress
32.2,31.7,32.8,17.1,27.4,23.0,46.1,49.4,47.6,8.6,7.7,8.2,future_heat_stress
25.3,30.8,28.8,49.6,56.7,51.8,60.6,65.1,61.2,2.3,4.2,5.3,stable
26.8,28.6,30.1,72.8,78.3,79.3,71.9,81.1,82.1,1.8,3.1,3.5,stable
26.2,25.7,27.6,71.3,70.7,66.5,95.2,92.1,98.1,3.0,2.7,1.3,stable
26.2,27.7,26.6,69.3,75.0,74.3,50.3,50.9,50.2,1.3,2.6,1.2,stable
29.6,26.4,28.0,80.1,82.9,75.0,58.8,60.2,61.5,3.1,3.8,3.5,stable
33.7,35.1,36.9,53.6,56.5,57.1,37.2,40.8,32.0,8.1,9.6,11.0,future_water_stress
28.3,27.2,28.7,56.6,49.7,53.5,50.1,56.7,51.5,2.8,4.5,4.1,stable
39.9,40.8,40.4,36.3,42.4,42.4,58.5,55.5,61.2,7.1,7.5,8.3,future_root_zone_stress
35.5,32.2,35.0,37.0,34.8,36.4,55.6,55.6,56.8,9.2,7.4,7.9,stable
33.6,34.8,36.6,27.3,32.6,28.2,67.3,74.7,68.8,6.3,6.5,5.3,stable
24.0,27.8,29.3,44.0,48.4,46.9,79.2,79.5,82.0,3.4,2.7,3.1,stable
38.3,38.3,41.6,49.8,53.3,46.6,79.5,81.9,84.6,3.7,5.9,4.4,future_heat_stress
29.7,33.6,34.6,51.8,49.5,49.7,15.0,22.9,23.5,6.6,6.6,5.9,future_water_stress
36.0,35.9,37.3,48.1,49.5,51.3,77.4,73.8,79.3,2.6,1.9,3.8,stable
27.8,30.8,32.0,66.9,65.3,67.0,37.7,36.4,38.2,1.6,2.7,1.2,future_root_zone_stress
37.2,37.7,39.6,71.0,61.3,66.9,46.2,38.2,42.8,5.5,4.8,4.7,future_heat_stress
32.2,30.7,33.8,76.3,74.8,76.1,10.4,10.0,13.5,8.0,7.6,6.7,future_water_stress
36.0,37.2,38.6,45.1,46.4,45.1,75.2,78.9,81.0,7.9,6.6,5.4,stable
40.3,42.4,42.6,47.3,52.7,45.9,32.4,30.2,34.5,7.4,9.1,10.0,future_root_zone_stress
34.2,33.4,35.1,64.3,63.4,62.5,59.8,61.3,59.4,3.3,5.0,4.1,stable
23.7,28.0,27.4,60.5,59.7,57.7,104.5,97.7,99.0,1.3,1.9,3.0,stable
29.6,33.5,32.6,45.0,42.3,54.4,77.2,68.8,69.8,1.9,1.0,1.6,stable
25.5,27.6,26.3,46.9,43.4,46.5,79.8,73.1,78.1,4.5,4.7,3.3,stable
30.4,33.1,32.9,58.4,52.3,54.1,70.6,71.8,68.0,6.8,5.5,5.8,stable
35.4,34.6,33.0,41.6,48.2,45.8,36.6,35.6,37.1,5.3,6.7,5.0,future_water_stress
26.8,27.1,28.6,55.6,46.8,55.0,51.5,46.7,52.9,5.7,3.9,5.4,stable
31.3,30.4,30.8,59.0,65.4,59.8,78.4,79.2,81.8,2.1,4.4,2.9,stable
31.6,28.4,32.4,85.8,85.9,85.2,56.5,71.9,61.3,5.0,2.8,3.9,stable
36.3,34.8,35.3,53.9,45.9,53.0,52.5,60.6,54.8,2.6,4.9,4.6,stable
32.5,33.1,35.4,41.4,41.0,43.9,100.0,97.1,93.9,4.6,2.5,5.0,stable
41.1,39.8,40.1,54.6,60.4,58.8,62.4,62.9,59.5,5.1,3.2,4.0,stable
29.2,28.9,30.9,80.4,81.0,74.3,61.5,55.4,57.5,3.9,2.5,3.1,stable
27.1,28.6,26.6,66.9,65.0,61.6,41.2,47.8,43.1,4.1,3.0,2.3,stable
34.0,33.3,34.2,81.5,79.6,84.5,61.1,61.9,65.9,2.6,2.4,3.6,stable
31.8,34.3,33.6,45.7,48.9,41.6,44.3,39.7,42.9,4.0,5.2,5.4,stable
37.7,35.0,38.2,43.1,46.0,45.1,63.8,53.9,54.5,6.4,7.3,5.8,stable
36.1,33.5,37.0,37.9,36.0,35.1,47.4,54.2,50.6,4.9,6.4,5.1,future_heat_stress
27.6,28.9,31.4,74.2,77.3,74.3,85.1,96.3,87.5,3.0,3.9,4.0,stable
29.7,29.0,31.1,43.9,49.2,46.0,81.7,79.4,76.4,4.2,6.4,4.4,stable
32.8,29.8,31.9,45.3,39.6,40.5,66.4,72.7,71.5,4.2,3.2,4.6,stable
41.6,39.7,44.1,47.9,40.2,46.2,94.5,85.7,90.9,8.9,6.3,7.6,future_heat_stress
29.3,32.4,31.5,38.0,41.1,38.5,43.1,51.5,44.3,2.4,2.5,2.2,stable
30.5,29.2,32.4,57.6,58.1,59.9,51.4,52.7,53.9,4.9,4.3,5.0,stable
35.4,38.6,37.5,68.0,80.4,70.8,20.0,27.4,24.3,8.3,5.3,6.1,future_water_stress
31.5,31.5,34.6,71.1,66.9,66.9,69.7,77.0,71.6,3.9,3.7,4.4,stable
27.4,23.7,26.4,52.3,61.9,58.0,78.6,78.6,78.4,3.1,3.6,3.9,stable
36.1,34.9,36.0,69.8,74.0,71.2,85.2,79.5,83.0,2.1,2.4,1.7,stable
27.9,31.6,31.8,47.5,42.4,47.1,34.1,32.6,33.8,6.0,5.2,3.1,future_water_stress
31.4,32.7,34.6,34.8,36.1,41.6,70.1,70.4,76.3,5.9,5.8,6.2,future_heat_stress
30.8,30.9,32.0,73.3,71.4,76.9,86.8,79.9,80.5,2.4,4.5,2.6,stable
25.2,24.9,27.5,39.7,46.6,48.7,40.5,40.6,39.8,1.9,2.4,2.1,stable
29.7,30.3,29.9,65.8,64.5,66.6,59.5,58.1,55.6,6.0,5.3,5.3,stable
33.6,33.9,32.7,75.3,88.9,83.1,96.8,93.6,95.7,6.1,3.1,4.0,stable
24.8,22.2,24.0,82.9,87.5,82.1,72.7,82.5,80.3,6.2,4.5,3.6,stable
33.1,36.5,38.2,49.3,42.0,45.8,70.0,63.8,65.7,5.0,5.0,5.8,stable
29.1,30.1,29.4,66.1,67.0,65.8,90.9,92.4,92.6,4.0,2.4,3.6,stable
27.6,29.3,30.7,69.4,70.2,66.4,57.8,53.1,56.6,1.5,4.0,3.8,stable
24.7,26.3,24.3,66.2,59.5,61.7,81.0,80.3,87.7,2.6,1.5,1.8,stable
36.5,35.6,33.7,49.5,46.2,51.2,85.2,84.4,86.3,6.6,5.3,5.1,stable
26.9,28.1,31.7,69.8,68.6,73.1,73.5,77.4,76.5,3.8,5.0,3.2,stable
38.5,40.8,41.4,46.6,43.4,46.6,63.7,61.5,59.6,7.8,6.7,7.3,stable
40.0,39.1,41.6,44.7,35.9,38.7,56.1,50.9,52.0,6.4,8.1,8.1,future_heat_stress
26.8,27.5,29.2,84.0,83.5,81.5,58.9,65.9,63.7,2.3,4.3,4.6,stable
41.9,39.3,38.1,22.4,16.4,16.3,20.1,16.5,20.8,8.9,8.8,9.3,future_water_stress
24.2,25.8,26.9,58.9,54.8,59.0,35.5,40.3,37.9,3.6,4.3,4.6,stable
30.9,34.9,35.2,71.5,68.4,68.4,44.8,36.7,39.1,6.9,7.8,6.1,future_root_zone_stress
36.6,35.7,38.8,50.2,57.4,52.8,75.9,80.2,74.3,6.8,5.6,5.9,stable
26.2,28.8,28.2,76.5,72.3,79.6,79.1,81.7,82.7,4.5,2.0,3.7,stable
21.7,23.4,22.3,65.9,71.6,63.9,58.7,61.8,53.9,4.1,3.4,2.6,stable
29.3,29.4,29.7,83.6,72.6,76.5,67.0,71.0,73.2,4.2,2.7,4.0,stable
31.0,31.1,30.6,47.7,52.3,43.3,85.7,85.9,86.0,5.6,6.2,6.1,stable
29.2,32.5,32.7,34.1,24.8,26.1,68.1,54.2,64.0,4.7,1.7,2.5,stable
44.7,44.0,46.5,41.9,38.6,39.3,15.1,18.3,18.9,10.9,9.5,8.6,future_water_stress
37.9,38.8,39.2,42.8,42.4,46.1,56.1,59.9,61.8,9.8,8.8,7.4,future_heat_stress
23.2,24.8,26.9,65.6,56.2,53.7,61.0,64.3,62.1,0.1,1.5,2.5,stable
28.7,30.7,32.1,71.9,62.4,66.1,61.2,63.3,63.3,3.8,3.9,3.8,future_root_zone_stress
29.2,31.5,34.0,55.8,70.2,66.2,100.0,95.7,93.4,1.6,1.8,2.7,stable
24.8,23.1,27.1,76.7,87.4,83.7,56.1,46.0,55.6,5.0,5.2,5.0,stable
31.6,28.8,31.0,80.7,81.2,86.7,59.5,56.6,59.8,4.1,1.4,3.3,stable
30.1,30.4,30.6,63.1,67.5,66.0,72.1,68.9,68.0,4.1,5.5,4.2,stable
33.6,36.9,36.6,46.6,49.8,50.1,60.6,66.2,64.4,4.1,5.3,4.3,stable
28.1,28.5,30.6,69.9,79.5,76.4,64.0,57.0,56.6,3.5,2.7,1.3,stable
23.9,25.5,25.6,72.8,67.2,63.4,58.2,60.4,50.9,1.3,3.3,1.5,stable
40.3,43.8,44.7,41.4,45.2,47.7,34.3,37.0,35.7,6.5,7.7,7.5,future_water_stress
29.6,30.8,32.5,80.4,80.6,85.6,50.6,47.7,48.6,5.7,6.1,3.6,stable
30.5,31.8,29.7,44.7,52.4,48.8,41.7,44.5,47.4,2.6,1.3,3.1,stable
30.7,32.3,34.1,31.5,45.0,35.3,47.0,45.2,48.8,5.8,3.9,4.7,stable
32.1,28.4,33.2,79.2,76.3,78.5,56.6,62.3,64.9,1.1,0.7,3.4,stable
29.2,32.4,31.7,70.3,55.4,60.1,41.3,46.0,44.5,6.6,5.4,6.4,future_root_zone_stress
33.7,35.0,35.2,61.3,57.7,62.5,82.9,79.7,83.8,4.5,4.4,4.1,stable
38.0,37.1,36.1,50.4,47.4,55.4,58.8,57.0,53.5,4.9,6.2,5.5,future_water_stress
30.2,31.1,29.5,53.8,60.0,57.9,65.2,57.3,60.1,5.5,4.9,4.5,stable
23.3,23.7,25.5,62.0,71.2,64.7,61.6,59.7,59.8,2.1,3.8,4.4,stable
29.0,30.0,32.4,63.6,57.4,62.9,47.9,53.5,49.0,4.0,2.4,2.3,stable
29.4,31.8,30.4,73.4,62.6,72.1,73.5,77.9,77.9,4.9,5.2,4.8,stable
32.1,32.7,34.0,43.5,37.7,43.2,56.9,57.4,58.4,10.2,7.4,7.9,future_heat_stress
29.6,32.2,31.6,65.7,64.2,59.8,56.0,57.9,60.9,4.3,4.2,4.1,stable
38.6,39.6,41.3,34.9,32.8,35.6,47.5,43.2,46.4,6.7,5.9,6.0,future_root_zone_stress
34.2,32.5,34.5,41.1,39.2,42.5,66.9,62.4,59.5,5.1,6.1,4.6,stable
29.0,29.5,30.5,62.0,62.5,59.4,42.9,54.9,52.6,5.4,2.8,3.0,stable
38.7,37.3,37.4,45.3,41.6,40.0,94.1,90.1,92.0,4.3,4.8,4.3,stable
25.3,27.9,30.5,40.6,34.9,38.5,72.2,72.8,74.9,2.5,2.8,2.0,stable
37.7,35.4,35.1,40.6,35.1,36.8,46.1,40.2,45.8,10.3,8.3,9.9,future_water_stress
34.3,32.3,33.7,50.3,51.0,48.3,66.2,73.2,74.4,9.5,7.4,7.8,future_heat_stress
30.7,29.3,30.4,53.6,58.9,48.2,51.4,43.3,48.8,3.5,3.9,4.6,stable
31.3,33.3,31.9,80.5,92.1,92.3,64.0,60.7,64.0,4.6,3.0,3.6,stable
22.5,26.7,27.8,77.9,71.6,69.9,35.2,37.8,38.2,5.5,6.2,5.4,future_root_zone_stress
27.9,30.4,31.8,86.5,86.7,86.2,51.5,45.0,50.3,6.8,6.3,7.6,future_water_stress
28.2,28.8,30.9,67.7,64.2,66.0,104.3,102.2,101.5,4.0,6.3,4.7,stable
32.1,30.3,34.2,77.9,72.7,80.6,57.5,60.2,61.0,2.0,1.9,3.5,stable
33.6,32.0,33.7,54.5,57.9,54.8,41.5,38.3,41.2,4.8,4.3,4.9,future_root_zone_stress
28.4,31.2,30.7,74.2,68.9,70.5,84.7,84.7,81.9,5.2,5.9,5.6,stable
27.2,26.6,27.1,48.7,53.5,46.8,44.4,36.3,39.7,6.5,5.2,3.7,stable
34.0,30.4,35.2,30.7,33.8,32.3,51.7,47.5,49.5,6.2,4.4,4.6,stable
27.0,25.1,30.0,79.8,77.2,78.0,70.6,69.7,69.7,4.1,4.1,3.4,stable
35.7,36.2,38.1,52.9,51.2,51.2,45.3,50.9,50.2,7.3,5.8,6.0,future_water_stress
36.9,35.9,37.5,57.9,50.9,51.7,43.5,47.8,49.2,5.6,5.2,6.1,future_water_stress
27.4,26.9,25.1,82.9,83.2,81.5,69.3,79.2,75.8,5.1,7.0,6.4,stable
28.4,28.8,31.1,80.4,76.1,80.7,38.6,37.7,31.1,4.1,4.6,5.8,future_root_zone_stress
30.8,28.7,31.7,85.1,91.3,89.3,41.7,40.7,40.3,6.6,5.5,4.6,future_root_zone_stress
26.3,25.8,24.9,73.3,77.7,68.6,79.8,77.5,77.8,2.6,3.3,3.5,stable
45.3,46.3,46.9,33.6,24.8,28.4,47.0,47.8,42.0,13.2,10.1,11.4,future_heat_stress
29.3,27.6,29.1,39.0,44.2,43.4,76.8,73.8,80.6,2.8,2.1,1.6,stable
25.0,25.5,30.1,76.8,78.9,69.2,92.1,82.3,88.3,3.7,3.4,4.6,stable
39.8,38.8,41.3,47.5,52.6,47.0,64.7,57.4,61.5,7.3,4.0,4.8,stable
27.2,26.3,30.6,66.4,63.8,64.0,62.4,55.4,55.2,2.9,4.4,3.3,stable
40.2,43.5,44.9,7.9,12.7,11.4,56.1,49.5,52.9,9.0,8.6,8.3,future_heat_stress
40.3,42.7,42.2,20.6,17.2,17.3,52.9,53.8,52.6,5.4,6.2,6.1,future_heat_stress
35.9,36.0,34.0,38.4,36.9,35.9,65.8,60.3,59.2,4.0,5.0,3.9,stable
27.1,28.3,28.8,51.8,58.4,55.5,82.3,78.7,80.4,5.4,2.6,3.2,stable
30.9,26.1,29.5,51.3,55.6,56.9,88.9,89.6,88.3,4.2,3.8,5.3,stable
29.1,27.6,27.2,51.6,54.7,55.1,51.0,59.5,58.7,6.3,5.9,5.9,future_water_stress
33.1,31.3,33.5,64.8,65.5,66.0,63.9,64.1,63.1,4.7,1.7,2.4,stable
33.9,34.4,34.2,67.4,68.2,68.3,54.7,59.7,61.2,2.8,3.1,3.0,stable
26.9,27.5,29.7,71.0,68.0,73.2,81.8,88.3,89.1,4.8,4.2,4.4,stable
34.3,34.6,35.1,63.8,60.7,55.4,44.4,46.5,42.3,4.4,6.0,4.8,stable
33.1,34.3,35.1,61.0,60.9,66.7,53.7,53.7,56.2,8.7,5.3,7.0,future_water_stress
24.8,27.1,28.2,59.5,56.0,60.9,36.7,40.9,41.1,3.4,4.5,3.3,stable
34.3,31.7,34.1,62.8,67.5,63.2,51.8,49.4,48.7,2.6,4.0,3.2,future_root_zone_stress
28.9,30.9,30.0,66.5,64.0,65.1,67.9,63.8,60.3,5.6,5.3,4.4,future_root_zone_stress
28.9,29.5,30.1,78.0,78.5,72.8,63.7,68.5,68.0,3.1,5.2,5.5,stable
39.4,38.8,41.7,45.0,45.9,42.6,52.3,54.2,50.3,6.8,5.6,7.0,future_heat_stress
38.3,38.7,37.4,52.3,48.3,52.6,56.2,58.3,59.2,4.7,4.9,5.6,stable
48.0,46.2,46.6,35.2,29.1,34.0,98.0,99.8,93.2,9.6,8.8,9.9,future_heat_stress
25.3,27.8,30.2,84.7,77.9,83.4,75.9,80.5,81.4,3.5,2.9,3.7,stable
29.0,29.5,31.7,60.4,64.1,65.0,52.0,49.3,54.7,3.3,2.4,2.6,stable
27.2,28.0,30.0,51.1,52.3,56.8,75.0,70.9,74.6,1.6,1.4,2.4,stable
26.0,27.7,27.7,84.3,88.9,87.2,27.5,33.3,34.7,3.3,5.9,5.4,stable
32.9,35.3,34.6,54.7,53.8,53.4,58.7,58.3,61.8,4.2,4.3,4.2,future_heat_stress
31.8,32.8,31.6,85.0,81.6,89.0,51.6,53.7,52.6,5.9,4.9,5.4,future_root_zone_stress
36.8,35.1,36.0,40.4,44.2,40.3,72.4,81.8,71.3,5.2,5.4,5.8,stable
24.3,27.9,26.7,51.8,49.5,55.0,78.2,77.9,75.4,6.7,3.8,4.0,stable
21.2,22.8,24.2,82.8,77.8,75.1,65.9,70.7,64.8,2.6,3.8,3.4,stable
37.6,34.5,35.3,71.4,65.1,66.9,39.9,43.8,42.7,5.2,3.3,2.4,future_water_stress
41.1,39.3,41.9,41.6,49.1,51.5,59.4,62.7,62.8,3.2,5.1,5.9,stable
34.0,35.1,36.6,56.4,56.9,57.7,46.9,52.9,47.9,8.3,5.9,6.8,stable
28.8,28.2,31.2,58.9,55.8,53.6,58.0,59.6,63.5,4.2,1.4,2.8,stable
28.5,31.0,32.0,58.8,53.7,49.7,35.0,29.3,35.6,6.8,6.7,6.4,future_water_stress
30.5,32.5,33.5,24.7,21.4,25.5,79.3,78.9,74.5,6.4,6.5,7.1,stable
28.0,29.5,28.7,69.7,66.4,74.3,72.3,75.3,71.4,2.2,2.1,1.4,stable
34.5,33.0,33.2,57.0,67.6,63.7,65.2,67.6,59.4,5.6,7.3,7.5,stable
33.6,33.1,36.5,48.8,60.4,53.1,39.5,42.3,43.2,6.7,8.1,7.0,stable
25.8,28.8,27.1,67.5,72.1,69.0,103.1,97.0,95.8,1.9,1.4,2.8,stable
37.4,37.8,37.8,32.1,32.1,30.6,36.2,31.0,36.3,5.4,6.5,6.3,future_water_stress
26.0,27.7,28.0,65.1,61.5,66.1,96.7,96.5,98.4,3.5,2.4,4.2,stable
29.1,32.1,31.1,51.6,42.8,44.0,45.6,48.7,46.2,6.3,5.7,6.9,future_root_zone_stress
35.5,37.2,35.0,38.9,36.4,35.0,54.1,54.8,52.2,6.3,4.0,4.6,stable
36.8,33.0,35.7,52.7,52.1,44.3,73.5,70.0,67.0,6.3,5.1,6.1,stable
36.6,39.6,39.8,42.6,46.5,45.7,45.0,48.0,41.1,6.6,7.7,8.1,future_root_zone_stress
30.1,28.9,29.8,66.1,59.8,69.4,66.5,61.1,67.9,1.5,2.0,1.7,stable
44.0,41.1,43.1,33.0,28.0,29.1,58.2,61.8,58.8,8.8,6.5,6.7,future_water_stress
25.4,23.3,28.4,85.3,79.7,75.6,49.4,51.5,49.7,5.4,2.6,3.8,stable
26.5,31.7,30.3,59.4,65.2,58.6,48.1,47.4,46.4,3.5,5.2,3.5,stable
31.8,30.9,32.9,66.6,65.7,66.4,87.6,87.8,80.9,1.5,2.7,4.5,stable
32.4,31.8,33.2,59.7,60.4,61.7,83.7,86.8,86.3,5.9,3.7,3.9,stable
35.0,33.1,36.8,82.3,84.7,82.2,59.5,50.5,52.7,7.8,6.2,6.7,future_root_zone_stress
23.9,25.0,27.5,78.8,75.0,77.3,68.8,63.9,64.8,6.0,3.7,3.6,stable
28.9,31.5,29.9,35.5,36.7,34.2,84.3,89.2,90.8,3.7,4.7,6.0,stable
38.1,41.0,39.8,50.3,50.1,46.2,63.7,55.3,55.9,3.1,3.4,4.1,stable
30.8,33.6,34.4,56.5,57.5,51.8,69.4,72.9,67.1,3.3,3.8,2.7,stable
32.7,33.3,34.9,67.5,79.5,72.4,32.8,32.7,33.5,2.3,3.8,2.8,future_water_stress
31.8,34.0,32.4,77.0,88.6,78.5,55.2,61.7,60.3,1.1,1.0,1.5,stable
31.3,28.4,30.9,49.2,50.0,47.9,47.7,48.2,52.0,3.8,4.9,4.0,stable
28.1,25.8,27.9,69.1,81.5,73.5,55.2,58.2,59.3,3.6,3.9,4.2,stable
23.3,25.4,24.2,59.8,53.2,58.8,46.9,54.1,52.6,0.4,3.7,3.0,stable
38.7,37.4,39.8,34.2,39.0,39.4,40.2,48.1,38.5,4.5,4.0,6.2,stable
26.0,25.4,24.7,62.9,67.9,62.9,62.2,59.8,59.1,1.7,2.9,2.3,stable
32.4,29.5,32.9,78.5,81.2,80.2,67.1,66.5,61.9,2.7,0.8,3.2,stable
31.7,33.0,33.1,42.3,47.7,50.7,85.8,81.9,83.5,3.9,4.2,5.0,stable
20.1,21.4,22.1,77.5,82.0,79.0,74.1,71.0,69.8,2.0,3.2,4.3,stable
35.4,34.3,34.5,69.7,64.8,66.1,75.5,78.8,76.9,8.8,6.3,6.9,future_heat_stress
34.2,34.2,35.0,74.6,81.2,80.2,87.4,81.6,84.1,2.1,4.2,2.7,stable
33.1,34.3,33.8,49.4,37.8,42.5,57.3,55.4,60.7,4.3,5.2,6.1,stable
29.7,30.1,28.3,52.5,58.0,48.8,44.7,49.3,52.0,2.9,3.6,3.0,stable
33.5,34.6,34.8,77.9,80.6,79.2,32.1,31.3,31.7,1.4,3.4,4.0,future_root_zone_stress
32.2,30.1,32.7,77.3,68.8,69.6,61.7,61.0,58.7,3.8,4.3,3.6,stable
34.4,35.8,35.2,31.8,30.6,28.8,34.8,43.8,42.5,4.9,5.9,5.1,future_heat_stress
34.4,34.5,38.1,67.1,60.3,59.3,73.9,71.8,67.2,7.2,5.0,7.2,future_root_zone_stress
31.5,33.5,35.4,44.7,48.7,46.1,41.4,39.6,38.9,9.6,10.3,10.0,future_water_stress
36.6,34.0,35.4,50.6,53.1,50.0,64.5,72.5,65.4,6.3,5.2,6.7,future_heat_stress
29.9,29.7,32.4,72.9,67.4,67.3,55.4,54.9,52.0,2.6,3.3,3.0,stable
25.8,29.7,29.8,66.4,78.8,68.7,38.9,40.7,42.7,5.0,4.9,5.1,future_root_zone_stress
35.8,35.4,36.0,52.2,56.7,61.1,51.3,45.7,49.9,5.8,4.4,3.9,future_root_zone_stress
31.4,34.0,35.6,63.4,70.6,65.0,61.3,63.4,68.1,2.3,2.1,2.2,stable
37.7,36.3,37.5,41.6,44.3,41.7,59.5,59.0,63.6,7.8,9.0,7.9,future_heat_stress
32.2,32.4,35.1,69.3,64.9,61.8,50.1,45.7,50.0,6.0,6.6,6.0,future_root_zone_stress
33.5,33.9,36.1,38.1,36.8,39.6,52.8,52.2,51.4,9.6,7.2,8.2,future_heat_stress
35.0,39.4,41.4,34.7,35.2,33.8,13.3,11.8,14.2,11.1,10.3,9.7,future_water_stress
28.2,28.5,27.7,64.5,52.2,53.8,16.7,15.5,20.2,5.7,3.8,5.0,future_water_stress
31.6,31.6,32.3,87.6,88.4,83.9,89.9,85.7,93.7,7.4,5.4,4.9,stable
23.0,23.5,26.8,45.9,53.6,50.7,60.2,53.9,54.6,2.7,1.6,3.0,stable
35.7,36.1,36.8,75.1,70.4,63.8,70.4,75.1,76.6,8.7,9.3,8.2,future_heat_stress
32.9,32.6,35.7,78.0,73.1,73.9,62.1,71.0,67.6,1.5,1.4,1.7,stable
23.2,24.9,23.3,55.6,54.8,57.4,42.4,39.9,45.4,3.7,4.9,4.8,future_root_zone_stress
32.5,30.6,35.4,74.5,66.5,72.9,25.5,24.9,26.1,6.1,6.8,8.1,future_water_stress
23.4,25.3,26.8,72.5,82.2,75.1,77.6,75.3,81.1,4.7,6.2,4.0,stable
32.6,32.4,33.3,65.1,68.3,70.8,56.0,51.9,54.4,1.7,1.4,1.4,stable
34.6,37.1,34.8,36.3,44.6,44.6,48.1,55.0,52.4,8.2,6.7,5.8,stable
24.0,24.0,24.8,78.9,72.6,69.5,63.4,60.3,57.0,2.8,6.1,4.7,stable
41.9,38.2,38.9,28.3,35.7,28.1,58.2,54.5,55.1,5.4,5.4,6.3,future_heat_stress
30.4,31.5,33.8,79.2,77.3,77.4,76.0,72.9,76.8,0.1,2.5,2.4,stable
29.8,29.0,29.6,31.0,40.4,42.2,20.5,21.7,19.6,9.9,8.5,7.6,future_water_stress
30.2,29.6,33.0,86.2,75.4,81.5,87.2,87.6,89.1,4.1,4.8,2.5,stable
22.6,25.6,24.1,56.7,70.4,70.2,83.9,87.6,83.3,4.0,2.5,4.2,stable
19.8,17.7,21.7,84.7,82.0,80.1,54.3,54.5,58.0,0.4,-0.7,0.6,stable
30.6,33.7,32.2,85.1,96.8,90.9,67.6,71.7,73.4,1.6,2.4,3.8,stable
30.2,28.7,31.7,59.4,59.7,59.0,60.4,59.3,60.4,3.2,2.2,1.8,stable
27.4,29.6,29.8,65.2,69.3,70.8,67.7,73.0,70.1,6.5,4.7,3.2,stable
32.6,32.6,35.7,52.0,44.8,42.0,48.7,52.8,49.1,8.6,7.3,8.1,stable
32.3,33.4,34.5,63.5,70.0,65.6,54.2,51.1,52.4,4.5,4.2,3.6,stable
28.7,26.2,26.4,75.2,79.4,74.4,58.5,57.7,62.3,3.1,4.3,3.4,stable
37.3,38.1,38.8,22.8,23.8,22.1,63.1,72.7,67.4,9.1,10.3,7.7,future_heat_stress
31.8,35.1,31.8,22.7,32.8,30.4,75.0,72.6,78.7,5.8,7.7,6.1,future_heat_stress
28.9,25.1,28.6,68.1,60.7,68.5,45.4,59.3,50.6,0.5,2.3,2.2,stable
29.4,32.8,32.5,38.8,35.4,30.5,52.3,53.2,46.7,6.6,6.1,5.4,stable
33.3,31.4,32.5,63.9,62.9,67.3,52.6,51.0,50.5,6.1,6.7,5.5,future_root_zone_stress
25.8,28.2,27.5,71.1,74.5,66.7,45.5,40.7,40.7,5.8,3.0,4.2,stable
25.2,24.9,27.0,53.8,61.9,50.8,72.2,79.8,75.2,5.3,1.5,2.5,stable
40.4,45.6,45.0,31.7,30.8,33.3,49.5,54.9,53.0,1.6,2.7,3.1,future_water_stress
37.3,39.4,41.8,48.3,51.9,44.4,67.7,63.0,63.7,7.8,8.2,6.9,future_root_zone_stress
33.1,33.3,33.5,72.4,75.0,70.4,45.8,53.8,52.3,1.7,2.4,2.7,stable
35.8,38.3,36.5,30.9,37.2,29.3,67.9,62.7,63.3,10.4,10.9,10.1,future_water_stress
27.6,28.3,29.1,55.4,55.9,58.3,41.0,43.8,47.4,8.8,8.5,8.4,future_water_stress
30.4,29.4,30.4,87.6,78.1,77.2,98.2,92.2,96.2,1.3,3.6,3.8,stable
30.8,32.2,30.4,66.2,57.0,56.0,47.3,44.9,45.6,2.1,5.1,3.7,stable
36.6,38.1,37.3,55.6,60.6,58.0,46.4,41.8,49.6,6.5,6.4,6.8,stable
32.1,35.9,34.9,54.4,57.9,56.0,43.3,47.6,47.1,5.0,7.4,6.9,stable
31.9,30.1,29.9,40.0,49.2,52.7,57.3,64.1,58.4,5.2,5.5,5.1,future_root_zone_stress
36.1,34.3,37.4,68.9,63.3,62.9,53.6,55.4,60.4,6.4,7.7,6.3,stable
27.6,29.8,27.9,72.6,71.0,68.3,70.8,75.3,75.9,0.7,4.1,3.8,stable
27.7,26.4,27.5,72.5,67.4,73.1,46.6,49.5,46.5,3.6,2.5,4.2,stable
34.8,32.6,34.7,50.1,43.7,50.7,73.6,63.8,69.4,7.1,6.8,6.5,stable
40.3,39.6,38.8,45.6,51.5,44.0,51.2,57.2,54.7,11.9,10.6,10.0,future_heat_stress
27.7,30.4,30.4,68.7,71.1,74.6,15.3,22.0,18.3,3.7,3.9,5.7,future_water_stress
33.8,35.5,36.6,64.2,62.6,59.4,63.7,60.5,65.4,3.5,5.9,5.7,future_root_zone_stress
40.0,38.2,38.4,73.9,69.8,68.3,80.5,82.5,76.4,5.7,5.8,6.6,future_heat_stress
34.3,34.1,34.0,71.1,69.6,68.5,61.6,66.9,68.2,3.7,3.5,2.2,stable
29.8,30.8,31.5,60.6,66.0,59.8,70.7,71.0,71.1,3.4,3.9,3.6,stable
26.2,26.0,26.2,71.8,70.2,74.0,46.8,48.5,51.1,1.9,1.6,1.9,stable
21.2,23.5,23.2,70.9,61.2,60.6,70.4,73.8,74.7,2.9,2.8,2.1,stable
25.8,26.9,30.3,69.3,63.6,58.9,50.2,52.3,55.9,5.7,5.8,4.9,stable
21.4,21.6,22.0,66.1,77.1,72.0,55.9,50.0,48.6,4.5,3.6,2.3,stable
44.1,43.6,46.1,50.6,45.9,43.6,28.8,28.1,30.2,10.4,9.3,8.6,future_root_zone_stress
24.8,26.4,27.1,84.9,87.2,83.2,64.1,65.1,65.5,4.8,4.1,2.9,stable
27.6,28.2,31.2,64.1,71.9,70.6,49.6,46.6,41.7,2.7,3.9,3.6,stable
36.0,35.3,35.4,53.0,61.4,51.4,90.0,93.5,97.0,5.9,6.7,7.6,stable
34.6,33.5,35.1,54.3,49.8,49.7,80.1,87.8,81.3,6.5,7.2,7.6,future_heat_stress
36.7,33.8,35.3,45.5,44.5,43.6,65.7,55.4,61.3,3.7,5.6,4.9,stable
31.3,32.3,34.2,48.4,52.3,47.2,53.4,45.1,46.3,6.6,5.6,5.6,stable
36.6,34.1,36.2,59.4,56.1,55.0,90.7,88.7,92.4,6.3,6.2,6.1,future_heat_stress
33.2,34.9,35.3,59.8,57.6,62.8,39.6,41.0,37.7,4.6,7.5,8.2,stable
34.2,33.6,36.8,33.2,33.5,33.5,48.0,45.1,48.1,9.6,8.3,9.2,future_water_stress
32.9,31.9,35.2,84.9,75.3,88.0,65.3,64.0,68.1,4.4,2.8,3.4,stable
31.0,33.7,33.1,42.8,42.0,39.6,48.7,47.8,43.0,3.5,6.8,5.5,stable
31.3,33.5,36.3,73.4,59.7,63.6,50.4,53.3,53.1,5.6,5.1,7.0,future_root_zone_stress
37.1,37.9,40.3,62.0,61.6,65.7,76.3,80.3,78.0,5.8,4.1,6.2,stable
27.9,28.4,30.3,70.0,61.6,70.9,81.9,90.3,85.1,4.0,3.2,3.9,stable
35.0,33.8,36.3,59.8,58.3,57.5,89.0,92.2,91.7,4.7,5.4,6.3,future_heat_stress
37.3,40.0,40.9,28.4,29.9,28.9,90.8,91.4,85.0,8.7,7.0,5.4,future_heat_stress
32.0,29.3,31.7,49.0,48.4,55.7,76.8,73.6,76.1,4.1,1.9,1.8,stable
27.0,27.9,26.7,84.9,85.1,80.9,52.4,47.8,55.5,4.9,5.4,3.5,stable
37.4,35.3,37.3,34.1,40.2,36.9,66.7,74.5,69.8,8.4,6.4,7.6,future_heat_stress
44.1,42.5,42.4,35.1,27.3,30.2,21.3,24.0,22.2,7.7,6.2,6.7,future_water_stress
39.4,38.4,40.4,52.8,49.7,50.1,50.2,58.8,52.5,3.6,4.9,5.3,stable
24.7,25.7,25.5,64.3,59.8,55.1,60.0,65.2,61.3,2.3,1.9,3.2,stable
25.8,26.3,29.2,71.0,63.8,73.5,53.1,54.5,52.8,5.3,4.9,3.6,stable
35.3,35.5,38.5,31.4,29.3,32.6,49.1,49.8,50.8,6.6,4.5,4.9,stable
29.9,29.3,31.0,66.6,64.9,62.9,58.2,62.7,61.7,5.7,6.0,5.5,stable
27.4,30.6,32.0,80.9,76.3,77.5,46.1,42.3,40.5,6.5,2.6,5.0,stable
29.5,32.6,33.6,73.7,73.5,71.0,72.9,68.0,71.5,3.5,3.4,3.3,stable
24.5,26.8,24.8,50.8,62.2,54.2,75.1,83.9,78.9,3.2,2.4,4.0,stable
34.1,33.7,32.7,59.6,74.0,63.3,79.8,82.6,77.0,4.9,4.9,4.4,stable
35.4,36.7,36.7,48.0,45.9,46.0,75.2,80.0,73.1,5.5,6.1,5.3,future_heat_stress
28.9,28.9,31.5,55.6,50.2,54.1,79.0,79.1,79.0,0.5,2.7,2.3,stable
27.0,29.0,31.1,36.6,38.8,31.4,70.6,76.0,78.5,6.5,6.5,6.9,stable
21.6,24.9,23.6,64.5,61.2,65.4,73.5,80.9,78.9,5.5,3.7,5.4,stable
24.7,25.5,26.1,56.2,59.5,65.6,57.7,53.0,52.9,1.6,3.6,3.4,stable
32.6,33.9,36.3,65.2,59.8,58.9,46.9,57.8,50.8,4.4,2.7,3.4,future_root_zone_stress
36.0,34.6,35.5,61.2,54.8,58.8,39.4,48.3,48.0,3.4,3.4,3.2,stable
35.3,36.9,38.5,40.7,34.4,38.3,35.0,42.8,42.4,10.2,8.0,7.1,future_root_zone_stress
32.3,30.8,32.8,43.7,43.3,49.4,63.2,59.0,65.8,5.0,6.2,4.7,future_water_stress
32.0,34.9,32.8,69.2,74.3,64.4,51.5,47.6,43.7,3.2,5.6,4.4,future_root_zone_stress
29.7,31.3,32.6,62.2,64.7,63.5,67.8,67.8,65.1,6.9,5.3,6.4,future_heat_stress
27.6,26.0,29.2,72.1,76.1,75.9,95.6,101.1,97.2,0.2,2.7,3.0,stable
24.2,24.5,22.8,48.8,55.2,53.2,68.9,75.6,68.2,5.2,4.0,4.7,stable
34.3,35.7,37.5,66.8,65.8,56.8,71.9,67.4,68.0,3.9,6.7,6.7,stable
37.7,42.1,39.4,60.3,61.3,62.6,77.3,70.6,75.0,7.1,8.6,8.4,future_heat_stress
29.2,27.0,30.7,75.5,84.3,79.2,55.2,64.9,58.9,3.9,5.2,5.3,stable
33.7,32.4,33.3,57.6,52.9,53.6,31.8,30.5,34.8,4.0,4.5,4.6,future_root_zone_stress
24.1,24.3,25.9,79.3,70.6,71.5,39.3,38.5,43.5,1.3,3.4,4.1,stable
30.1,33.6,33.9,78.7,72.7,68.8,67.6,59.3,60.1,3.1,1.7,2.0,stable
30.8,32.6,31.3,92.0,87.6,90.8,87.8,78.4,82.2,5.5,3.4,3.8,stable
36.3,34.8,35.1,57.2,55.6,55.3,56.4,58.0,63.1,7.6,5.8,7.7,stable
46.8,48.2,49.6,24.8,28.2,24.2,78.2,78.3,82.5,7.9,8.2,7.2,future_heat_stress
39.8,39.8,43.2,47.3,41.2,42.6,46.8,53.8,50.7,7.6,7.3,9.3,future_water_stress
36.9,35.8,38.1,55.4,52.7,48.9,40.9,50.4,40.7,6.9,4.5,5.3,stable
30.0,30.1,29.8,78.8,76.3,81.3,64.6,62.9,64.0,4.3,4.0,3.5,stable
37.9,38.5,39.4,55.6,53.2,52.4,59.1,60.4,54.2,4.3,4.6,3.8,stable
32.3,30.3,28.9,60.1,66.0,65.7,17.5,23.4,21.8,7.2,8.6,7.1,future_water_stress
21.1,25.8,23.3,83.8,81.7,82.7,90.8,83.8,87.0,2.7,4.0,3.2,stable
24.4,26.4,27.1,63.2,65.6,67.6,39.2,45.9,49.6,5.1,3.3,4.9,stable
25.0,22.6,26.5,54.1,53.5,54.8,44.6,40.2,49.0,4.9,3.2,3.1,stable
35.2,35.7,35.2,51.6,45.1,48.8,94.7,100.2,98.0,3.5,7.7,7.1,stable
34.7,34.2,34.1,50.3,43.9,46.3,53.3,47.8,51.0,5.8,6.4,6.6,stable
32.5,33.4,33.4,46.8,46.4,42.6,67.9,68.1,67.2,4.8,4.3,3.6,stable
34.5,35.4,34.5,68.9,70.7,68.4,77.8,78.5,80.4,4.9,4.4,3.6,stable
28.6,27.0,30.3,58.0,58.3,58.8,83.3,71.6,75.0,6.7,3.4,4.1,stable
34.1,35.0,34.8,81.7,70.8,80.2,32.5,31.3,31.7,6.0,6.0,4.8,future_root_zone_stress
31.0,32.0,33.6,52.9,61.6,58.9,72.7,60.9,63.1,6.2,4.9,5.1,future_root_zone_stress
31.0,31.8,32.1,79.3,81.3,82.1,64.4,60.3,66.7,2.7,4.0,5.1,future_root_zone_stress
34.3,34.0,34.7,47.7,53.3,54.3,57.6,49.9,54.0,5.0,5.4,5.7,stable
26.8,29.3,26.9,75.1,67.6,71.1,78.0,73.9,80.8,2.6,3.7,3.6,stable
32.9,33.6,33.1,49.5,46.2,46.8,56.5,53.8,55.5,4.7,5.8,3.7,stable
26.8,29.1,30.1,52.6,59.3,54.4,47.2,42.7,47.1,2.4,3.4,3.6,stable
32.3,30.8,33.8,77.6,74.5,78.2,74.7,76.5,74.0,2.1,3.6,3.6,stable
35.3,34.1,36.0,67.4,61.7,63.2,58.9,67.3,63.0,4.1,4.1,4.5,stable
31.5,32.2,34.6,43.3,53.4,46.2,37.0,42.8,41.9,2.9,2.8,3.5,stable
24.5,22.3,26.4,64.3,66.1,64.5,73.8,78.3,70.8,4.2,3.9,5.2,stable
34.9,34.2,33.5,35.0,39.5,43.2,39.0,37.5,39.0,6.2,6.5,7.8,future_water_stress
31.1,28.3,30.1,65.1,65.1,67.2,77.7,73.8,71.2,2.7,5.2,3.7,stable
35.9,35.9,36.7,60.7,58.3,53.0,60.0,51.7,55.7,7.7,7.9,8.3,future_heat_stress
46.8,49.7,47.7,17.5,20.0,21.7,75.4,69.4,71.6,11.7,11.3,10.7,future_heat_stress
24.7,26.6,27.9,69.8,74.9,77.8,44.0,47.6,42.5,10.4,8.6,8.2,future_root_zone_stress
25.9,26.6,28.5,76.2,69.8,79.6,77.3,74.5,70.3,4.9,1.2,2.9,stable
35.3,38.9,39.6,48.9,61.0,60.5,48.8,47.5,47.7,8.4,8.3,8.2,future_heat_stress
29.5,32.5,34.8,40.0,39.9,44.5,69.7,74.5,70.4,6.5,4.5,5.6,stable
45.0,41.1,44.1,27.7,28.7,26.4,59.5,67.9,61.0,11.4,13.0,11.0,future_heat_stress
24.7,23.7,25.0,76.5,77.3,77.6,69.1,74.9,69.9,2.8,4.5,3.8,stable
31.8,33.0,34.1,38.0,40.1,44.3,81.3,81.3,80.7,9.5,8.7,7.9,future_heat_stress
26.3,25.6,28.1,69.1,66.0,61.3,70.3,70.3,68.0,2.3,4.4,4.5,stable
30.8,29.7,30.6,43.9,37.3,38.8,36.4,39.3,38.4,6.1,8.7,8.2,future_water_stress
24.0,26.5,24.5,72.6,73.8,74.2,52.5,51.9,54.2,2.2,3.2,3.0,stable
25.2,27.7,26.6,88.8,86.0,86.8,58.9,57.4,62.2,3.9,2.0,3.1,stable
21.7,22.2,23.5,76.8,68.6,73.7,57.7,56.8,54.9,10.2,6.5,7.5,stable
27.9,25.7,27.6,67.6,68.6,67.4,90.1,89.5,90.3,0.9,0.6,1.1,stable
25.2,22.6,23.3,53.4,58.6,51.9,75.1,68.1,70.7,3.1,3.6,4.2,stable
29.4,29.2,29.1,76.4,65.8,74.5,52.9,63.1,64.7,4.5,4.3,5.8,stable
23.3,25.9,25.1,49.7,45.0,45.7,37.4,43.8,41.0,5.5,2.7,3.7,stable
37.2,39.9,36.4,34.0,37.8,42.1,53.5,55.7,55.4,8.4,8.2,8.4,stable
34.4,37.6,37.1,45.4,48.0,50.6,67.3,72.2,65.7,6.1,5.4,5.4,future_heat_stress
24.5,23.7,24.9,50.3,55.0,58.0,74.5,75.5,73.7,4.5,5.3,3.9,stable
25.0,24.7,25.5,64.7,53.5,61.2,44.0,47.9,46.1,2.8,3.8,4.1,stable
38.3,36.4,39.9,73.0,71.7,70.9,66.7,64.6,65.3,6.7,8.3,6.3,future_heat_stress
27.0,27.2,27.7,62.5,52.4,56.5,62.7,58.3,55.2,2.4,2.7,2.2,stable
35.9,36.7,35.2,43.7,32.6,36.5,50.5,47.5,50.9,9.6,9.5,8.7,future_water_stress
24.8,28.6,27.9,80.6,76.5,72.5,60.6,65.2,62.4,5.5,4.2,2.6,stable
23.9,24.6,25.9,72.4,76.9,69.5,53.4,49.9,48.5,6.1,4.8,4.7,future_root_zone_stress
35.0,34.6,35.0,59.7,59.2,66.7,44.6,47.5,42.1,3.8,5.7,5.4,stable
32.4,31.5,35.3,69.8,58.4,63.9,70.8,64.0,67.2,1.0,5.0,4.2,stable
26.5,29.3,26.7,52.4,57.4,57.6,71.8,73.0,67.2,4.4,4.3,4.9,stable
33.0,32.5,31.6,52.6,44.3,46.7,55.1,52.1,55.3,9.8,8.0,7.4,future_water_stress
31.2,31.9,33.7,76.7,75.2,75.1,62.4,64.9,61.8,3.4,3.6,4.0,stable
30.3,30.2,30.7,73.6,76.5,76.5,79.1,76.9,82.2,2.3,4.0,2.1,stable
25.0,29.8,30.8,47.6,39.6,38.2,71.6,70.5,62.6,5.0,4.3,4.2,stable
26.9,26.9,27.7,47.7,50.8,51.1,46.4,44.3,41.6,5.6,5.4,4.1,stable
31.9,32.5,34.5,69.9,61.4,63.4,43.5,49.5,47.0,4.1,2.9,3.6,stable
34.1,33.5,35.4,54.5,57.0,59.1,75.2,70.4,68.9,4.7,6.7,7.0,stable
25.3,22.4,23.0,66.1,58.2,59.6,53.7,46.8,48.5,4.5,3.4,4.1,stable
29.7,31.7,30.3,54.8,53.5,57.2,44.1,41.0,45.7,4.8,7.3,6.5,future_heat_stress
32.3,32.2,31.8,42.6,40.0,43.4,47.8,45.9,51.6,5.2,5.9,4.7,stable
23.0,25.5,24.8,82.2,77.8,84.2,56.1,61.4,57.9,4.8,0.1,1.1,stable
43.4,40.9,45.0,32.1,43.1,36.7,79.3,80.1,78.9,10.1,8.7,9.0,future_heat_stress
26.8,27.1,27.4,72.0,73.6,71.2,55.7,65.8,60.3,3.3,1.4,2.7,stable
37.7,42.1,42.1,8.9,9.0,19.5,84.1,89.8,84.5,9.5,9.3,8.9,future_heat_stress
35.7,34.5,35.1,55.9,57.6,61.2,69.6,67.3,73.0,4.5,6.0,6.7,stable
28.4,29.9,26.8,34.4,39.3,39.6,73.6,74.7,77.6,7.1,6.0,5.7,stable
43.6,44.3,46.8,35.9,38.3,33.1,66.6,68.4,75.1,9.3,9.8,9.9,future_heat_stress
40.0,40.0,38.1,64.4,63.4,56.4,37.2,35.7,36.0,6.3,4.9,5.9,stable
34.8,36.1,34.5,60.3,56.1,60.4,77.7,77.5,74.1,5.3,5.4,5.9,future_heat_stress
34.8,34.2,34.5,51.9,40.1,42.4,76.0,73.9,77.1,7.0,6.7,6.5,stable
25.6,26.4,28.0,85.2,88.1,80.3,85.9,82.9,89.2,2.7,3.5,4.4,stable
29.7,28.4,28.5,63.0,59.2,60.8,50.3,55.3,55.5,3.5,2.6,2.9,stable
40.4,41.3,40.5,42.7,38.9,33.0,40.2,39.6,39.0,5.1,7.1,6.7,future_root_zone_stress
31.9,28.2,30.4,44.7,50.4,50.2,34.7,35.2,36.1,7.7,6.3,7.2,future_root_zone_stress
27.3,27.9,30.1,68.3,68.0,70.8,41.8,39.2,40.5,2.4,1.8,1.5,stable
45.6,44.9,47.4,39.9,32.8,35.8,62.7,63.2,69.7,10.2,10.3,11.3,future_heat_stress
36.8,34.5,38.5,54.7,55.0,53.4,64.4,60.8,67.2,4.1,5.4,4.6,stable
33.3,35.5,33.4,64.3,58.5,54.7,74.0,75.1,78.0,2.5,1.8,2.5,stable
31.6,29.3,28.8,57.8,62.7,60.7,51.7,59.3,57.5,3.4,3.8,3.8,stable
35.8,32.8,36.6,39.5,40.7,36.6,48.9,39.2,44.3,5.4,5.2,4.8,future_water_stress
34.4,29.9,34.5,46.2,47.3,49.5,73.8,77.9,74.7,7.6,7.0,6.7,stable
45.5,43.6,43.6,65.7,59.7,62.4,85.4,87.5,85.9,6.4,4.4,6.4,stable
30.5,27.6,29.8,60.3,60.7,55.3,51.8,51.8,56.4,3.6,4.6,3.7,stable
33.1,35.1,33.8,31.1,29.4,35.8,28.3,21.5,21.9,8.2,10.4,9.7,future_water_stress
33.3,34.2,33.3,59.2,62.9,62.4,85.9,90.4,87.3,1.2,2.7,2.6,stable
31.2,31.3,33.4,53.9,59.5,57.7,48.5,43.5,49.1,2.5,3.4,4.3,stable
31.7,36.1,34.7,35.6,33.9,30.0,46.9,46.7,46.2,5.5,4.5,4.0,stable
30.5,32.6,34.3,68.4,66.6,59.4,92.6,100.0,98.7,5.0,3.6,3.1,stable
22.0,24.6,24.8,61.3,54.8,55.1,62.2,57.3,58.3,5.8,4.6,4.7,stable
25.4,26.2,27.8,49.9,58.5,59.9,51.7,50.4,47.4,3.7,5.3,4.0,stable
33.7,35.0,36.4,43.9,49.5,44.9,41.7,37.3,40.2,4.4,2.5,3.2,stable
34.9,34.9,33.9,75.3,81.4,75.3,58.7,58.5,54.5,1.6,4.3,2.5,stable
27.6,30.9,31.4,65.8,68.5,69.8,45.8,39.3,36.5,6.6,4.7,4.5,stable
35.6,35.8,37.1,50.0,48.4,47.8,39.2,41.8,34.4,8.2,8.3,8.0,future_water_stress
32.4,30.7,34.3,43.8,42.6,45.4,60.5,55.8,59.2,5.1,6.0,6.0,future_heat_stress
25.6,28.0,25.1,68.4,60.5,67.3,48.4,47.5,43.4,3.4,3.4,3.7,stable
28.7,29.6,31.0,64.9,63.3,56.6,40.7,40.2,43.3,5.2,4.0,5.4,future_root_zone_stress
32.3,37.2,38.6,38.6,33.2,39.1,70.4,66.8,69.3,4.9,3.7,4.1,stable
32.6,32.2,31.5,38.8,42.1,40.2,76.5,70.3,73.9,5.4,5.3,6.3,stable
49.0,47.7,48.6,45.4,40.8,43.0,73.8,70.7,70.4,10.1,8.7,8.4,future_heat_stress
27.1,27.4,28.2,71.5,66.4,63.7,75.2,75.6,75.2,3.8,2.7,2.4,stable
39.3,36.6,41.0,70.5,69.0,69.4,58.8,60.5,56.0,7.8,6.1,4.5,future_root_zone_stress
36.0,34.2,35.0,56.7,57.6,57.3,68.0,72.6,73.5,5.4,8.1,6.6,stable
29.7,26.7,29.5,96.3,91.5,97.0,85.4,77.1,80.5,1.1,2.7,3.0,stable
20.1,23.8,23.9,51.6,57.8,58.2,60.8,61.0,54.7,3.2,3.9,2.5,stable
36.6,37.0,35.2,58.0,60.9,59.2,61.1,61.9,60.8,5.1,5.5,5.2,future_root_zone_stress
30.6,31.7,35.3,49.6,50.9,57.1,66.0,67.7,65.1,6.9,4.8,7.6,stable
24.2,27.4,27.5,89.7,88.6,87.1,62.4,59.8,61.4,3.8,4.5,2.1,stable
25.8,26.4,29.2,71.6,76.6,75.2,62.8,73.6,73.1,6.7,4.6,4.1,stable
35.3,34.6,36.5,59.2,52.2,55.7,79.2,81.5,84.9,5.6,6.2,5.4,stable
25.4,26.7,25.2,60.8,58.9,59.5,49.8,46.6,47.9,9.5,9.9,9.8,future_water_stress
30.8,34.3,34.7,32.3,33.9,36.9,50.4,42.1,45.2,6.5,8.4,7.6,stable
26.5,29.7,31.6,45.1,45.5,51.1,48.6,43.4,47.3,2.5,5.8,3.9,stable
32.5,34.2,34.5,28.4,28.9,31.3,62.1,59.0,62.5,9.1,5.5,6.1,stable
32.3,33.8,32.2,78.1,76.6,80.2,73.0,73.8,71.1,2.5,4.4,2.4,stable
27.5,23.6,28.9,72.9,77.9,68.2,45.9,46.4,45.8,6.6,4.5,6.6,future_root_zone_stress
25.3,26.0,25.8,66.4,72.2,70.0,77.7,78.8,76.9,2.3,3.4,1.8,stable
32.5,33.8,35.2,64.8,67.1,63.6,64.3,77.8,73.1,1.1,3.0,3.2,stable
27.4,31.5,30.4,60.4,59.3,62.0,84.3,81.7,86.3,9.0,8.8,7.3,stable
38.4,38.5,39.6,60.3,67.1,66.9,34.2,42.5,34.0,3.7,4.8,4.7,stable
28.0,29.1,31.5,76.9,74.1,72.0,67.6,75.4,72.0,4.9,3.3,4.2,stable
40.4,40.2,41.5,42.1,52.9,51.4,49.9,46.6,47.9,7.8,9.8,7.3,future_water_stress
35.1,33.8,33.4,53.4,48.9,53.0,28.6,36.8,33.2,4.7,6.1,5.5,future_water_stress
35.2,33.0,34.9,50.7,53.5,46.2,54.2,52.9,54.9,7.1,4.8,4.6,future_heat_stress
31.4,34.6,33.6,54.3,54.6,51.5,67.4,72.0,68.6,7.8,6.1,5.0,stable
33.3,32.1,34.6,86.0,82.2,77.0,78.7,78.5,86.9,1.6,2.4,2.0,stable
29.0,32.6,33.1,55.8,57.5,60.0,47.6,48.7,53.1,5.6,4.3,4.2,stable
32.6,30.3,31.0,69.4,67.7,58.1,69.1,75.1,73.4,5.6,6.5,6.5,stable
35.2,33.7,35.1,39.3,35.3,27.0,55.3,56.2,51.4,3.7,4.4,4.5,stable
30.6,32.5,34.1,68.6,62.9,70.1,85.3,78.6,87.2,1.5,2.4,3.2,stable
27.1,29.2,27.4,55.5,54.5,57.8,71.7,77.4,72.3,4.9,4.6,3.8,stable
19.5,17.7,21.0,57.9,59.5,62.6,79.3,71.3,73.8,1.2,3.8,3.9,stable
29.8,30.8,31.9,87.1,92.2,88.4,69.8,61.3,68.1,5.0,2.9,4.0,stable
32.6,30.1,31.9,54.2,51.6,50.1,61.8,63.0,60.8,5.6,4.0,3.4,stable
32.9,36.6,35.2,53.9,59.2,49.8,68.0,61.8,67.6,7.4,5.9,7.0,future_heat_stress
31.8,33.1,33.0,61.9,58.7,63.7,57.9,49.4,54.5,5.4,5.0,5.1,future_root_zone_stress
32.6,30.9,33.0,50.5,55.3,55.6,50.2,57.7,54.3,7.7,7.4,6.5,future_water_stress
33.2,32.1,35.3,31.2,17.6,30.1,79.2,75.5,78.2,5.7,6.4,7.5,future_heat_stress
26.9,27.0,28.6,48.6,55.7,48.5,48.3,40.6,43.3,3.3,3.3,1.9,stable
28.3,27.6,28.3,64.4,68.9,71.6,68.3,67.7,64.2,2.0,2.7,4.4,stable
37.4,41.2,38.9,20.9,27.0,32.1,61.1,61.6,61.2,10.5,10.7,12.0,future_heat_stress
22.4,21.1,24.4,62.2,59.4,62.2,52.7,48.2,45.8,4.5,7.3,6.7,future_root_zone_stress
30.6,31.0,32.6,49.6,54.4,46.4,62.9,69.7,62.1,6.1,5.1,4.6,stable
32.7,33.5,33.9,54.3,61.5,60.4,49.6,48.9,51.1,4.1,4.3,5.3,future_water_stress
31.6,31.0,31.7,68.8,64.6,62.0,68.0,68.2,72.2,2.1,3.4,1.9,stable
35.1,39.0,37.8,35.7,42.8,40.6,57.8,57.8,57.9,5.6,6.4,6.8,stable
30.0,29.3,31.5,53.9,52.2,51.9,65.7,71.1,63.1,1.9,2.4,4.0,stable
25.0,27.0,28.6,60.4,66.6,62.5,59.1,64.4,68.0,1.6,3.1,4.0,stable
26.8,30.0,28.5,81.0,72.9,77.1,91.1,96.5,93.2,1.4,3.4,1.9,stable
33.9,36.1,37.5,42.5,45.2,39.0,94.3,84.7,90.4,4.7,5.6,6.1,stable
31.4,32.0,33.0,57.4,63.4,59.6,55.3,55.7,51.4,3.1,4.2,3.8,future_root_zone_stress
37.9,38.8,42.8,57.6,57.3,57.9,68.9,69.5,70.0,4.2,6.1,6.1,future_heat_stress
27.2,31.0,32.7,51.5,60.3,58.0,95.1,86.1,86.8,0.7,2.5,3.0,stable
25.7,29.2,30.5,48.0,57.2,58.4,74.8,68.4,74.8,1.7,3.9,4.2,stable
30.3,31.8,34.0,60.0,63.8,52.8,49.8,56.0,55.8,3.6,4.3,4.3,stable
33.9,33.5,33.9,44.7,41.6,45.4,66.0,67.7,64.2,4.4,4.9,4.7,stable
32.2,30.8,32.7,68.9,71.8,70.8,82.6,77.1,80.7,3.0,3.2,2.5,stable
32.8,31.0,33.0,45.2,47.4,52.0,57.3,56.7,59.6,6.2,4.7,6.2,stable
38.2,38.5,38.5,32.4,41.7,38.2,71.7,69.4,65.3,2.2,4.5,4.2,stable
27.7,27.2,28.8,49.5,36.7,45.5,71.8,69.6,72.9,2.9,1.9,2.6,stable
26.5,28.6,28.8,46.5,42.0,54.6,53.5,61.5,56.6,2.2,2.9,2.4,future_root_zone_stress
29.9,29.4,31.8,45.9,45.1,53.8,49.7,55.6,56.8,2.7,2.8,1.3,stable
25.7,27.3,29.6,80.1,85.8,78.7,82.0,86.9,88.8,4.6,2.2,3.8,stable
37.1,38.5,39.7,56.5,57.2,53.9,59.4,53.9,57.2,5.8,5.7,4.2,future_heat_stress
43.4,43.4,45.6,18.9,23.9,20.2,65.4,65.2,69.1,6.3,9.3,7.7,future_heat_stress
34.1,31.1,34.2,26.1,26.1,20.1,61.8,52.0,61.9,5.3,7.2,6.8,future_heat_stress
28.0,26.5,28.1,56.1,55.7,58.6,64.8,64.4,64.4,2.4,3.2,4.0,stable
22.1,25.4,25.2,72.7,74.2,71.5,89.5,86.7,85.3,4.0,4.6,3.9,stable
26.2,27.1,30.2,68.9,67.9,66.3,83.9,78.3,80.4,-0.2,0.8,1.4,stable
35.0,37.0,39.4,69.3,59.2,65.2,56.1,60.4,56.3,4.6,6.2,5.6,future_heat_stress
33.8,32.4,34.8,34.5,31.3,31.3,84.1,77.8,76.3,11.6,12.8,11.7,future_heat_stress
32.7,34.5,35.1,66.3,64.3,67.7,56.4,51.4,57.0,7.1,6.8,6.5,future_water_stress
39.1,38.9,39.1,38.2,38.1,40.8,22.5,29.9,23.1,6.4,8.7,7.9,future_root_zone_stress
35.7,34.0,37.0,60.3,58.3,58.4,50.4,53.7,48.3,8.1,6.6,7.3,future_root_zone_stress
27.4,27.5,29.3,75.0,75.4,77.1,63.2,61.7,58.2,5.4,4.2,4.0,stable
29.9,30.0,31.6,62.2,64.0,58.1,52.6,55.9,58.0,4.9,3.9,5.1,stable
35.4,37.6,35.5,55.4,59.7,56.3,51.7,50.3,57.4,2.8,4.0,3.0,stable
30.4,30.9,28.1,64.4,57.3,59.8,82.8,80.1,78.4,4.9,3.9,3.8,stable
34.5,34.1,32.2,45.3,49.2,49.0,89.0,84.7,86.3,9.4,10.0,8.9,stable
35.6,36.9,37.2,28.7,32.1,35.0,79.6,72.0,72.6,5.3,6.0,6.0,future_heat_stress
29.5,30.2,30.3,73.3,73.3,67.4,26.6,32.8,33.3,9.6,8.6,7.6,future_root_zone_stress
26.5,27.2,28.9,69.0,58.1,61.8,72.5,78.0,80.7,1.5,2.7,3.9,stable
28.8,27.2,29.3,45.3,50.8,44.0,77.2,74.6,75.1,2.8,5.5,3.6,stable
38.1,36.6,40.4,66.6,68.1,64.2,37.3,42.5,37.8,4.8,6.6,7.1,future_heat_stress
24.1,25.7,24.2,49.6,55.7,48.8,20.9,10.8,13.6,6.4,4.7,4.7,future_water_stress
35.0,36.6,36.2,48.7,51.2,54.8,87.9,88.5,90.0,8.1,6.1,7.0,stable
27.4,30.3,30.6,36.7,40.6,42.3,78.5,75.2,76.9,2.7,4.8,5.5,stable
30.1,27.6,28.7,63.1,61.4,58.7,95.3,90.0,92.2,6.5,4.2,5.1,stable
34.3,34.0,37.3,41.4,40.3,38.0,74.7,77.4,71.9,6.8,5.5,6.6,stable
32.6,34.8,33.3,46.9,48.8,54.7,63.3,65.1,63.5,8.3,7.6,7.0,stable
38.4,38.8,38.1,33.7,46.3,32.8,89.8,94.4,88.6,2.9,4.2,5.9,stable
34.1,32.2,34.1,48.2,37.6,45.1,100.2,95.9,101.3,9.9,7.1,6.6,future_heat_stress
37.2,39.7,40.4,50.6,48.6,47.6,75.1,71.5,74.0,8.3,7.1,6.9,stable
31.1,33.5,35.2,84.4,74.5,81.9,98.9,103.3,95.1,5.4,4.9,4.7,stable
30.1,34.8,35.0,75.1,71.0,66.9,40.1,49.2,46.1,2.1,2.7,3.3,future_water_stress
24.8,25.6,28.6,75.9,76.0,73.8,78.9,71.6,71.2,1.0,4.3,4.4,stable
33.9,29.8,31.2,70.1,60.8,64.2,34.6,38.7,39.4,4.4,5.1,6.7,future_root_zone_stress
30.1,32.6,33.8,51.5,48.0,45.8,44.4,42.7,44.1,4.2,5.1,4.1,stable
37.0,35.2,35.5,64.3,64.7,62.5,69.6,71.9,69.9,7.0,4.8,6.4,stable
26.8,25.4,29.2,49.5,53.2,53.7,65.0,61.8,60.8,4.5,2.1,4.0,stable
27.2,27.5,30.5,74.0,75.2,72.7,65.5,60.5,63.6,5.8,4.4,6.6,stable
34.1,37.4,37.2,51.0,50.5,49.5,80.5,83.3,82.2,3.6,3.8,2.6,stable
33.4,37.6,38.4,49.8,51.8,48.1,33.6,31.0,27.3,3.9,4.4,5.2,future_water_stress
30.7,29.9,31.4,61.8,60.5,59.0,61.1,65.7,62.8,3.4,5.3,5.6,stable
23.2,25.1,24.0,60.6,61.1,56.9,57.8,56.1,61.6,5.0,2.9,4.6,stable
24.1,22.8,23.4,46.0,56.0,51.5,50.3,58.2,53.8,3.0,3.1,2.4,stable
26.8,29.0,27.0,74.1,71.5,67.1,63.9,63.1,67.5,3.7,3.3,2.8,stable
35.0,32.8,34.9,73.2,69.6,69.3,66.4,61.5,62.2,3.5,2.5,3.3,stable
26.0,26.9,30.7,80.3,72.4,71.7,78.4,73.1,70.3,5.0,5.0,4.2,stable
31.4,31.3,35.6,38.8,34.1,35.8,48.5,53.1,53.7,6.5,7.7,7.0,stable
34.9,33.3,36.1,36.2,34.3,41.9,80.8,76.6,76.0,4.9,4.2,3.6,stable
36.9,36.2,37.2,39.6,41.5,39.3,70.7,63.0,65.5,5.0,5.7,6.5,stable
34.0,37.8,36.7,61.1,47.1,57.0,73.5,75.1,69.1,2.0,4.9,4.7,stable
30.1,29.8,30.3,58.6,62.2,66.1,60.5,56.3,60.5,5.3,7.3,6.7,future_root_zone_stress
38.2,38.5,39.8,44.2,41.8,41.0,76.5,86.1,79.0,7.8,8.0,7.1,stable
42.3,38.7,41.9,24.3,25.2,25.4,57.4,60.2,64.5,4.2,5.8,4.6,stable
23.5,25.3,26.6,56.3,54.3,51.4,60.6,67.9,64.6,5.8,5.0,4.2,stable
34.3,32.9,34.9,71.8,54.2,62.5,70.2,72.2,76.3,4.9,3.5,3.3,stable
33.4,32.9,35.1,60.1,63.3,54.6,62.7,60.0,55.8,4.0,7.4,6.6,stable
25.1,22.9,26.2,64.4,70.0,68.7,60.1,52.8,60.2,2.3,3.2,3.6,stable
23.6,23.3,23.6,55.2,65.0,57.1,50.7,50.0,51.4,0.9,3.1,2.6,stable
30.3,27.4,30.5,75.5,69.9,76.5,53.6,55.4,51.7,-0.2,2.8,2.8,stable
26.5,26.5,25.3,55.8,63.4,64.1,86.7,87.5,79.8,0.1,3.1,2.9,stable
41.7,42.6,43.6,44.8,51.8,43.2,67.5,58.7,63.0,4.2,5.6,4.3,stable
38.5,40.0,42.3,38.2,46.5,39.9,44.7,43.2,43.3,8.9,7.5,7.9,future_root_zone_stress
25.4,26.3,26.2,51.0,53.2,51.9,71.6,70.2,67.2,1.8,4.9,5.2,stable
33.9,35.0,32.2,54.2,60.5,51.9,62.2,58.3,59.0,3.8,5.3,6.6,future_root_zone_stress
30.4,29.9,32.3,63.4,60.6,61.3,69.7,74.8,78.1,2.7,1.7,3.1,stable
26.7,29.0,31.7,51.0,61.3,58.3,76.5,73.4,69.9,2.0,5.1,4.2,stable
34.6,37.0,35.8,51.8,58.4,58.3,35.4,34.7,30.1,7.0,6.7,7.7,future_water_stress
33.8,35.6,35.9,54.4,58.2,51.5,61.4,53.0,57.6,2.9,3.7,4.6,stable
38.0,37.4,37.9,88.5,87.7,92.6,50.8,54.1,54.2,6.3,4.5,4.6,future_root_zone_stress
39.4,39.0,40.1,65.5,71.4,63.3,56.5,48.2,53.3,6.1,6.2,8.2,future_water_stress
39.2,42.8,41.0,31.8,39.0,36.9,61.3,62.1,67.5,4.4,5.2,5.7,future_root_zone_stress
41.4,39.5,44.0,31.8,39.6,35.9,71.8,72.0,69.3,4.0,6.3,5.7,future_root_zone_stress
33.2,35.6,33.8,35.0,37.0,40.5,45.2,48.6,46.8,6.4,6.0,7.7,future_water_stress
37.3,37.8,40.6,37.0,38.8,30.6,56.8,59.2,58.0,5.3,7.1,6.5,stable
37.8,38.7,36.3,44.0,50.6,50.6,64.1,64.4,59.9,3.0,5.2,4.5,stable
37.9,40.8,38.9,48.1,48.2,51.7,87.8,81.7,85.2,11.8,10.0,9.4,future_heat_stress
29.9,31.7,29.9,89.2,83.9,79.7,89.3,81.1,87.8,3.6,2.9,2.9,stable
35.1,35.3,33.7,54.0,59.2,59.5,58.5,61.3,58.2,7.4,6.1,5.5,future_root_zone_stress
27.9,29.7,27.0,52.7,51.8,53.4,58.9,57.4,51.5,2.5,5.1,4.5,stable
29.5,31.1,32.6,74.2,81.9,75.9,59.0,63.5,60.4,3.4,2.9,3.6,stable
33.2,33.4,35.2,70.0,75.9,71.0,32.6,41.3,41.9,6.2,4.7,6.5,future_root_zone_stress
28.5,29.3,29.6,80.7,78.4,77.3,70.6,67.5,71.4,6.5,3.2,4.5,stable
40.9,38.7,38.9,48.9,52.0,58.4,76.7,79.0,78.7,7.8,10.2,9.6,future_heat_stress
29.1,30.6,27.7,65.8,62.6,61.3,52.2,50.3,49.4,1.8,2.0,3.3,stable
25.8,29.7,30.1,48.9,58.9,53.3,83.3,83.3,84.7,4.9,2.5,5.0,stable
34.4,34.5,35.3,35.1,38.9,42.5,32.0,27.1,29.9,3.2,5.7,6.7,future_root_zone_stress
29.3,28.6,33.2,66.8,68.7,68.5,51.3,46.5,49.6,4.7,6.2,6.0,future_root_zone_stress
25.5,26.3,28.1,67.2,73.4,65.4,49.5,52.5,53.1,0.0,2.9,1.3,stable
41.2,43.2,45.0,15.8,8.3,13.4,43.9,38.0,45.9,7.6,9.7,9.4,future_heat_stress
35.6,36.9,39.0,40.2,44.7,42.0,69.7,74.4,71.2,4.5,5.4,4.9,stable
37.4,38.9,37.9,56.3,51.8,46.7,52.9,55.9,51.9,4.4,7.1,6.8,future_heat_stress
36.3,36.9,36.4,33.1,45.4,35.7,62.1,52.8,55.9,6.6,8.3,7.0,stable
33.0,36.7,34.3,41.3,28.7,31.0,46.3,44.8,42.3,6.9,8.5,6.9,stable
29.8,28.0,30.6,96.4,95.9,89.3,65.3,66.8,67.6,2.7,2.1,2.4,stable
26.8,30.8,31.0,50.4,50.6,53.2,20.9,23.2,28.5,8.9,8.3,6.1,future_water_stress
39.0,38.9,40.4,40.9,45.1,45.7,34.3,39.5,37.0,6.6,5.3,6.8,future_water_stress
27.9,28.3,29.2,89.5,93.4,94.2,73.6,71.2,70.5,6.0,4.3,5.1,stable
27.7,27.9,32.0,79.2,78.6,74.0,60.3,69.6,69.9,5.4,4.1,2.8,stable
36.4,38.9,39.5,56.6,55.9,53.4,49.1,57.9,57.6,5.2,4.4,4.7,stable
22.4,21.0,22.0,54.0,58.7,64.6,47.5,48.1,47.7,5.8,4.0,3.6,stable
30.1,30.9,31.8,71.6,69.2,65.2,39.0,45.5,43.6,2.1,2.2,3.0,stable
35.0,35.3,35.5,72.7,74.5,66.0,64.5,69.5,64.7,6.9,7.1,7.4,stable
39.1,41.0,42.3,22.8,28.2,23.7,43.8,53.0,53.7,7.8,5.6,6.9,future_water_stress
32.8,31.2,32.1,68.0,63.9,58.6,65.2,66.4,61.8,7.0,5.5,5.8,future_root_zone_stress
31.3,32.9,32.0,76.2,72.8,72.4,45.5,40.0,38.2,3.8,4.3,5.5,future_root_zone_stress
35.1,34.8,33.3,42.5,41.2,36.7,16.8,18.4,15.3,7.4,7.6,6.4,future_water_stress
41.1,38.3,42.9,45.2,41.5,44.2,27.0,33.0,33.8,5.6,5.3,6.4,future_water_stress
23.9,25.4,25.6,86.1,90.6,87.0,52.4,50.6,47.6,6.1,4.4,4.7,stable
23.2,26.6,26.3,59.0,67.5,58.9,43.5,45.1,39.7,6.1,4.2,4.9,stable
32.2,36.3,35.9,47.1,43.2,47.1,76.9,74.9,73.6,4.6,6.3,6.7,stable
31.7,32.4,32.7,20.5,24.0,25.6,46.1,52.9,52.7,7.9,8.6,7.5,future_heat_stress
27.8,30.8,31.9,87.8,94.5,92.3,51.2,45.7,51.0,2.6,4.1,3.9,stable
26.4,27.0,30.2,54.2,60.4,64.0,55.5,59.4,57.8,1.0,2.1,2.6,stable
35.4,36.5,38.0,36.3,39.7,49.0,37.6,35.4,40.0,8.9,10.4,8.9,future_water_stress
31.7,30.4,34.4,49.9,52.7,51.1,76.5,70.9,77.6,3.9,2.9,4.3,stable
38.7,37.8,38.1,75.9,68.8,72.7,45.8,39.0,43.1,8.0,6.2,7.8,future_heat_stress
42.8,44.7,42.3,38.1,44.8,39.5,55.4,55.2,58.0,10.7,8.2,9.7,future_heat_stress
24.3,27.7,26.7,71.0,77.4,81.6,56.5,57.8,54.7,2.0,2.6,2.3,stable
32.0,35.0,35.5,47.3,41.4,39.0,91.8,93.2,88.4,7.4,5.9,4.9,stable
34.2,31.1,32.1,73.6,77.7,75.3,43.4,35.6,39.3,6.6,7.5,8.2,future_root_zone_stress
30.0,35.3,34.6,56.8,53.2,56.7,71.2,70.0,62.5,7.7,7.2,6.0,future_root_zone_stress
31.3,32.0,34.7,63.4,61.6,57.9,72.4,74.8,74.8,4.0,6.2,5.2,stable
22.0,23.8,26.4,58.1,62.5,61.7,56.4,63.9,60.0,3.7,3.9,3.8,stable
37.1,34.2,35.6,61.1,55.9,49.8,49.3,53.1,44.2,5.0,5.0,6.3,stable
32.2,30.1,30.6,45.4,51.2,46.5,77.8,85.0,78.5,1.4,2.1,1.6,stable
29.8,30.3,31.6,63.7,65.9,66.8,47.5,50.9,44.0,2.2,3.7,3.7,stable
42.9,41.3,45.7,50.9,47.2,48.0,56.3,64.0,57.8,6.4,4.9,4.1,future_heat_stress
21.3,22.5,25.0,79.3,86.2,79.1,66.4,62.5,68.0,1.9,3.5,3.5,stable
27.1,31.0,31.5,62.9,57.5,68.2,36.0,37.3,36.8,3.6,3.6,3.3,stable
30.5,31.2,34.7,42.8,37.7,44.4,49.4,48.5,51.0,3.3,3.8,4.3,future_water_stress
27.4,28.5,29.6,58.8,55.5,58.3,40.4,36.8,32.9,4.6,5.8,6.0,future_water_stress
29.5,32.8,33.1,50.4,59.9,62.1,82.1,72.7,79.8,1.5,3.4,2.8,stable
33.0,32.3,33.8,68.6,75.5,78.3,62.3,60.2,54.8,3.1,3.2,3.1,stable
27.3,26.8,26.8,62.9,73.7,65.4,82.3,85.3,80.3,7.2,4.7,5.7,stable
37.4,39.5,38.1,20.5,19.6,14.5,77.8,71.1,67.7,5.3,4.9,6.7,future_heat_stress
26.8,26.7,28.2,39.1,45.3,41.6,56.0,56.1,51.7,4.4,6.9,6.8,future_root_zone_stress
27.7,27.4,30.5,71.5,71.9,70.3,88.0,91.8,93.2,5.1,4.6,3.6,stable
27.2,27.2,31.1,52.4,37.8,46.2,56.0,57.1,59.4,2.8,5.1,4.9,future_root_zone_stress
19.2,18.2,18.2,70.5,71.7,67.4,53.1,51.6,49.5,2.5,1.2,2.9,stable
29.7,31.2,31.0,58.6,57.8,62.6,54.5,48.4,54.0,4.5,6.5,6.2,future_water_stress
31.8,35.1,34.4,64.4,71.0,68.1,94.1,95.0,89.7,2.0,2.8,3.7,stable
35.6,39.3,36.8,52.5,48.0,46.3,71.4,76.9,73.7,5.5,4.6,6.6,future_heat_stress
26.8,30.8,29.4,74.1,74.4,76.4,72.0,66.7,62.5,2.3,4.1,4.7,stable
36.4,35.5,37.5,46.1,51.0,44.8,67.8,58.0,59.2,4.2,8.0,7.0,stable
35.0,37.3,36.8,57.2,61.3,52.2,38.3,43.3,47.3,7.8,6.4,7.1,future_heat_stress
25.9,28.3,30.1,84.5,76.7,72.7,43.0,41.9,45.7,3.3,3.6,3.9,stable
26.3,25.2,24.5,83.6,83.2,85.8,45.7,38.9,39.2,2.6,4.1,3.6,stable
26.7,23.3,27.7,84.9,88.6,83.1,44.3,42.8,44.2,2.2,3.0,3.2,stable
31.1,31.2,31.2,30.9,40.4,37.1,27.1,20.5,29.8,6.8,5.4,6.2,future_water_stress
29.7,30.2,29.0,47.3,48.9,53.0,50.3,57.2,54.9,1.4,3.0,3.4,stable
24.1,26.1,28.0,57.4,60.2,63.3,48.8,48.0,43.5,3.0,4.3,4.8,stable
33.9,36.3,35.1,56.6,57.8,60.5,47.7,46.2,44.9,9.0,4.8,7.0,future_heat_stress
34.1,34.1,34.1,71.6,70.3,74.0,53.8,48.3,49.8,6.5,6.9,6.9,future_root_zone_stress
45.3,45.5,48.1,19.0,15.8,18.7,63.8,70.2,60.9,10.2,7.1,6.9,future_heat_stress
33.1,36.2,36.3,68.7,69.4,62.3,61.3,57.6,62.3,3.8,5.3,5.2,stable
38.3,37.5,37.9,30.1,27.6,28.6,35.9,38.9,43.1,6.3,6.2,4.4,stable
29.5,28.2,30.6,38.1,39.0,34.1,53.7,52.4,58.2,6.5,4.8,4.5,stable
35.6,33.9,37.0,59.7,56.7,51.7,53.2,52.9,49.3,5.2,5.3,5.4,stable
33.3,35.2,37.8,47.1,45.5,44.4,58.7,51.0,54.8,6.4,6.4,4.5,stable
23.6,25.9,26.6,73.6,66.2,70.0,69.1,58.8,59.3,2.5,2.4,2.3,stable
26.4,26.9,25.5,47.3,50.0,50.6,46.8,43.9,39.2,5.5,6.1,5.3,stable
36.4,35.0,35.2,32.5,34.3,36.5,27.9,27.1,27.9,9.3,7.3,6.9,future_water_stress
31.1,31.5,34.1,77.3,70.2,71.5,87.4,78.5,84.3,5.6,3.1,5.5,stable
42.1,42.0,41.7,19.7,27.9,26.6,73.8,75.5,72.7,7.5,9.1,9.9,future_heat_stress
38.8,39.4,38.6,38.8,46.2,43.0,69.5,68.9,67.0,5.1,7.3,7.0,future_heat_stress
33.9,34.1,33.9,63.2,62.2,58.9,39.8,42.1,39.1,6.1,7.8,8.7,future_water_stress
44.7,45.6,47.1,36.9,28.5,30.9,79.8,80.6,79.3,4.7,7.0,6.0,future_heat_stress
29.7,26.4,27.7,84.6,77.5,76.4,68.3,64.2,65.0,4.5,4.5,4.8,stable
30.5,34.4,34.3,16.5,22.7,18.7,56.6,54.5,50.8,6.9,5.5,4.6,stable
35.6,37.0,36.9,67.5,71.2,66.2,50.0,46.5,41.9,4.4,7.2,7.4,future_water_stress
39.8,36.8,36.9,36.9,46.6,36.9,78.2,83.9,84.8,6.2,4.1,5.0,stable
35.5,37.6,38.1,31.4,33.4,29.0,36.0,38.3,43.4,8.2,9.6,8.4,stable
33.0,31.4,33.0,52.0,49.1,53.5,79.6,77.8,79.0,4.4,4.9,4.0,stable
32.3,30.1,34.1,68.7,70.1,72.0,52.3,54.6,54.6,3.2,5.7,5.0,stable
42.3,43.1,42.3,18.3,15.4,27.3,59.8,68.3,65.3,7.1,8.6,8.6,future_heat_stress
36.6,36.4,36.7,49.9,53.8,54.7,48.0,45.2,46.8,7.2,6.6,7.9,future_water_stress
25.4,28.3,28.4,52.6,48.5,50.6,63.7,56.8,61.7,2.8,4.6,3.8,stable
39.5,42.1,42.1,33.9,31.0,33.0,68.1,72.2,64.7,10.6,10.8,11.5,future_heat_stress
33.6,32.9,35.3,61.4,62.4,60.4,84.8,81.0,85.5,4.3,3.4,3.6,stable
22.1,22.2,22.7,58.7,55.5,61.6,67.4,64.0,65.9,1.4,2.6,2.6,stable
31.3,35.0,36.6,63.3,56.6,62.2,80.2,80.9,83.7,7.0,7.0,6.2,future_heat_stress
27.9,28.5,31.8,84.0,80.6,77.5,62.4,62.7,63.1,5.6,4.3,3.4,stable
30.4,30.3,32.6,80.6,75.2,72.9,81.0,77.6,74.6,1.7,3.1,4.0,stable
38.4,39.2,40.0,58.9,62.3,61.0,75.3,65.9,75.6,7.0,3.4,5.3,stable
31.5,35.8,34.6,11.3,16.4,20.1,83.5,86.4,84.1,7.2,6.6,6.5,future_heat_stress
29.4,29.7,31.6,64.1,70.4,59.5,56.4,61.7,56.6,2.5,3.3,1.9,stable
24.9,22.1,22.3,64.6,68.7,63.6,79.1,74.4,81.0,6.9,4.4,6.5,stable
30.8,34.4,32.9,62.6,64.9,60.6,64.6,64.8,65.8,3.5,2.1,3.3,stable
30.6,28.1,29.0,81.0,85.8,87.8,40.3,41.2,47.8,3.9,2.5,3.3,stable
25.7,28.5,29.2,59.3,58.6,55.6,43.3,45.3,46.1,4.0,4.7,3.8,stable
26.4,27.0,27.9,69.5,61.9,68.0,69.1,75.3,79.0,5.1,6.0,5.3,stable
27.8,27.7,29.9,70.6,71.0,67.9,75.7,73.1,72.1,0.5,2.3,2.3,stable
24.7,26.1,25.7,45.3,59.7,54.5,40.7,44.7,46.8,2.2,4.4,3.5,stable
26.6,26.6,29.1,58.8,57.9,64.3,38.8,37.7,37.7,5.8,4.4,4.7,stable
28.2,28.0,27.3,76.1,75.2,65.9,43.0,47.6,46.0,4.3,5.8,5.3,stable
31.5,30.0,29.5,55.6,56.1,57.4,84.5,88.7,85.6,4.6,7.1,4.9,stable
34.4,36.1,34.9,44.2,43.5,44.8,76.7,80.0,76.8,3.0,4.1,5.2,stable
35.5,36.8,37.1,22.9,30.8,28.3,2.8,12.7,3.4,7.5,9.1,8.5,future_water_stress
33.7,35.9,39.8,56.6,54.6,53.1,48.9,50.3,57.9,8.4,8.0,8.8,future_root_zone_stress
27.4,27.2,30.8,52.3,54.6,57.4,56.7,56.4,55.1,1.3,3.2,3.4,stable
36.8,37.3,35.0,49.6,46.8,46.8,56.2,58.1,50.0,6.9,4.8,4.7,stable
29.5,31.6,29.5,73.0,68.1,70.4,95.1,88.2,95.0,7.1,5.5,4.2,stable
33.9,33.7,33.6,56.5,60.4,54.5,55.8,59.3,58.7,4.8,2.9,4.6,stable
25.9,25.4,28.8,52.5,48.3,52.0,11.6,6.4,9.5,6.0,4.2,5.2,future_water_stress
39.5,37.6,39.2,29.8,26.3,35.3,70.7,71.8,73.7,6.2,5.4,5.6,stable
45.9,47.9,49.9,39.4,36.3,31.0,68.7,61.5,64.6,11.7,9.6,11.0,future_heat_stress
27.0,29.3,28.8,50.9,39.0,44.1,69.0,72.1,63.6,3.8,0.6,2.9,stable
29.7,27.8,29.9,79.1,78.9,76.2,65.1,63.2,69.5,3.6,4.0,3.3,stable
24.4,26.7,28.6,49.8,52.0,50.9,42.8,38.3,37.9,2.5,3.3,2.1,stable
27.1,24.7,29.1,79.7,75.4,81.9,57.1,60.3,59.3,3.9,2.1,2.5,stable
30.0,34.5,35.1,45.4,50.1,49.2,91.8,90.3,92.2,6.9,3.8,6.1,stable
29.8,30.6,30.2,50.8,53.9,55.5,44.7,46.9,45.7,3.5,3.2,5.3,stable
30.4,30.8,31.0,61.9,59.3,63.7,60.6,61.0,60.8,2.3,6.2,4.7,stable
40.3,37.9,39.7,54.5,64.0,57.6,76.2,72.9,75.1,3.6,3.5,3.6,stable
28.6,28.5,31.0,43.3,38.4,36.0,66.2,61.1,66.5,4.5,6.1,5.5,stable
34.2,32.0,35.6,52.9,43.9,49.7,53.0,56.9,53.4,2.8,1.9,2.2,stable
32.3,33.8,32.7,73.4,70.8,66.8,52.4,55.2,51.1,1.4,2.8,2.8,stable
27.3,28.0,29.4,54.7,50.1,54.3,55.2,50.3,50.4,2.6,3.0,2.8,stable
32.7,32.2,30.8,63.9,59.3,61.8,53.2,56.3,58.7,5.3,3.3,2.7,stable
22.2,23.6,22.6,78.3,70.8,67.0,73.3,73.2,75.8,1.1,4.1,2.5,stable
30.5,32.1,34.3,75.3,87.8,82.8,54.2,55.6,53.6,3.5,6.1,5.3,stable
36.7,35.0,35.1,25.7,33.3,29.9,89.2,95.2,89.8,4.9,4.5,4.8,stable
30.7,28.6,29.5,69.3,71.5,74.4,65.2,64.2,68.5,3.9,3.0,3.2,stable
37.4,35.6,38.2,37.2,42.0,42.3,21.9,24.0,28.5,4.9,4.6,5.1,future_root_zone_stress
28.8,27.3,30.4,68.2,56.3,63.8,62.3,64.1,61.7,-0.7,2.9,1.9,stable
26.3,24.1,24.8,67.1,59.2,57.2,67.1,69.7,69.7,2.5,2.5,3.6,stable
30.5,31.6,30.9,71.9,70.4,68.0,76.5,78.9,80.2,3.1,5.2,3.0,stable
26.6,24.2,26.1,80.2,84.9,88.4,53.6,55.9,45.6,3.8,3.6,4.0,stable
33.4,35.1,35.0,86.7,82.1,82.3,27.6,28.3,29.2,7.1,6.0,6.9,future_water_stress
33.1,31.7,33.5,56.3,55.3,53.1,43.1,39.5,42.1,6.0,7.3,7.1,future_water_stress
28.9,28.3,30.7,97.8,88.7,89.9,57.3,58.0,54.9,2.2,3.5,4.3,stable
28.9,31.6,33.4,65.4,61.3,55.3,84.7,75.3,79.8,1.7,2.1,2.8,stable
32.4,35.5,37.6,37.0,47.1,37.9,65.5,70.4,70.5,6.5,4.9,4.5,future_heat_stress
33.0,32.3,35.7,55.6,63.9,67.6,32.7,37.1,33.1,4.4,4.8,3.4,future_root_zone_stress
33.0,31.3,32.9,50.6,50.3,57.0,70.9,69.7,62.7,3.7,3.4,4.1,stable
28.3,31.1,29.1,70.2,58.1,59.3,47.3,50.2,44.1,0.3,2.0,2.1,stable
22.7,24.3,25.9,56.7,67.6,61.5,72.4,62.3,68.4,2.8,3.3,1.6,stable
36.7,37.4,39.6,55.6,58.2,60.4,69.3,72.2,75.1,7.0,7.8,6.6,stable
37.6,38.8,40.2,53.1,58.5,52.8,90.7,84.1,79.4,4.8,4.4,5.0,stable
31.5,31.4,31.9,67.7,60.1,59.5,60.7,65.5,64.6,6.1,3.3,5.5,stable
38.4,39.8,42.6,56.3,52.8,60.5,78.8,74.8,77.2,5.3,5.5,4.9,stable
26.6,27.3,28.4,50.2,46.7,43.9,59.5,50.5,54.6,1.8,3.5,3.2,stable
24.3,21.8,26.6,62.5,57.3,65.5,70.3,63.5,64.9,2.1,3.3,3.4,stable
36.3,36.0,38.5,58.1,67.2,60.1,41.0,38.0,37.2,4.1,4.1,5.6,stable
30.2,32.9,30.8,58.1,52.1,55.8,25.4,23.3,27.2,6.7,5.0,5.5,future_water_stress
28.4,25.0,30.0,55.2,55.5,50.8,60.2,54.9,58.8,5.9,5.2,4.4,stable
21.5,20.6,20.7,69.0,65.4,74.5,52.3,50.0,51.8,3.3,5.3,3.3,stable
24.2,25.1,26.6,77.6,67.7,70.8,71.8,65.7,70.8,5.2,3.2,3.5,stable
31.8,31.1,32.9,75.6,76.6,77.1,84.0,83.9,85.8,3.4,2.0,3.0,stable
35.0,35.2,35.2,51.1,53.8,54.6,91.8,98.7,87.7,6.4,6.6,7.3,stable
27.1,25.9,30.1,50.9,44.6,38.5,51.3,54.0,56.6,6.7,3.6,3.2,stable
30.2,30.3,31.2,81.0,84.9,88.2,48.1,48.5,45.2,7.2,5.5,5.5,future_root_zone_stress
30.5,34.6,33.6,67.1,65.0,64.9,71.7,81.3,78.6,2.4,2.6,3.2,stable
29.5,30.7,31.3,66.4,55.2,62.2,49.3,49.8,45.7,4.0,1.4,3.3,stable
31.3,30.9,34.6,50.0,55.2,51.1,77.0,76.2,79.4,1.3,1.6,2.3,stable
22.6,26.5,27.4,46.6,54.4,45.9,63.6,68.7,70.0,6.6,6.5,6.1,stable
21.6,23.7,26.0,73.2,61.5,71.4,70.2,69.0,68.5,6.7,4.7,5.7,stable
40.3,41.6,41.1,26.1,34.0,33.9,78.9,84.2,78.3,5.8,8.9,7.0,stable
26.2,25.7,25.6,58.3,60.0,64.1,71.0,71.6,74.4,1.8,3.5,3.7,stable
27.6,27.8,26.9,44.6,51.9,50.6,62.0,56.9,58.8,4.5,2.2,2.2,stable
25.9,27.6,30.5,57.6,52.0,59.1,76.8,78.5,74.5,5.0,3.6,3.2,stable
30.3,26.1,30.4,69.5,71.4,73.1,79.0,71.6,82.4,2.2,2.7,3.6,stable
26.1,27.7,29.3,59.6,55.1,53.7,50.0,43.3,45.7,2.5,5.2,4.6,stable
27.1,28.7,27.8,60.7,61.4,62.2,70.6,78.7,76.1,-4.0,-1.0,-2.0,stable
25.7,26.4,28.9,60.9,63.7,69.8,78.6,72.0,72.9,4.7,4.5,3.8,stable
32.8,30.9,31.8,88.7,83.0,86.4,48.2,51.6,50.9,3.9,4.2,4.0,stable
29.3,30.0,30.7,52.4,46.6,52.3,69.2,70.1,63.8,1.9,4.3,2.9,stable
24.1,22.7,22.7,77.1,69.8,71.6,54.1,52.4,52.7,1.6,4.3,5.2,stable
39.8,40.6,44.5,48.0,42.9,45.6,77.7,80.3,72.8,6.2,6.0,5.8,future_heat_stress
28.5,28.8,29.2,53.4,62.0,59.5,32.4,33.9,40.4,7.3,8.4,7.8,future_water_stress
33.3,34.8,35.2,57.7,57.2,51.5,62.4,58.3,62.9,6.7,5.0,6.8,stable
32.7,34.2,34.7,40.7,36.3,34.1,29.8,35.6,32.9,4.5,6.3,6.4,future_water_stress
34.1,36.4,38.9,45.1,30.5,35.1,52.3,52.9,51.4,7.5,9.5,8.2,future_heat_stress
38.2,40.4,39.5,29.1,36.8,36.6,19.5,23.9,19.8,7.0,6.8,5.9,future_water_stress
30.3,30.7,32.0,65.5,63.2,61.9,45.8,47.0,51.3,8.2,5.7,6.3,future_root_zone_stress
27.7,27.8,28.7,46.7,51.9,43.0,65.7,59.0,63.9,4.2,3.6,2.6,stable
26.0,27.1,29.9,43.5,46.4,48.2,72.7,85.1,79.9,5.0,4.0,5.5,stable
38.4,37.6,40.3,64.1,70.5,67.8,74.8,72.2,71.9,4.7,6.0,7.1,future_heat_stress
35.4,35.7,37.3,48.2,46.0,41.6,27.7,31.9,31.9,7.3,6.5,5.9,future_water_stress
28.4,29.1,32.2,56.9,47.5,50.4,64.2,59.3,60.9,1.4,2.4,3.5,stable
26.9,29.9,28.1,59.8,57.3,57.0,53.0,62.3,56.8,2.3,3.5,2.9,stable
33.4,31.9,33.9,53.7,56.2,54.6,52.5,45.3,45.8,5.2,7.8,7.9,future_heat_stress
22.7,22.7,25.4,70.7,68.4,70.2,51.5,50.1,53.4,4.7,3.8,3.9,stable
29.9,29.3,27.7,67.6,72.0,70.1,73.3,72.1,76.1,1.0,4.3,2.6,stable
33.0,33.7,34.9,48.2,56.3,54.9,73.9,77.8,74.4,2.6,2.2,2.8,stable
33.5,33.8,35.7,51.6,54.6,52.1,55.4,47.9,49.7,6.0,7.9,7.8,future_heat_stress
42.8,40.8,44.1,49.5,38.6,41.3,89.4,83.5,83.4,5.2,7.1,6.5,future_heat_stress
27.0,25.7,26.9,45.2,52.4,45.7,66.4,62.1,62.8,6.4,6.0,5.1,stable
25.0,28.6,27.0,75.3,77.1,80.4,50.4,56.0,53.6,3.7,2.3,3.4,stable
35.6,36.0,36.7,53.0,52.5,56.6,88.0,92.2,96.3,4.7,7.2,6.5,stable
34.6,34.6,37.5,28.4,26.6,28.8,80.3,77.5,78.5,6.5,4.0,5.6,stable
26.8,27.0,29.5,59.2,60.4,51.4,64.5,72.1,68.1,5.0,3.8,4.6,stable
30.0,30.8,30.2,49.9,49.6,49.7,45.6,44.7,42.7,-0.2,1.8,2.8,stable
27.0,28.6,29.9,47.1,39.5,47.5,68.6,79.3,70.5,3.1,4.3,4.0,stable
29.3,30.5,29.5,35.5,40.0,35.5,42.2,46.5,48.2,6.5,7.3,6.2,stable
24.6,23.1,26.3,55.2,52.5,47.9,53.2,49.7,56.0,4.2,1.9,2.3,stable
33.2,32.4,32.5,69.6,62.0,67.7,50.2,49.7,45.8,2.8,2.0,2.8,stable
39.8,40.1,39.1,56.3,49.3,45.3,79.7,79.6,75.3,1.5,4.7,2.9,stable
36.6,38.3,38.8,45.5,45.2,41.1,32.9,25.4,29.7,6.8,9.1,7.5,future_water_stress
30.7,29.2,29.6,45.9,38.8,46.6,42.6,44.7,47.1,3.0,1.4,3.4,stable
25.2,24.9,24.9,79.7,72.4,69.2,66.3,61.8,59.2,3.2,5.3,3.4,stable
28.4,27.8,28.9,49.4,49.0,42.2,60.3,55.8,59.1,3.0,4.9,6.1,future_water_stress
22.5,25.0,25.4,50.5,47.0,50.8,47.9,46.2,45.8,2.5,3.2,4.3,stable
24.2,24.2,25.6,68.7,67.6,65.0,43.3,53.6,50.8,5.4,4.1,4.8,stable
33.6,34.3,36.4,41.5,41.9,46.2,88.0,86.9,92.2,7.6,5.5,6.4,future_heat_stress
26.8,29.4,29.4,54.9,61.6,55.4,38.5,44.8,44.6,3.5,5.3,4.0,future_root_zone_stress
29.5,30.1,31.3,56.4,59.0,62.4,66.7,61.7,65.2,4.3,3.1,2.1,future_root_zone_stress
39.3,39.2,38.0,29.0,38.5,35.8,81.2,85.3,79.9,6.2,8.2,7.7,future_heat_stress
25.5,24.7,27.6,51.3,43.7,52.5,41.0,46.3,43.0,2.5,1.3,1.4,stable
38.0,34.8,34.8,33.2,39.3,35.6,67.0,67.0,67.8,7.1,5.5,5.0,stable
39.2,40.5,40.7,51.4,50.1,48.0,82.3,86.9,79.4,3.4,3.3,5.4,stable
27.2,24.7,27.4,70.4,57.0,59.0,51.2,61.4,51.6,3.6,4.2,4.5,stable
37.7,36.4,38.3,44.7,47.5,46.7,51.0,52.7,51.8,8.0,8.2,7.6,future_heat_stress
26.6,28.1,28.1,52.4,50.1,47.8,28.4,34.3,31.3,3.4,2.7,4.0,future_water_stress
25.8,26.8,25.9,77.5,74.9,80.9,81.7,79.6,85.1,2.3,3.8,3.4,stable
29.5,27.3,30.3,70.8,69.7,76.9,61.8,50.0,52.8,6.3,4.2,4.8,stable
48.0,48.7,49.4,14.7,18.1,12.8,79.7,70.6,72.2,11.3,11.3,12.5,future_heat_stress
28.5,28.4,27.2,71.3,74.8,68.6,59.9,59.0,52.8,5.5,3.3,3.4,stable
32.2,31.0,31.1,38.8,37.8,36.5,10.4,13.0,8.3,6.8,4.9,7.1,future_water_stress
32.5,27.7,32.6,79.7,85.5,77.3,68.3,67.6,68.4,4.3,3.4,5.4,stable
40.1,41.6,43.5,46.1,48.4,48.6,70.3,68.0,70.4,7.1,7.8,8.0,future_heat_stress
29.0,29.5,30.6,45.4,46.2,43.3,75.3,73.9,75.6,0.4,2.0,0.9,stable
34.7,38.4,37.9,77.4,78.7,71.7,73.8,72.1,71.0,4.6,4.7,4.5,future_root_zone_stress
39.3,41.9,42.5,36.9,50.9,49.7,65.6,60.2,59.7,5.1,5.5,7.1,future_heat_stress
30.3,34.7,32.0,45.7,45.2,46.9,87.4,86.2,84.6,1.6,3.2,3.6,stable
26.8,28.4,30.8,60.5,70.3,67.5,86.9,85.7,79.2,6.5,6.0,5.5,stable
27.9,29.1,29.9,85.8,80.8,85.3,73.2,74.6,75.4,2.8,4.5,2.8,stable
34.4,32.9,33.6,76.8,77.3,75.5,44.4,46.5,41.1,4.9,4.9,5.3,future_root_zone_stress
29.0,29.0,31.0,39.8,44.7,49.2,79.0,79.2,75.1,5.9,4.5,3.6,stable
30.3,29.1,30.2,79.3,76.0,81.4,72.8,74.2,75.3,0.6,-2.3,-1.6,stable
30.6,34.1,33.1,61.6,62.5,59.2,43.3,47.6,46.2,3.9,1.8,2.5,stable
32.5,34.9,32.2,83.8,77.5,80.1,66.6,68.9,73.2,2.1,4.3,2.2,stable
36.9,37.4,40.0,52.6,49.1,48.8,52.2,50.4,52.7,8.0,8.0,8.0,future_heat_stress
40.6,41.6,42.1,50.8,45.9,45.3,33.0,34.8,37.8,10.3,9.3,9.0,future_water_stress
29.2,31.5,30.5,44.7,47.9,45.3,55.9,63.9,62.2,1.7,2.4,2.5,stable
37.9,39.6,39.6,44.6,46.0,41.0,47.5,47.9,53.0,3.9,5.8,6.6,stable
27.0,26.5,31.0,65.5,57.3,55.7,41.7,44.9,41.0,5.1,2.1,3.3,stable
26.7,29.4,29.6,50.0,45.7,47.8,49.4,48.7,51.0,0.4,2.3,1.9,stable
26.5,30.7,29.1,59.4,60.2,57.8,51.9,48.0,53.2,3.1,2.9,2.7,stable
30.5,29.3,30.2,71.8,60.3,67.5,52.8,57.8,53.4,6.2,7.2,7.9,stable
39.7,38.6,38.1,74.1,74.1,66.6,53.3,52.4,48.3,5.4,6.3,6.3,future_heat_stress
26.9,29.9,31.4,44.5,38.4,42.4,39.8,47.7,40.2,2.2,5.0,4.4,stable
25.9,27.9,29.5,66.7,71.7,74.7,70.8,76.8,68.8,2.3,1.1,3.0,stable
28.3,31.3,32.5,53.8,52.8,60.9,86.5,87.1,85.9,4.1,5.0,3.3,stable
32.1,31.1,34.4,81.0,84.6,78.7,48.3,53.9,50.1,4.6,5.5,4.5,stable
31.8,31.1,33.6,69.7,71.6,66.6,85.5,83.6,79.5,5.5,5.8,4.0,stable
34.7,34.0,35.5,66.8,72.0,65.8,98.1,90.5,96.0,6.4,5.3,4.6,stable
31.9,34.6,34.4,58.8,64.5,64.3,64.7,70.8,65.5,5.1,4.6,4.5,stable
37.7,37.9,37.8,38.9,39.8,30.6,67.1,64.1,63.0,6.2,6.5,8.0,stable
31.9,29.5,29.7,80.2,75.1,73.1,82.0,80.5,75.2,3.3,3.2,3.0,stable
23.2,23.3,24.2,81.8,72.0,74.1,70.6,74.4,70.5,3.3,1.6,2.5,stable
27.9,28.2,28.1,52.5,51.5,49.7,56.5,63.1,62.3,2.0,2.1,2.0,stable
35.4,38.8,38.4,60.6,59.7,54.9,56.6,55.9,51.6,4.2,6.0,6.2,stable
24.3,27.8,25.6,71.2,65.5,63.4,60.3,57.3,58.7,2.2,4.6,3.9,stable
38.2,40.3,40.8,40.5,43.9,46.7,81.6,75.2,74.5,6.5,6.8,6.3,stable
26.6,27.8,31.8,72.6,70.9,66.8,86.5,80.3,81.1,3.3,3.4,3.1,stable
35.0,32.1,35.5,66.1,65.8,58.9,61.6,57.3,62.5,6.7,6.1,6.6,future_heat_stress
35.2,34.9,33.3,58.7,54.0,59.7,67.1,66.2,67.3,5.8,6.8,6.4,future_root_zone_stress
29.3,27.4,27.8,50.0,61.1,50.0,51.1,45.3,44.7,9.0,8.4,6.4,stable
32.5,32.1,32.5,86.1,84.3,88.5,53.0,60.0,60.4,3.9,2.1,2.2,stable
33.0,33.1,33.8,63.3,62.9,66.1,65.7,67.2,66.1,5.4,4.0,3.4,future_root_zone_stress
38.1,37.8,39.8,65.9,64.0,58.9,57.5,61.2,54.8,7.4,6.5,6.9,stable
33.8,34.7,33.5,68.5,70.4,74.9,71.6,59.9,67.0,4.2,4.5,4.4,stable
27.5,27.4,27.9,71.1,66.1,73.6,68.2,63.2,59.7,5.4,5.3,4.9,stable
25.8,26.2,26.0,71.4,79.9,80.6,71.1,72.7,75.1,2.7,5.0,3.9,stable
34.5,30.3,32.0,59.2,61.9,60.1,61.3,56.6,55.8,4.6,3.0,3.3,stable
34.9,31.1,33.6,38.7,33.8,35.6,82.8,79.1,81.1,10.7,9.8,10.3,future_heat_stress
27.8,28.2,27.5,69.6,72.5,67.4,70.8,69.9,68.7,3.9,4.8,4.4,stable
35.1,35.7,35.1,46.8,40.0,36.7,37.8,42.3,39.8,6.1,7.7,6.6,future_water_stress
25.6,24.6,26.1,70.7,77.9,81.5,87.8,89.4,85.0,5.5,3.9,3.8,stable
28.8,31.9,32.7,70.1,66.8,69.5,88.6,89.5,84.5,2.0,1.9,2.3,stable
32.4,36.6,35.1,32.2,39.1,35.9,71.4,71.3,73.1,3.7,4.8,3.6,stable
37.4,36.3,37.0,52.7,55.5,59.7,69.1,67.1,66.4,5.7,6.9,6.1,future_heat_stress
29.7,31.6,34.2,66.3,75.7,72.8,65.4,67.2,67.1,4.4,2.6,2.7,stable
27.3,31.4,33.0,53.2,53.4,58.7,70.8,74.0,70.0,0.0,1.1,1.6,stable
26.6,29.9,30.9,69.3,66.0,60.8,54.8,58.0,51.8,3.5,3.9,5.5,stable
31.8,32.3,34.9,73.0,72.9,66.6,64.4,59.6,58.0,6.6,4.1,3.8,future_root_zone_stress
31.4,29.0,30.4,76.8,70.5,74.8,46.8,39.2,39.6,1.1,5.2,4.9,stable
33.2,31.0,31.9,48.0,46.7,47.6,80.1,69.7,74.1,7.4,6.4,7.3,stable
38.2,38.0,41.5,47.2,41.2,43.3,63.5,63.0,59.8,7.1,9.3,8.9,future_water_stress
28.8,28.1,28.5,59.5,61.0,65.7,39.8,43.1,45.4,1.0,-0.1,0.0,stable
37.3,35.5,36.7,51.7,53.0,50.1,53.9,41.6,45.2,7.2,8.0,7.4,future_water_stress
32.8,33.6,32.6,66.2,60.4,59.1,79.9,72.9,77.5,4.8,5.0,5.2,future_heat_stress
28.5,29.3,30.1,76.4,65.7,69.3,52.7,55.1,52.0,6.2,3.7,5.0,stable
37.3,36.5,37.5,36.4,44.3,37.7,51.7,46.2,47.2,9.2,10.5,9.6,future_root_zone_stress
28.4,28.2,31.6,73.2,83.9,77.5,57.7,51.7,54.5,3.4,3.8,3.5,stable
34.9,35.7,38.6,54.6,49.4,47.5,49.3,46.5,50.7,7.6,4.4,5.8,stable
32.2,30.8,34.2,81.7,79.0,78.1,39.2,41.4,41.4,4.4,4.7,7.2,future_root_zone_stress
29.0,26.3,29.3,61.9,66.5,61.1,47.4,47.0,54.2,5.2,3.1,4.6,stable
27.8,27.1,28.2,96.4,100.7,94.1,88.3,92.1,81.8,2.0,4.9,4.6,stable
22.4,23.7,25.2,74.4,65.6,75.5,62.9,63.6,68.3,3.8,2.1,2.2,stable
32.8,31.9,34.8,47.2,53.7,47.3,42.0,38.1,40.8,6.3,6.7,4.7,future_water_stress
39.7,40.8,39.7,34.9,37.0,38.7,46.4,47.8,42.3,5.2,5.8,5.9,future_water_stress
30.5,29.8,30.9,53.1,55.4,52.2,40.2,43.7,38.6,3.1,5.4,5.2,future_root_zone_stress
29.4,27.8,31.0,64.0,60.7,69.8,71.8,82.7,77.1,6.8,4.8,4.4,stable
41.4,41.1,44.2,32.2,30.3,32.5,56.1,45.9,55.3,7.5,9.2,10.5,future_heat_stress
40.6,41.5,42.1,45.9,49.9,47.5,90.4,91.6,84.9,8.9,6.5,7.8,future_heat_stress
34.8,34.9,35.8,65.5,76.5,70.0,39.5,40.1,48.1,3.3,5.8,4.7,future_root_zone_stress
28.3,30.9,32.0,67.1,64.3,68.9,55.9,61.8,57.2,2.9,3.2,3.7,stable
23.1,24.1,24.1,80.0,76.4,76.1,78.4,71.5,80.8,6.0,4.7,3.8,stable
29.8,32.4,31.4,66.4,51.4,61.8,20.5,15.3,19.0,10.0,9.5,10.4,future_water_stress
30.6,29.2,27.4,52.2,60.2,54.1,75.0,69.2,72.6,3.2,3.1,2.5,stable
30.0,32.7,32.9,65.5,59.6,64.3,52.5,62.3,52.4,3.7,4.9,3.2,stable
40.6,38.7,39.3,79.5,78.0,73.1,44.9,38.0,37.9,6.0,6.3,6.7,future_water_stress
29.3,27.2,31.2,65.3,58.1,55.7,56.5,56.5,61.2,7.4,5.1,6.5,future_root_zone_stress
31.6,29.2,31.5,76.8,69.6,76.6,32.1,33.7,28.4,8.1,6.9,6.2,future_water_stress
36.9,40.0,41.1,48.4,35.8,37.0,51.4,45.6,47.8,6.1,6.9,7.5,future_heat_stress
31.6,30.7,30.2,58.9,43.8,52.8,57.0,63.3,67.0,4.5,8.2,6.1,stable
33.4,31.5,36.5,53.7,45.7,45.5,82.7,76.1,78.0,5.1,5.7,6.9,stable
32.0,31.3,30.3,65.6,69.1,69.8,51.3,57.3,55.7,2.2,3.0,2.0,stable
27.9,28.4,29.5,60.9,63.1,59.4,74.8,84.7,80.9,6.1,4.1,3.0,stable
31.5,29.6,30.5,57.1,63.1,65.8,80.7,86.6,79.5,1.3,3.3,3.0,stable
29.2,28.3,31.7,59.4,61.1,55.8,60.2,63.3,66.5,5.9,6.4,7.5,future_water_stress
28.9,27.0,29.6,73.2,79.8,73.0,43.5,37.4,41.0,4.1,4.2,3.4,stable
34.6,34.7,34.7,52.4,54.3,51.6,43.4,37.5,45.9,8.6,9.1,7.6,future_water_stress
25.3,24.9,24.4,69.6,75.1,72.2,72.8,72.3,74.2,3.9,6.2,4.4,stable
27.7,28.2,29.8,86.1,81.0,78.4,70.2,69.1,74.1,2.6,2.4,3.4,stable
34.4,36.7,38.1,80.6,77.4,80.1,59.3,59.2,60.7,6.9,6.0,5.2,future_root_zone_stress
32.7,33.3,32.8,52.7,55.1,54.2,23.7,24.6,23.4,8.5,8.6,7.5,future_root_zone_stress
30.3,33.3,33.4,66.1,76.1,66.7,42.2,46.7,40.3,1.2,3.2,3.8,stable
32.9,31.2,32.3,91.5,82.2,81.0,55.1,57.2,57.8,1.8,1.2,2.5,stable
34.3,37.2,35.5,62.2,64.4,63.6,61.4,63.0,60.9,5.3,6.6,5.9,future_root_zone_stress
30.2,30.2,33.3,54.3,49.5,44.8,21.2,28.4,19.3,6.6,4.6,6.5,future_root_zone_stress
35.1,35.0,37.5,41.2,33.4,39.6,48.4,47.9,54.0,4.5,6.8,5.5,stable
28.2,28.9,27.6,62.1,65.1,64.3,82.0,77.0,71.7,4.0,2.7,2.8,stable
30.3,30.9,35.4,68.2,65.4,64.7,41.4,45.6,45.3,3.1,0.4,2.1,stable
27.8,32.4,32.5,51.1,59.6,52.6,52.6,50.6,51.0,2.9,2.1,1.4,stable
35.8,34.1,35.5,79.2,77.6,80.4,51.4,43.8,45.0,6.8,6.8,7.6,stable
36.1,36.3,35.2,34.3,34.8,34.4,30.5,33.7,35.7,5.4,5.8,7.3,future_root_zone_stress
25.0,28.3,27.7,61.5,60.3,62.8,55.1,51.4,48.8,5.1,4.8,3.9,stable
29.4,30.4,28.8,60.1,60.0,62.1,79.4,82.2,86.3,2.5,2.4,2.0,stable
38.9,41.0,42.8,61.0,76.4,72.4,83.4,77.2,78.4,4.9,5.0,4.8,stable
29.2,31.1,33.3,52.7,55.8,45.6,62.7,53.8,52.0,3.1,5.8,4.0,stable
25.9,23.2,24.4,56.4,46.2,49.2,51.6,54.3,56.7,2.3,2.2,3.2,stable
27.2,29.7,27.4,88.1,91.9,90.7,71.4,68.3,70.2,1.0,4.3,3.4,stable
31.3,29.4,31.2,42.3,51.1,46.3,63.7,63.8,62.9,4.8,5.5,3.5,stable
34.2,34.2,32.5,76.0,75.3,74.4,76.2,70.9,69.9,4.7,2.5,3.4,stable
28.1,27.4,27.8,75.6,84.5,80.6,45.5,55.3,50.4,3.1,3.6,4.9,stable
23.1,25.6,26.0,65.9,61.5,67.5,54.4,54.0,59.9,4.8,3.2,4.1,stable
25.8,26.9,29.4,65.0,65.0,67.8,50.2,54.9,55.2,4.5,5.3,4.5,future_water_stress
29.3,29.5,29.0,64.1,62.7,63.8,97.5,92.0,89.5,1.3,1.7,2.2,stable
33.2,33.3,34.2,51.3,54.1,53.2,79.9,83.6,78.8,5.8,6.4,6.1,stable
27.2,28.7,27.9,41.9,48.3,50.0,77.9,89.1,82.1,3.5,1.7,3.1,stable
31.6,32.6,34.8,59.6,58.3,61.9,78.5,71.1,81.2,2.9,2.9,2.0,stable
34.5,32.8,33.6,41.0,46.7,41.0,48.6,43.1,47.6,4.8,2.8,2.7,stable
33.7,33.6,32.0,48.2,47.4,47.0,79.8,71.5,77.2,8.6,8.3,7.8,future_heat_stress
31.5,30.9,31.7,56.8,50.1,45.8,70.7,68.5,66.8,4.0,4.5,4.4,stable
35.9,37.0,39.2,43.6,49.4,38.3,72.3,66.6,70.0,5.4,7.4,7.8,stable
24.6,29.2,28.7,74.2,78.4,71.8,52.1,50.2,52.2,4.9,4.5,4.2,stable
25.6,24.9,28.3,73.3,62.4,67.6,96.4,91.4,87.5,1.6,3.4,4.3,stable
36.3,34.8,37.2,16.5,19.2,20.5,65.0,65.4,67.9,10.9,11.2,11.3,future_heat_stress
28.2,24.4,26.7,49.6,50.6,48.5,62.2,67.7,68.0,3.5,4.2,2.8,stable
29.2,28.0,29.1,61.6,60.3,56.1,57.1,58.4,57.5,3.3,4.1,4.8,stable
24.4,27.4,30.4,62.9,67.9,69.2,54.1,52.5,51.6,3.3,1.9,1.9,stable
24.9,24.3,22.8,32.4,27.8,32.4,37.1,40.4,41.7,5.9,3.1,4.0,stable
24.7,27.6,28.7,67.3,63.2,59.5,40.7,34.8,42.6,5.0,4.1,4.6,stable
41.8,42.8,42.7,38.3,40.6,34.8,52.7,47.6,47.4,11.3,9.9,9.8,future_heat_stress
31.5,30.7,30.1,54.5,52.9,54.0,79.7,78.9,77.4,3.6,3.0,1.4,stable
36.6,36.5,38.1,58.0,47.5,48.9,72.8,71.2,71.1,3.4,5.4,5.1,stable
42.4,39.9,40.6,52.6,46.1,46.2,57.5,58.1,57.1,6.3,8.1,7.7,future_root_zone_stress
30.0,29.9,30.9,48.0,46.8,42.3,67.0,72.0,74.8,8.1,6.8,7.4,future_heat_stress
29.4,28.3,29.8,42.5,47.7,40.4,36.2,40.9,38.9,4.2,4.2,3.6,stable
32.8,30.6,32.8,66.9,60.1,62.1,69.6,71.0,68.4,3.1,4.7,4.8,stable
33.9,33.8,37.4,37.8,45.0,38.2,76.3,78.1,80.6,9.6,7.4,7.1,future_heat_stress
34.7,35.3,34.8,58.7,54.9,55.9,36.3,32.6,38.5,8.3,6.6,6.0,future_water_stress
25.6,24.7,24.9,56.7,57.1,59.6,45.3,40.8,44.5,5.1,4.4,4.4,stable
25.7,27.7,30.9,54.8,59.6,54.3,60.8,56.3,55.7,2.7,3.2,4.3,stable
27.2,29.2,33.0,77.5,86.1,83.6,61.8,56.6,58.8,2.2,3.9,3.8,stable
32.8,34.3,33.3,55.8,57.0,61.7,84.8,84.6,83.1,5.8,4.0,5.4,stable
37.9,39.7,38.9,66.8,65.6,69.5,56.2,49.5,53.7,9.4,7.7,7.8,future_heat_stress
36.4,34.6,34.9,31.3,27.1,32.1,74.4,69.0,72.1,5.2,4.6,4.3,stable
29.9,33.6,33.4,57.8,59.8,58.1,71.2,72.8,70.9,7.5,5.2,6.4,stable
28.0,27.6,30.3,62.8,62.2,55.1,78.8,74.0,78.1,0.7,1.6,3.6,stable
31.6,32.2,32.7,75.2,75.8,75.4,55.5,58.2,60.5,7.3,9.6,8.7,future_water_stress
30.1,26.1,28.3,57.6,56.4,56.7,57.1,58.5,56.8,2.6,2.2,4.3,stable
38.9,35.5,37.2,61.4,65.9,64.6,66.8,65.7,65.8,6.7,7.2,6.7,stable
29.6,35.3,33.3,69.5,61.7,69.7,70.7,63.5,67.8,3.9,1.7,2.7,stable
33.2,34.1,35.8,55.4,48.7,58.0,34.0,41.8,39.3,4.7,4.5,4.5,future_heat_stress
35.5,35.2,38.5,77.5,80.2,86.9,58.8,64.6,64.2,4.6,7.3,6.3,future_root_zone_stress
25.9,26.2,29.3,67.0,62.5,63.0,45.4,46.3,46.6,6.8,3.6,4.1,stable
34.5,34.4,35.1,15.5,19.1,18.5,57.7,54.9,56.8,6.8,8.3,7.8,future_water_stress
22.6,21.4,24.4,84.8,79.5,75.9,58.3,61.9,54.6,2.0,2.5,2.7,stable
37.3,34.1,36.8,40.5,50.6,45.7,73.5,73.2,71.3,5.1,5.1,4.3,stable
28.2,28.8,26.5,67.5,67.1,68.1,59.8,56.8,51.9,3.5,3.4,3.0,stable
31.0,33.8,34.5,57.3,61.7,65.4,47.8,46.2,51.9,4.7,3.5,3.7,stable
40.3,39.1,43.6,31.0,37.0,39.5,73.5,64.8,72.9,8.4,6.3,7.0,future_root_zone_stress
27.1,30.1,31.4,63.5,71.0,68.7,58.3,63.9,63.7,4.1,5.5,4.5,stable
37.3,34.1,36.0,63.3,64.9,60.8,40.9,50.4,47.1,6.5,5.5,4.8,stable
37.4,41.3,40.8,37.1,42.9,44.5,67.0,58.9,61.1,8.0,7.9,8.1,future_heat_stress
33.6,31.4,33.0,56.2,53.9,56.9,65.7,64.1,65.9,4.8,4.9,3.9,future_root_zone_stress
35.6,35.1,36.8,62.6,62.7,66.3,42.8,40.7,48.2,6.1,5.9,6.8,future_root_zone_stress
29.0,29.3,31.4,65.5,65.2,68.5,73.6,80.6,74.4,4.4,2.5,3.6,stable
30.5,30.6,31.0,69.2,65.4,67.8,73.4,69.7,77.4,5.2,4.6,4.5,stable
32.4,34.0,32.3,72.1,84.7,73.5,46.1,54.4,54.1,4.3,3.7,3.3,stable
31.9,33.2,32.1,58.7,52.9,57.4,58.5,55.8,56.9,7.8,7.8,6.7,future_root_zone_stress
33.2,36.9,38.0,38.7,29.7,39.7,77.1,89.6,85.8,6.7,4.0,5.0,stable
35.3,33.9,37.7,63.6,66.5,68.8,41.3,41.3,41.3,4.7,5.4,5.8,future_water_stress
25.6,28.4,27.2,68.0,73.2,68.1,68.3,66.0,66.9,4.2,1.0,3.3,stable
20.6,18.8,20.2,71.2,75.8,70.9,58.2,66.2,59.6,2.1,4.2,4.5,stable
24.4,28.5,28.6,78.7,79.5,80.7,64.0,61.5,57.9,1.0,2.0,1.2,stable
38.1,34.5,37.8,48.6,49.6,51.2,62.1,60.3,60.7,7.8,6.1,6.0,future_root_zone_stress
34.4,35.6,35.2,41.3,50.5,45.7,82.7,81.3,86.4,9.9,10.2,9.7,stable
42.9,44.6,43.4,41.8,35.3,40.2,37.1,40.5,32.7,6.0,5.4,5.3,future_water_stress
28.4,30.1,30.4,43.7,37.3,37.8,89.2,93.4,92.5,3.1,5.4,4.2,stable
26.3,27.4,25.0,67.9,69.1,69.8,44.4,48.0,52.7,0.8,2.4,2.3,stable
29.5,30.4,31.8,48.7,48.2,49.6,59.7,53.2,57.7,5.9,3.7,5.4,stable
24.7,25.5,25.1,63.6,64.6,60.5,83.3,80.2,81.3,2.0,4.2,5.1,stable
37.7,34.1,38.2,31.0,33.3,26.5,69.2,64.9,67.8,7.6,7.1,8.7,future_heat_stress
37.8,37.9,41.2,55.5,48.0,49.0,45.1,43.1,42.1,7.4,5.9,7.2,future_heat_stress
39.8,40.8,42.9,33.2,23.5,29.5,61.2,59.7,60.4,8.7,9.4,9.2,future_heat_stress
25.6,30.2,29.6,93.6,88.5,86.3,56.5,56.0,55.7,5.4,3.7,1.9,stable
28.2,31.0,31.5,63.2,66.1,63.9,79.0,81.4,79.6,5.4,2.6,4.3,stable
32.3,33.8,33.0,53.1,50.2,47.9,72.2,71.1,67.2,5.4,6.1,5.6,stable
31.4,31.4,32.5,78.8,77.2,73.6,44.6,47.1,48.7,3.2,4.4,5.3,stable
30.7,31.4,31.7,44.5,44.1,48.9,61.0,70.7,66.2,4.3,3.4,3.6,stable
25.6,21.5,25.1,90.3,84.2,87.6,44.2,43.5,40.6,2.9,3.6,5.8,stable
29.9,28.6,30.7,66.9,69.7,69.9,48.8,47.7,47.2,3.4,4.0,4.8,stable
24.2,23.4,24.0,77.1,79.9,87.4,63.5,65.6,71.1,4.8,4.7,4.3,stable
25.9,27.4,29.6,62.0,66.7,68.6,67.0,65.5,60.2,1.5,4.4,3.0,stable
29.1,31.3,30.0,68.8,62.7,60.3,55.7,60.1,58.0,3.0,1.9,3.1,stable
29.0,28.1,27.7,50.2,54.7,61.3,80.1,82.5,85.4,7.7,4.7,5.9,stable
42.6,40.1,41.0,63.5,58.4,69.3,74.1,74.8,76.7,1.7,2.6,2.4,stable
29.8,33.8,33.1,71.4,61.6,59.2,53.4,54.9,56.8,4.3,4.6,4.1,stable
22.8,25.2,24.9,60.7,63.5,58.6,66.5,61.2,64.7,1.1,2.9,2.4,stable
35.5,37.6,39.1,75.2,75.5,71.4,84.6,85.8,85.9,6.9,5.1,5.6,stable
24.2,25.1,26.1,58.4,65.3,64.6,56.4,50.8,51.7,4.1,1.9,2.5,stable
30.0,30.6,30.2,39.5,46.1,43.4,59.3,69.1,65.7,1.5,2.8,3.3,stable
26.2,29.7,27.2,52.4,42.9,55.9,66.7,63.0,66.3,2.5,3.0,3.3,stable
23.3,22.7,23.5,57.1,50.4,56.4,52.5,48.2,47.2,2.1,3.1,3.4,stable
38.0,38.0,40.2,52.3,54.8,43.4,65.6,71.3,68.2,7.8,7.8,7.3,future_root_zone_stress
32.0,32.6,32.9,46.6,58.0,50.0,54.4,50.1,50.6,6.2,5.0,3.5,stable
24.7,25.5,27.9,61.2,56.5,62.7,42.8,41.9,47.1,1.8,0.6,1.1,stable
25.4,24.7,27.3,73.3,74.9,73.4,59.8,65.9,61.4,1.6,3.4,2.6,stable
23.6,23.1,25.0,80.2,76.0,76.6,69.1,72.5,77.6,3.2,5.0,5.3,stable
32.3,34.8,35.4,38.7,47.4,48.1,70.8,72.0,72.5,6.7,6.0,6.3,future_heat_stress
30.3,31.0,30.7,66.2,72.7,78.5,59.2,56.4,60.6,1.8,2.4,3.5,stable
28.4,30.9,30.9,62.1,53.6,52.7,60.7,56.2,57.6,6.5,7.2,5.8,stable
39.7,42.2,42.5,36.6,33.5,30.4,70.8,75.0,68.6,8.5,8.6,9.3,future_heat_stress
36.7,37.1,36.2,50.8,49.1,56.3,37.7,39.0,33.7,3.5,5.2,6.0,future_water_stress
27.9,27.8,28.4,52.7,47.8,45.1,58.1,65.4,62.3,6.0,5.1,6.3,stable
32.9,33.7,32.3,63.1,60.5,68.3,70.7,76.6,70.2,3.8,5.3,5.2,stable
39.8,40.7,40.9,72.7,73.7,75.4,77.0,69.6,75.1,7.3,9.3,10.1,future_heat_stress
27.5,29.5,31.0,75.0,70.8,81.8,50.2,53.5,50.8,3.3,4.2,2.9,stable
33.6,30.0,31.2,60.4,63.3,68.9,77.3,74.8,77.2,5.8,4.1,4.4,stable
32.6,30.8,34.3,53.2,45.2,52.1,78.1,67.8,73.5,3.7,3.8,2.9,stable
36.0,36.4,36.5,60.1,62.0,61.1,61.6,63.3,61.3,1.5,4.9,4.5,stable
28.2,32.1,29.3,51.5,44.4,40.8,27.4,23.1,18.2,4.2,6.4,5.4,future_water_stress
31.4,33.5,33.3,55.2,55.8,55.5,69.4,72.8,72.2,4.0,3.5,4.0,stable
23.9,25.8,25.7,62.8,61.0,59.4,54.5,53.3,50.3,2.9,1.9,2.0,stable
34.1,36.4,37.5,79.7,79.8,77.2,81.4,72.3,76.1,5.1,4.1,4.5,future_root_zone_stress
27.0,25.1,28.9,47.5,55.6,56.2,79.3,85.3,79.7,4.1,2.5,2.9,stable
27.9,29.0,31.4,61.3,65.2,64.1,58.6,64.4,64.6,3.1,4.6,4.8,stable
32.1,31.2,31.0,58.0,54.2,57.8,73.5,71.6,75.1,5.5,4.7,4.8,stable
29.7,29.6,29.1,50.5,40.3,46.7,61.3,52.2,59.6,2.0,4.7,2.2,stable
39.0,39.1,38.9,40.9,41.2,36.7,58.0,57.3,65.9,7.5,5.1,6.1,stable
28.7,28.8,28.8,76.6,67.2,64.9,54.1,59.0,53.0,4.0,3.5,1.8,stable
39.3,38.7,38.7,73.7,72.3,71.3,82.1,78.4,74.4,7.4,8.0,9.1,future_root_zone_stress
24.4,22.1,23.5,63.5,69.5,69.3,67.8,74.9,73.9,1.1,1.3,1.6,stable
23.4,23.6,25.8,80.2,79.1,78.2,51.2,53.7,57.5,2.6,3.0,4.1,stable
32.1,31.7,32.9,43.3,44.6,40.6,19.4,11.2,19.1,6.4,7.0,8.5,future_water_stress
31.0,28.1,29.3,39.8,38.7,41.4,69.7,71.2,71.0,3.9,4.5,4.5,stable
34.7,36.4,35.1,30.3,33.0,33.4,62.0,62.8,61.3,6.7,7.4,7.7,future_heat_stress
29.7,28.9,29.7,49.8,48.5,44.3,84.2,75.6,81.5,5.9,6.8,6.6,stable
34.0,33.4,34.7,45.0,48.3,44.0,59.1,62.5,58.2,7.3,8.0,7.8,stable
25.7,28.6,27.8,79.5,72.7,80.2,80.3,78.1,78.2,3.9,4.4,4.8,stable
28.4,28.1,30.6,50.6,57.6,54.3,62.7,61.5,63.1,1.7,3.2,3.3,stable
34.9,35.6,36.9,54.1,51.6,57.2,10.1,15.6,7.8,5.4,7.2,4.9,future_water_stress
36.6,36.0,37.8,62.3,62.9,66.6,48.5,45.6,45.3,5.8,5.8,6.5,future_water_stress
46.1,46.6,47.2,47.6,49.0,46.1,59.8,53.2,53.1,8.6,7.0,7.9,future_heat_stress
40.5,39.7,40.9,55.4,61.3,61.5,73.1,72.9,76.9,2.9,3.3,3.8,stable
25.4,24.1,24.7,66.1,69.0,59.5,78.9,78.2,78.4,1.5,3.4,2.2,stable
25.1,29.4,28.4,62.1,67.4,65.4,62.3,61.2,56.0,1.4,3.6,3.4,stable
29.0,28.8,32.8,48.2,50.6,52.0,63.6,59.2,64.6,5.5,5.7,5.0,stable
31.3,30.6,31.7,42.5,49.0,44.0,66.6,69.9,72.6,4.7,6.7,6.6,future_water_stress
25.4,27.5,26.8,30.0,29.8,34.9,27.2,23.5,30.8,5.1,7.0,5.0,future_root_zone_stress
35.2,33.4,36.8,54.3,53.5,57.0,86.6,88.9,90.4,7.3,4.8,5.2,stable
29.3,30.5,29.5,58.1,50.7,49.8,41.0,41.9,41.7,3.6,5.4,4.9,stable
25.7,26.3,29.9,77.2,76.5,73.9,58.3,69.6,62.7,3.7,3.7,3.5,stable
27.2,26.8,27.6,58.2,59.2,59.9,82.4,86.3,91.4,5.0,5.0,3.6,stable
35.6,35.7,35.2,31.9,28.7,28.4,46.6,55.5,56.7,6.0,5.0,6.0,future_heat_stress
26.1,24.7,28.4,64.4,62.5,61.6,72.1,76.6,73.5,3.1,3.9,1.9,stable
29.2,30.4,30.9,71.7,80.8,75.5,49.8,47.7,48.6,0.6,3.2,3.0,stable
36.4,34.9,35.9,67.7,72.4,64.3,69.0,69.5,70.1,5.1,5.8,5.2,future_heat_stress
26.4,27.3,25.8,50.1,45.3,50.3,99.9,99.0,98.7,0.5,3.4,2.8,stable
33.3,30.9,33.1,79.1,82.0,78.7,74.2,76.1,76.5,5.6,4.5,4.0,stable
32.9,33.9,30.5,58.0,45.4,52.6,45.3,47.9,47.3,4.8,5.1,5.4,future_root_zone_stress
25.9,25.8,25.4,64.0,62.7,59.5,66.7,67.0,66.7,1.3,3.1,3.2,stable
26.9,27.3,29.8,66.0,63.1,63.0,74.1,73.2,66.2,3.1,4.1,3.4,stable
35.1,35.0,37.6,63.0,55.1,51.2,48.7,51.9,51.7,1.0,2.5,1.2,future_root_zone_stress
29.3,30.2,31.8,54.4,56.3,54.6,81.4,70.3,71.2,2.9,2.3,3.0,stable
31.2,31.8,35.8,60.7,65.6,65.1,56.9,57.1,52.0,10.1,7.8,7.9,future_heat_stress
32.0,31.7,28.9,69.7,71.5,73.4,78.5,83.4,75.2,2.6,3.5,2.9,stable
34.2,35.0,32.7,45.6,42.1,38.8,72.4,76.1,69.0,7.3,6.8,5.5,stable
32.5,30.3,33.0,58.8,57.1,56.0,79.8,78.3,80.0,2.4,2.8,3.2,stable
31.8,30.5,32.3,78.3,73.3,67.7,19.1,17.5,18.2,7.4,8.1,9.0,future_water_stress
24.3,25.0,25.3,50.3,47.7,48.5,69.6,75.5,74.0,3.9,3.9,5.1,stable
29.5,27.3,28.2,58.3,65.3,66.7,86.3,81.6,79.9,2.6,4.5,4.0,stable
40.5,37.5,40.5,39.1,37.2,36.6,86.8,82.9,82.5,5.7,5.7,5.7,future_heat_stress
21.7,24.5,26.9,56.5,55.9,55.7,44.6,45.2,46.5,3.6,4.4,4.9,stable
32.9,33.7,34.1,67.9,73.3,62.0,41.9,39.1,38.6,5.6,5.0,3.8,future_root_zone_stress
29.5,29.0,30.6,74.4,72.9,71.8,71.7,77.0,71.0,3.4,2.7,3.6,stable
34.3,33.6,34.8,39.5,34.5,42.9,42.6,39.8,40.4,3.2,5.2,5.2,stable
28.2,28.5,29.7,73.2,71.9,73.7,56.8,65.9,55.6,0.1,2.1,3.2,stable
29.4,30.9,32.7,45.0,52.9,46.6,54.1,52.6,59.5,1.3,2.4,2.5,stable
26.8,27.1,29.4,75.4,67.3,67.6,73.7,76.4,71.9,3.6,1.4,3.0,stable
25.3,27.0,27.5,67.9,71.0,70.4,69.4,70.4,68.1,4.9,2.1,3.1,stable
26.8,25.8,30.5,76.9,64.3,71.0,83.1,77.3,81.0,7.1,3.4,4.7,stable
25.6,26.7,26.2,68.0,59.0,64.9,63.6,54.7,58.2,2.8,1.6,3.4,stable
36.2,33.3,35.5,44.0,48.6,46.9,65.1,64.9,63.9,10.1,9.3,8.4,future_heat_stress
25.9,27.0,28.5,68.9,69.1,71.2,80.0,76.2,77.6,5.7,2.9,2.7,stable
36.5,34.6,38.8,39.3,43.3,47.1,59.1,55.4,58.1,6.2,4.5,6.5,stable
35.6,34.0,35.9,47.5,49.7,54.9,74.6,74.5,70.4,9.1,8.3,7.4,stable
27.5,26.8,28.6,72.2,78.8,71.9,50.4,51.5,50.7,3.1,4.4,5.8,stable
24.2,23.5,28.1,35.2,35.0,33.7,38.1,39.1,44.2,7.1,6.1,6.1,future_heat_stress
31.1,33.1,33.9,56.6,55.7,60.1,52.8,53.7,53.5,5.1,5.0,4.3,future_water_stress
34.4,38.2,38.8,37.0,38.9,41.0,54.0,49.7,50.8,8.8,7.6,7.9,future_water_stress
37.6,34.6,38.7,56.0,58.1,60.8,25.2,34.7,32.6,6.4,6.3,5.8,future_water_stress
27.9,30.6,30.0,73.1,65.9,68.3,52.4,59.9,56.3,9.1,7.3,6.6,future_root_zone_stress
32.0,33.2,35.5,65.5,60.3,63.0,72.1,73.4,70.4,6.9,6.6,6.7,stable
37.8,38.5,39.3,53.1,52.2,55.5,87.1,81.9,87.3,6.2,5.0,4.2,stable
24.7,29.1,29.8,84.0,82.8,79.2,55.5,63.3,54.8,4.0,4.6,3.8,stable
27.8,30.6,28.8,58.0,55.8,58.1,57.2,61.4,55.5,1.2,2.2,2.1,stable
28.4,32.4,32.7,73.9,77.4,76.0,62.3,62.2,62.6,5.2,4.4,4.7,stable
30.0,26.3,28.0,82.2,86.0,88.9,66.1,76.9,72.0,3.6,3.1,4.2,stable
33.1,33.7,35.1,37.7,28.7,41.0,70.8,80.3,76.3,4.8,4.1,3.5,stable
34.4,34.6,37.2,48.3,45.1,45.7,51.2,48.1,53.8,5.6,6.1,6.0,stable
23.6,22.5,26.1,72.4,68.6,71.8,71.9,66.6,69.1,0.2,-1.9,-1.2,stable
35.1,33.3,36.8,42.3,40.1,32.6,88.3,94.5,92.0,8.4,7.4,7.7,future_heat_stress
37.9,36.5,39.4,46.8,54.8,54.7,64.9,64.8,68.7,6.4,6.2,6.7,stable
24.5,27.4,28.0,67.9,68.2,69.7,39.9,37.7,41.6,5.3,5.8,5.6,future_water_stress
32.8,36.9,36.7,44.4,48.2,40.9,40.8,43.6,44.0,5.2,8.5,7.2,future_heat_stress
28.5,30.8,31.7,66.0,63.1,65.9,67.1,73.5,66.2,3.7,2.9,3.6,stable
22.5,21.1,22.7,72.1,79.0,75.8,71.4,66.8,67.8,4.4,5.4,3.1,stable
35.6,34.4,37.4,57.3,63.1,55.9,70.9,68.1,63.8,4.9,4.2,5.9,future_water_stress
34.2,32.5,35.8,61.7,50.7,62.3,70.3,62.4,67.1,8.4,6.6,5.4,stable
33.0,31.0,34.0,48.7,39.9,50.3,50.4,51.2,54.5,1.8,5.4,3.7,stable
33.7,33.1,36.2,35.2,47.6,38.4,29.1,33.4,35.9,7.8,8.6,8.4,future_water_stress
25.2,28.7,28.0,87.6,86.8,80.4,50.4,43.3,41.7,4.3,4.1,2.4,stable
32.3,33.1,34.9,46.2,39.3,41.7,42.8,44.7,40.6,3.3,3.1,3.8,future_water_stress
30.9,28.0,30.0,65.1,65.9,59.7,44.0,41.8,47.0,7.5,4.5,5.1,stable
32.7,36.4,33.8,62.3,55.1,50.5,43.7,50.1,47.6,7.1,5.6,4.5,stable
32.3,35.5,35.9,55.4,41.6,49.5,24.5,23.6,22.2,7.6,6.8,7.2,future_water_stress
35.6,34.4,34.5,36.2,30.5,25.9,71.8,72.2,72.9,11.1,10.7,10.4,future_heat_stress
31.6,32.8,34.1,64.5,60.3,62.3,40.4,44.9,45.9,8.4,8.0,7.8,future_root_zone_stress
33.6,34.6,35.0,88.4,89.6,90.7,76.5,79.2,81.8,-2.4,-1.3,-0.2,stable
33.1,35.0,35.3,58.9,54.1,57.1,58.0,58.9,55.6,5.6,7.9,8.0,future_heat_stress
28.8,31.3,31.7,67.8,61.8,69.3,88.9,96.6,88.1,5.5,3.5,4.6,stable
25.8,26.4,27.8,79.7,75.7,78.6,80.5,74.4,77.1,3.4,1.4,2.9,stable
39.4,38.6,39.2,42.2,35.1,46.7,80.6,75.1,73.1,6.8,6.4,6.7,stable
37.3,36.4,35.1,36.3,42.7,36.5,87.0,87.4,89.8,4.6,4.4,6.5,stable
36.4,35.4,40.5,61.8,59.6,54.2,41.7,45.6,44.9,3.9,4.0,5.2,stable
37.6,35.2,37.8,56.5,67.0,61.4,39.2,26.7,32.7,4.0,4.7,5.8,future_root_zone_stress
31.8,34.9,32.3,73.7,70.2,66.5,50.2,44.4,45.9,6.3,7.0,8.3,future_root_zone_stress
24.7,24.6,25.6,58.8,62.4,58.9,67.7,66.4,68.6,4.8,6.1,4.2,stable
29.1,29.2,29.7,33.7,43.7,35.2,45.2,47.0,43.3,6.0,6.0,5.9,stable
27.1,25.3,27.3,68.2,63.9,56.9,75.0,74.5,71.0,3.4,3.0,2.9,stable
38.8,37.5,36.6,83.4,78.7,77.4,45.9,42.0,48.9,6.7,7.9,6.5,future_water_stress
30.5,32.6,34.2,77.6,79.3,76.7,69.4,56.7,63.8,5.7,4.9,4.0,stable
33.6,34.8,36.2,36.1,42.7,36.7,29.7,33.1,28.7,4.0,5.1,3.1,stable
30.9,29.4,30.4,55.5,50.5,58.6,62.9,67.0,61.9,6.0,3.5,4.6,future_root_zone_stress
27.5,25.8,30.9,80.9,72.0,73.8,95.2,88.9,96.6,2.7,3.4,4.4,stable
38.6,40.2,41.2,31.0,28.0,31.1,55.4,47.4,54.2,7.5,6.9,6.7,future_heat_stress
25.5,26.6,30.0,52.2,58.1,51.5,55.7,57.7,58.1,4.9,3.8,4.5,stable
41.4,44.0,45.6,17.1,9.1,9.3,70.3,71.3,68.2,10.2,10.5,10.7,future_heat_stress
31.0,35.0,34.9,48.5,47.4,43.3,83.8,93.1,88.3,7.7,8.2,7.8,future_heat_stress
30.3,31.5,32.2,49.5,56.2,52.2,61.8,65.8,66.2,4.6,2.8,3.3,future_root_zone_stress
31.2,32.6,34.3,74.3,78.6,80.6,65.4,66.0,60.9,6.5,4.9,5.2,future_root_zone_stress
32.1,35.2,33.1,77.3,84.6,76.5,60.2,55.7,52.8,2.8,2.9,4.6,stable
36.9,37.3,35.7,56.2,52.7,44.7,49.6,52.8,48.6,9.3,6.7,7.3,future_water_stress
26.5,27.8,28.6,63.5,60.5,62.9,60.7,61.8,56.6,7.9,6.3,5.8,future_root_zone_stress
30.8,29.2,30.1,61.3,67.6,69.0,77.6,75.2,71.8,4.1,4.3,3.5,stable
31.8,33.4,31.0,64.3,53.2,59.1,69.3,62.8,61.8,6.9,6.8,8.5,future_root_zone_stress
32.9,31.3,35.1,50.5,49.3,51.7,44.7,46.1,49.7,2.0,1.5,1.4,stable
27.6,32.8,31.4,70.9,63.8,64.6,55.2,57.8,53.7,6.1,4.5,5.3,stable
37.9,39.6,39.3,31.0,34.5,39.8,51.4,56.4,55.0,5.8,8.0,5.7,stable
26.4,29.0,28.9,70.6,63.6,62.9,41.9,46.9,45.3,2.6,4.1,5.3,stable
37.8,37.7,40.1,37.4,46.3,38.6,31.0,31.3,31.2,7.2,8.3,8.6,future_water_stress
41.1,44.4,43.7,19.4,21.8,18.8,57.9,63.6,55.9,8.9,11.8,10.6,future_heat_stress
36.9,37.2,38.7,30.0,30.7,31.0,53.5,46.9,54.9,3.3,3.7,3.5,stable
42.2,44.8,42.4,27.4,31.0,26.5,49.3,48.3,48.9,6.6,6.3,5.7,future_water_stress
37.7,37.5,38.6,49.9,55.9,50.8,55.7,43.4,47.2,7.3,4.4,5.0,future_water_stress
29.8,29.7,29.0,87.1,80.4,77.7,62.2,59.1,53.4,4.5,7.2,6.0,stable
35.6,36.3,36.7,74.1,75.7,82.4,42.0,41.9,39.2,3.2,5.5,4.3,future_root_zone_stress
37.4,37.7,36.8,44.3,35.3,34.5,53.1,49.1,47.2,4.6,5.4,6.6,future_water_stress
42.6,38.8,43.2,39.0,37.6,40.8,63.0,76.8,69.5,4.8,6.6,6.0,stable
32.5,36.0,33.6,61.8,58.3,61.7,95.7,90.5,96.4,1.4,3.0,2.4,stable
28.2,29.7,31.1,70.5,64.6,68.8,78.7,76.5,71.9,3.7,4.1,4.0,stable
30.4,28.2,31.0,59.7,62.8,64.2,71.2,72.5,75.5,4.2,2.9,3.2,stable
34.8,33.4,32.5,49.5,52.9,48.0,91.3,94.4,94.5,5.9,4.2,3.6,stable
31.2,30.3,32.7,78.4,82.5,80.3,63.9,70.9,62.6,1.6,2.2,2.3,stable
35.5,38.6,37.5,47.6,56.5,54.1,52.8,52.3,57.3,8.5,8.8,7.3,future_heat_stress
31.4,34.7,32.3,61.3,58.7,51.9,73.9,71.3,78.7,3.7,3.6,4.8,stable
37.5,40.6,39.5,35.7,19.5,28.1,40.7,41.3,49.0,9.5,8.3,9.1,future_water_stress
26.3,27.2,26.2,75.8,78.1,76.7,71.0,71.6,69.3,2.0,4.0,4.1,stable
30.6,30.4,32.9,62.1,61.9,63.3,66.0,65.7,63.3,1.4,1.2,1.3,stable
24.7,24.4,25.8,61.3,58.3,57.9,23.1,21.4,23.4,7.0,7.6,5.4,future_root_zone_stress
32.8,37.5,37.1,48.9,50.3,51.0,28.3,32.9,30.7,6.3,7.7,8.7,future_water_stress
41.4,44.4,44.2,29.3,33.7,32.9,37.4,31.9,34.9,9.4,8.7,9.1,future_water_stress
27.3,27.7,27.5,69.1,73.6,70.2,40.2,40.7,42.0,6.0,6.9,6.0,future_water_stress
30.3,30.1,28.8,71.0,76.0,76.1,88.3,87.2,83.0,3.2,3.2,4.0,stable
37.7,37.9,36.6,38.9,33.0,38.2,53.8,53.6,56.4,4.7,6.6,6.4,future_heat_stress
34.3,35.5,35.6,57.6,65.0,60.0,38.5,45.1,42.7,7.8,5.7,5.8,future_water_stress
31.8,33.2,36.3,57.6,68.1,57.6,12.9,13.9,8.1,6.5,8.5,7.3,future_water_stress
35.2,33.8,33.4,59.8,60.8,65.9,53.8,54.7,49.1,6.6,7.0,6.4,future_root_zone_stress
32.7,33.1,31.9,62.8,60.8,58.4,46.2,50.8,48.1,2.7,3.3,3.6,stable
26.2,28.2,30.6,45.0,39.9,40.5,65.9,67.2,68.6,1.9,1.4,1.8,stable
37.0,36.4,37.6,62.5,59.9,61.2,32.0,37.0,37.6,7.1,8.2,8.0,future_root_zone_stress
26.6,26.6,28.1,74.1,63.8,63.0,95.1,89.5,90.8,2.5,1.4,1.2,stable
29.5,33.1,34.2,43.7,47.9,49.3,56.3,68.6,64.7,6.2,5.9,6.3,future_water_stress
28.2,27.2,29.7,59.8,56.2,58.4,92.3,88.4,86.1,1.2,3.7,3.0,stable
28.1,31.5,29.6,43.2,46.8,39.0,26.9,28.0,26.4,6.8,7.4,6.1,future_water_stress
39.4,43.8,44.1,33.5,40.1,35.4,81.3,88.0,85.7,6.8,8.5,7.6,future_heat_stress
31.7,33.0,36.7,83.7,82.2,87.3,70.8,68.0,69.2,3.1,0.2,-0.2,future_root_zone_stress
30.7,29.3,31.6,58.5,60.9,59.6,71.4,70.4,71.8,-1.0,1.2,-0.2,stable
22.7,19.4,24.1,66.0,70.8,69.5,47.2,48.4,39.3,2.1,2.0,2.5,stable
39.6,41.3,40.9,52.3,57.8,60.6,35.3,34.7,30.5,9.6,10.2,10.6,future_root_zone_stress
40.1,41.8,41.4,36.8,49.0,41.0,65.6,57.4,64.2,6.8,9.2,9.1,future_heat_stress
20.1,21.2,21.8,65.8,63.0,61.1,74.5,71.7,72.0,3.4,2.7,2.7,stable
28.2,27.5,30.9,45.4,47.3,51.9,46.9,46.9,46.8,2.2,3.4,3.7,stable
31.5,29.8,33.6,43.5,42.5,44.2,67.2,67.0,58.0,5.6,5.7,5.5,future_water_stress
35.4,36.0,37.7,49.3,53.5,50.0,68.5,72.2,65.3,7.7,6.8,5.9,stable
30.9,33.1,35.4,40.6,42.7,48.9,77.5,76.4,69.8,4.6,6.2,5.3,future_heat_stress
28.9,32.7,32.1,64.8,67.1,64.8,23.9,25.7,32.3,4.3,5.7,6.3,future_water_stress
44.1,45.1,45.5,44.7,45.6,44.8,40.2,40.1,38.7,9.8,9.7,8.2,future_water_stress
44.4,45.3,44.6,49.6,41.4,47.9,76.8,73.3,75.0,9.4,9.2,9.5,future_root_zone_stress
41.3,42.5,42.0,49.1,48.3,53.1,88.1,87.3,82.8,6.2,7.1,6.7,future_heat_stress
22.5,24.4,24.3,77.9,73.1,75.8,66.9,75.0,76.0,6.0,5.1,4.2,stable
28.8,30.5,33.0,56.6,58.7,65.1,37.3,45.1,44.0,6.6,6.0,4.6,future_water_stress
30.3,30.4,30.3,58.8,53.3,56.5,71.0,81.8,77.4,6.3,3.3,4.7,stable
33.7,31.5,34.9,61.8,54.3,64.0,57.8,60.2,60.3,6.7,6.2,5.3,future_root_zone_stress
25.6,24.3,27.1,64.3,75.4,71.9,76.9,69.9,71.1,6.0,5.6,4.0,stable
33.9,33.1,37.3,60.4,57.2,59.8,56.5,61.3,59.8,3.4,6.7,6.6,stable
33.8,38.6,35.3,69.2,76.8,67.2,60.0,63.5,68.9,5.4,3.2,3.4,future_root_zone_stress
25.0,26.6,26.7,52.5,56.2,56.7,90.6,87.6,89.3,3.7,4.0,3.1,stable
29.0,29.9,29.2,49.2,56.4,54.0,45.7,51.5,41.2,0.2,3.5,1.5,stable
23.2,24.5,24.3,82.0,74.9,79.5,58.4,56.8,59.0,4.8,3.8,4.2,stable
35.7,38.0,40.3,48.3,47.8,49.4,63.7,66.6,71.6,9.2,9.0,7.2,future_root_zone_stress
28.4,28.0,28.7,67.3,69.9,74.7,77.5,80.8,73.5,3.3,1.6,3.6,stable
36.9,37.1,37.7,71.6,64.2,73.4,68.1,73.2,72.2,2.3,3.7,2.3,stable
34.7,31.7,34.5,66.2,62.6,67.9,40.9,38.2,41.8,2.9,4.5,5.1,stable
32.0,29.8,29.8,51.1,55.4,47.5,43.3,49.6,48.8,3.5,3.4,2.7,stable
27.6,26.6,29.7,67.4,76.3,70.9,68.3,69.9,72.0,3.9,3.6,3.3,stable
42.4,42.5,43.2,36.8,48.5,42.9,36.1,37.5,36.7,7.6,7.8,7.9,future_water_stress
30.5,31.8,34.9,48.1,36.1,35.4,86.7,91.4,83.2,4.9,5.9,5.2,stable
26.1,28.2,29.3,51.3,56.8,49.3,40.4,44.7,37.7,1.6,2.1,3.0,stable
34.0,35.6,38.5,50.6,51.3,55.8,57.1,56.4,54.1,5.4,5.2,5.4,future_root_zone_stress
26.0,28.7,27.0,56.6,64.9,55.9,62.4,61.2,61.8,3.1,5.7,4.9,stable
31.8,32.6,32.6,58.1,55.3,53.2,89.8,80.7,83.1,2.6,3.5,3.1,stable
25.9,30.6,29.8,46.1,40.2,39.4,46.8,46.0,43.6,3.3,3.5,4.2,stable
41.9,42.6,42.3,22.6,20.1,22.0,96.0,96.8,92.0,7.9,7.6,8.0,future_heat_stress
31.2,33.7,35.3,68.9,72.4,75.0,5.7,10.8,11.2,8.0,7.4,6.4,future_water_stress
30.2,28.4,33.0,86.0,94.5,92.3,75.6,73.0,73.2,4.8,3.6,2.8,stable
24.7,23.1,25.5,70.6,74.2,71.9,71.3,70.6,77.7,1.5,2.7,2.2,stable
31.5,34.5,32.6,45.5,49.7,49.7,57.6,58.0,62.1,1.6,1.6,2.2,stable
34.2,34.6,37.3,36.2,35.5,33.7,38.4,40.3,34.7,8.8,7.3,6.5,future_root_zone_stress
32.3,29.5,33.9,62.7,68.8,62.5,59.5,49.4,53.2,3.6,4.2,2.9,stable
33.6,34.2,34.7,44.9,48.3,46.3,63.7,63.8,66.8,4.1,4.5,3.1,stable
30.4,28.8,32.0,56.3,60.3,59.6,50.6,58.7,54.1,3.7,2.5,5.0,stable
21.4,24.5,25.5,60.0,63.4,67.0,66.0,71.1,65.6,3.7,2.9,2.2,stable
31.2,32.4,34.0,31.3,33.9,28.6,83.9,86.9,85.7,3.8,1.9,3.5,stable
28.0,30.9,30.3,79.1,82.6,82.3,71.7,68.7,69.2,4.6,4.0,3.1,stable
34.9,37.2,34.9,54.7,52.2,53.7,60.9,61.9,66.4,3.9,6.8,6.1,future_heat_stress
32.6,32.8,33.0,40.7,36.6,39.2,66.7,64.7,62.7,8.4,6.5,6.1,stable
31.4,33.9,35.9,57.1,55.5,54.9,56.4,62.4,60.4,3.3,4.6,5.1,stable
28.2,25.1,27.7,79.4,70.7,79.2,43.1,45.7,45.9,5.0,4.5,4.4,stable
25.9,28.4,29.7,62.6,68.0,63.7,53.4,54.1,60.8,6.2,3.8,3.8,stable
31.4,33.1,30.0,45.5,45.7,44.6,60.2,59.3,60.4,4.0,4.1,2.6,stable
29.8,30.6,30.8,49.4,47.3,46.4,84.0,83.9,85.8,2.1,1.8,3.3,stable
30.8,30.2,29.5,66.8,61.6,62.2,58.0,57.7,59.9,2.7,5.1,5.5,stable
34.4,34.7,38.1,59.1,57.7,59.9,45.2,51.8,50.2,6.9,4.6,4.7,stable
26.8,27.1,29.6,78.5,80.6,82.0,70.5,75.7,69.2,5.7,3.9,4.2,stable
36.2,36.2,37.9,57.5,59.5,56.8,77.1,79.7,76.7,5.6,4.6,6.2,stable
42.7,40.7,43.2,42.1,42.8,42.1,74.4,71.5,75.5,5.4,6.7,6.5,future_heat_stress
27.8,30.4,32.1,39.6,45.2,45.8,55.5,51.5,53.1,4.5,4.8,4.5,stable
30.1,28.7,29.7,60.0,62.2,59.6,49.7,58.7,56.6,1.7,2.2,2.6,stable
25.7,23.6,24.9,68.3,69.4,69.7,60.6,50.4,55.3,3.3,2.7,3.1,stable
27.5,28.8,32.3,47.4,50.4,45.2,65.9,77.3,68.3,3.2,2.7,4.1,stable
29.3,28.1,30.9,61.5,70.0,68.9,60.2,64.1,58.4,3.3,3.5,3.1,stable
32.5,29.2,33.0,52.6,51.7,53.9,65.4,66.6,66.3,3.1,3.3,3.1,stable
32.8,34.9,34.8,49.5,47.9,47.8,47.5,52.3,50.0,5.2,3.9,5.7,stable
27.3,30.0,31.7,53.5,62.3,60.0,81.0,83.3,82.0,1.8,3.0,4.0,stable
34.6,35.9,36.2,66.3,74.7,71.5,58.7,55.9,63.4,3.8,4.2,3.2,future_root_zone_stress
32.5,32.3,33.8,74.3,73.7,68.1,59.1,53.3,52.5,5.0,7.6,6.7,future_heat_stress
27.2,27.6,26.6,77.6,75.9,78.5,67.1,76.0,70.7,1.1,2.6,1.8,stable
40.7,41.4,40.6,52.1,46.2,48.2,39.6,44.0,41.1,7.4,6.9,6.8,future_heat_stress
26.8,25.5,26.7,53.2,54.1,49.5,52.0,45.1,51.2,5.2,4.3,5.3,stable
26.6,24.9,27.7,80.5,69.2,78.3,44.4,44.1,38.7,2.3,2.8,3.1,stable
32.5,35.7,35.2,61.8,55.1,58.5,71.7,70.5,69.9,5.0,6.1,5.0,future_water_stress
27.0,26.5,31.8,76.2,69.7,68.6,52.5,49.9,47.9,6.6,6.7,8.0,future_water_stress
29.2,33.1,32.8,56.7,62.7,61.9,49.7,45.1,45.1,6.4,5.4,4.6,future_root_zone_stress
23.2,25.6,26.0,66.1,73.1,73.2,60.7,57.8,64.2,1.9,3.8,4.3,stable
31.9,33.2,34.6,42.3,52.4,45.8,83.5,89.1,88.7,2.3,3.4,2.7,stable
35.8,36.9,35.5,51.4,44.4,41.1,31.2,31.8,32.0,2.1,4.6,5.2,future_heat_stress
31.9,31.7,31.1,49.9,52.6,53.7,26.4,22.8,22.1,8.2,8.1,7.4,future_root_zone_stress
31.3,32.1,34.9,48.4,48.2,44.5,72.5,75.7,74.4,6.9,4.2,5.0,stable
25.0,25.3,27.5,73.1,75.6,65.6,71.6,74.1,67.1,1.2,1.4,2.4,stable
34.4,34.7,33.1,64.5,58.1,60.7,77.9,76.6,76.0,3.7,6.1,4.8,stable
30.8,31.3,31.4,48.6,46.5,46.1,45.3,53.5,47.0,0.5,4.3,2.9,stable
29.7,33.6,33.3,87.7,89.7,94.5,51.3,54.1,53.2,1.9,4.2,3.4,stable
28.1,28.8,29.8,40.7,46.5,39.5,41.8,48.9,44.9,4.7,3.5,2.5,stable
21.3,23.0,23.8,63.3,70.4,71.0,62.1,71.1,69.9,2.8,3.5,3.1,stable
28.8,31.2,35.4,58.8,63.5,54.0,63.9,61.5,66.5,3.8,3.1,4.3,stable
26.3,23.1,24.3,70.9,66.7,68.0,58.2,62.2,64.4,9.9,10.1,8.6,stable
43.2,44.4,44.4,63.2,56.8,60.5,79.2,81.1,79.9,3.9,4.1,2.7,stable
35.2,35.0,36.3,70.8,67.9,63.4,75.1,82.8,79.6,5.6,5.5,5.5,future_root_zone_stress
32.6,34.7,34.3,28.7,34.7,33.0,65.8,72.8,76.7,10.0,7.9,7.0,future_heat_stress
34.7,33.4,34.8,58.2,57.8,58.7,68.5,65.1,65.4,1.4,3.9,3.2,stable
30.4,31.0,33.4,71.3,78.9,76.1,92.0,86.5,85.2,2.7,3.6,3.6,stable
39.1,38.3,39.6,57.6,60.4,64.5,88.2,80.2,81.6,2.8,4.9,4.9,stable
41.3,41.7,42.0,40.8,48.7,44.7,63.1,66.9,63.9,7.6,4.7,5.2,stable
24.2,25.2,26.8,50.8,42.5,42.5,56.9,54.8,59.0,3.3,0.9,2.3,stable
34.2,33.4,37.8,31.1,30.6,34.5,62.1,63.1,66.9,8.4,10.2,9.1,future_root_zone_stress
30.8,31.2,30.5,74.6,81.3,80.1,56.1,56.3,57.4,2.4,4.0,2.8,stable
31.3,30.5,30.8,59.0,67.2,68.5,65.1,68.8,65.2,2.7,5.6,4.8,stable
37.7,38.5,41.2,22.3,34.9,29.9,73.6,77.7,80.4,5.9,5.6,6.1,stable
24.3,25.1,26.5,68.0,57.9,58.5,48.6,39.6,39.4,3.3,2.5,3.1,stable
28.6,28.1,29.8,22.4,20.4,16.0,68.1,61.7,63.8,6.0,5.3,4.5,stable
32.0,31.0,32.6,52.0,58.1,47.4,43.6,40.5,42.0,2.3,3.7,2.6,stable
36.3,36.9,37.7,42.0,40.3,41.8,57.9,64.9,67.1,3.6,4.9,3.6,future_heat_stress
22.8,24.1,24.8,61.2,63.0,65.0,74.9,81.8,73.9,4.4,2.6,3.5,stable
29.2,29.1,30.0,59.2,62.0,61.0,45.3,51.2,47.4,3.3,2.0,2.6,stable
34.6,34.6,34.6,63.5,72.4,67.2,85.9,95.3,90.3,4.8,6.2,5.7,stable
31.2,34.2,33.9,66.2,70.1,68.0,23.7,23.4,19.4,5.7,4.0,5.4,future_water_stress
38.7,39.2,39.3,26.3,32.7,30.6,36.4,28.9,33.9,8.3,10.6,9.2,future_water_stress
26.3,23.1,24.5,59.8,62.6,57.4,64.7,66.4,62.3,6.1,6.0,4.2,stable
24.8,24.3,25.6,57.9,58.2,58.0,54.1,48.2,48.4,3.0,2.8,2.2,stable
37.0,38.6,35.7,62.5,66.4,69.3,46.4,45.6,42.1,6.3,6.2,7.6,future_water_stress
32.7,30.4,30.9,50.9,63.5,58.2,34.6,39.3,34.7,4.5,3.4,3.5,stable
28.0,28.8,29.7,60.1,56.5,58.3,64.5,63.3,61.1,4.2,5.0,4.4,stable
37.9,41.6,43.1,46.7,44.3,35.0,32.1,32.1,22.8,9.2,8.3,7.3,future_water_stress
33.6,34.4,33.6,67.2,70.4,72.5,50.5,53.2,52.4,5.1,2.8,4.2,stable
39.9,40.8,38.2,51.1,47.3,47.0,48.8,58.3,52.1,6.3,7.4,7.2,future_heat_stress
36.6,34.1,37.8,51.2,54.0,56.6,73.9,75.3,77.3,7.1,5.0,5.0,future_heat_stress
28.4,29.5,31.1,70.9,72.3,65.4,67.8,67.5,70.1,5.4,4.0,3.6,stable
43.0,44.0,43.5,23.9,11.8,18.0,70.3,75.0,71.7,9.3,7.3,7.6,future_heat_stress
31.4,35.0,34.2,59.2,59.0,62.7,56.0,49.6,49.2,5.1,5.8,6.1,future_heat_stress
32.2,32.6,31.7,52.9,59.1,54.4,47.7,47.3,48.6,7.7,7.3,6.0,future_heat_stress
31.2,30.0,29.9,66.3,73.6,66.3,65.2,64.0,66.5,4.2,3.4,4.5,stable
30.4,30.4,31.2,44.6,49.7,45.0,55.4,45.9,49.3,6.2,5.4,6.8,future_water_stress
34.1,36.1,38.8,36.7,42.2,40.2,44.3,47.5,44.2,10.0,7.4,8.4,future_heat_stress
21.1,19.2,22.9,42.0,45.3,39.2,59.8,63.7,61.9,1.3,3.1,2.9,stable
33.6,34.0,37.5,40.3,33.8,44.0,32.9,29.3,35.1,5.5,5.9,7.1,future_water_stress
37.5,39.3,41.9,49.7,45.0,41.9,66.5,63.4,59.0,9.6,6.4,7.4,future_heat_stress
30.5,33.7,32.4,78.4,88.0,84.2,66.7,67.5,67.2,4.9,3.2,4.7,stable
30.9,30.9,33.0,68.8,61.9,65.2,63.8,59.6,62.5,-0.2,1.9,2.3,stable
31.3,34.9,32.0,63.4,64.9,70.1,57.1,61.1,64.6,1.7,3.8,4.4,stable
26.7,27.0,29.3,50.3,50.4,58.4,59.4,56.6,53.0,1.8,0.1,1.3,stable
27.2,26.8,26.5,63.3,66.9,64.5,59.2,62.6,60.7,3.4,1.3,1.5,stable
28.8,29.7,29.4,40.3,51.7,44.9,44.8,38.9,49.2,7.0,8.5,7.0,future_heat_stress
29.0,31.9,32.7,68.2,65.8,67.0,29.2,26.3,26.4,6.8,3.4,4.4,future_water_stress
38.5,40.0,39.4,61.9,58.5,54.9,43.4,38.4,39.0,8.0,8.1,6.8,future_root_zone_stress
21.0,22.0,22.2,73.8,72.5,76.8,95.9,100.2,99.0,5.8,5.5,3.6,stable
38.1,35.5,38.3,42.2,36.7,42.5,42.9,35.4,43.7,7.9,7.2,6.8,future_water_stress
44.9,44.0,44.8,38.0,39.6,38.6,74.1,70.6,65.8,7.2,6.8,7.1,future_water_stress
35.2,37.0,36.1,56.0,53.0,56.2,73.4,69.7,66.4,7.7,7.1,8.0,future_heat_stress
30.2,32.4,32.0,58.3,53.4,58.5,97.0,96.4,91.6,4.3,2.6,2.9,stable
33.2,33.3,33.3,67.8,55.2,57.9,13.1,20.5,20.9,6.8,7.1,7.6,future_water_stress
39.0,38.8,40.5,56.5,61.9,61.4,46.1,42.8,42.0,9.9,8.1,8.0,future_heat_stress
29.2,28.7,28.2,77.9,78.9,80.0,77.7,74.7,78.0,6.8,3.8,5.4,stable
33.4,30.8,35.1,61.8,57.9,61.4,25.1,29.6,27.6,3.1,1.7,1.6,future_root_zone_stress
26.5,28.0,32.3,74.6,76.0,73.1,48.2,48.6,48.9,3.4,2.3,3.2,stable
34.9,34.0,35.1,33.6,26.7,34.6,55.7,57.8,57.7,8.8,8.1,8.3,future_root_zone_stress
32.5,29.3,32.1,32.9,34.1,36.3,11.6,10.4,18.4,4.3,5.5,5.3,future_water_stress
26.0,28.0,28.6,71.4,64.0,59.5,68.6,66.2,64.5,3.0,0.7,1.8,stable
34.5,32.0,32.8,41.1,38.4,45.4,78.8,78.9,82.5,2.0,0.5,3.0,stable
37.1,35.1,39.2,60.4,59.3,61.4,80.3,71.0,74.9,8.4,5.4,5.3,stable
31.1,34.3,36.9,40.9,39.3,44.4,54.2,56.8,52.0,8.8,10.1,9.6,future_heat_stress
28.6,30.0,29.2,70.0,67.5,66.0,34.9,34.6,36.3,4.3,6.0,6.6,future_root_zone_stress
25.5,28.5,28.1,64.5,65.6,64.0,69.1,67.6,72.3,1.8,3.5,2.1,stable
29.9,31.9,33.6,47.4,60.3,49.7,73.9,66.2,64.5,6.5,4.2,3.3,stable
31.6,33.6,35.2,66.5,59.8,59.0,59.4,59.6,64.1,5.3,3.1,4.4,stable
19.2,22.1,23.1,90.8,89.3,87.4,59.8,53.2,56.3,3.1,2.6,2.3,stable
28.2,31.2,31.9,65.2,64.5,67.1,62.8,69.4,60.2,2.9,4.1,3.3,stable
31.9,30.6,34.0,60.0,66.2,59.2,40.1,45.8,43.3,3.5,5.0,5.5,stable
28.9,27.3,30.2,58.9,66.2,69.9,61.8,56.6,62.5,5.5,5.8,5.6,stable
26.0,24.4,24.8,61.2,55.9,52.5,51.3,56.8,49.0,5.7,3.6,4.3,stable
26.8,28.9,27.8,63.8,70.1,69.2,51.5,47.9,44.6,4.7,2.4,2.9,stable
33.8,32.7,34.2,66.2,69.9,63.5,62.6,61.7,59.3,7.6,6.0,6.0,stable
33.2,33.5,32.4,63.1,62.5,71.3,43.8,36.5,41.0,6.7,4.1,5.8,future_root_zone_stress
37.9,38.4,37.1,65.4,55.9,52.4,51.4,49.1,44.6,4.2,2.2,4.7,stable
32.9,34.1,35.1,64.6,60.1,62.3,80.1,83.7,77.9,7.2,4.3,5.9,future_heat_stress
31.9,32.8,35.9,68.2,77.1,75.7,65.5,69.3,69.1,8.5,4.9,6.6,future_water_stress
38.6,36.9,38.5,49.5,51.9,57.3,62.9,68.0,67.4,8.1,5.6,6.3,future_root_zone_stress
39.9,38.4,36.9,58.7,54.3,55.1,80.7,82.7,79.0,8.2,7.4,6.2,future_heat_stress
30.1,34.0,34.0,79.8,80.7,81.2,74.3,76.6,75.1,4.9,5.3,4.5,stable
37.6,39.3,37.5,42.8,47.2,48.5,24.9,21.4,26.6,4.4,4.5,4.0,future_water_stress
25.6,27.9,29.9,52.3,52.0,44.7,44.7,46.8,53.3,8.6,5.9,7.3,future_heat_stress
29.5,25.5,27.6,65.2,61.1,64.1,76.0,83.7,79.9,2.6,3.5,3.9,stable
37.6,38.0,40.5,51.6,51.0,46.1,42.1,40.0,42.8,11.8,8.5,8.6,future_water_stress
23.5,23.8,24.1,63.1,70.4,65.5,61.5,61.5,61.9,3.3,2.6,3.4,stable
32.0,35.6,33.3,53.2,39.8,42.9,65.0,67.0,67.6,8.9,6.4,7.4,future_root_zone_stress
31.6,32.0,35.4,49.7,50.2,55.3,77.9,75.9,75.5,4.9,6.0,5.8,stable
33.7,32.6,31.5,54.8,51.1,44.3,58.8,54.7,53.6,6.0,5.5,7.0,stable
35.7,33.3,36.0,59.7,57.1,62.9,26.7,31.4,26.6,3.1,2.7,3.5,future_root_zone_stress
24.0,22.6,23.9,60.1,57.3,58.2,53.9,59.3,54.3,3.1,3.2,4.7,stable
29.4,30.7,30.0,88.0,81.1,85.7,74.4,74.0,72.7,6.1,4.6,4.8,stable
34.6,32.0,34.7,76.1,65.4,67.2,81.2,88.3,82.7,1.7,3.0,2.9,stable
31.0,31.1,32.3,79.1,71.4,72.4,73.0,68.8,73.9,3.4,3.2,2.2,stable
29.2,33.5,33.0,43.5,40.8,42.0,44.8,44.3,41.3,4.2,7.2,7.2,stable
25.4,24.6,24.7,67.0,53.7,65.1,54.1,53.9,55.3,4.5,2.5,4.1,stable
40.4,40.1,39.7,76.7,74.9,65.4,88.9,91.8,85.8,6.7,3.6,4.1,stable
26.5,26.4,30.0,59.7,59.8,61.3,36.9,39.6,40.5,4.3,4.6,4.4,future_root_zone_stress
35.7,37.5,36.0,22.2,24.0,16.1,64.2,69.5,60.5,10.6,8.3,9.1,future_water_stress
36.5,34.0,35.2,43.6,49.9,49.6,13.1,12.9,11.8,6.7,6.9,7.3,future_water_stress
47.3,46.2,46.8,24.2,20.6,17.4,53.9,55.6,50.7,9.9,8.1,8.5,future_heat_stress
37.8,33.6,36.1,67.4,65.5,57.0,39.3,38.8,38.3,6.6,7.1,7.2,future_heat_stress
38.3,37.0,40.6,58.5,57.1,63.6,62.9,64.6,58.1,3.6,4.6,5.5,future_water_stress
25.0,25.8,25.5,62.7,69.6,67.8,57.0,65.4,62.4,4.7,5.7,5.1,stable
32.9,32.0,35.3,75.9,76.6,79.4,45.9,40.9,37.7,8.1,4.6,5.5,future_water_stress
28.1,32.0,30.5,59.9,62.4,57.6,77.9,77.2,74.5,3.6,1.6,3.0,stable
29.1,27.7,28.6,73.1,80.2,83.1,57.3,59.7,56.0,5.5,3.6,3.7,stable
22.2,21.4,21.1,62.6,68.3,60.2,49.6,54.2,54.4,4.9,3.6,2.9,stable
29.4,28.7,29.0,73.8,71.1,72.7,73.8,74.1,74.9,3.1,4.5,3.4,stable
26.6,27.5,29.1,53.2,57.0,55.4,55.6,50.9,56.9,7.4,6.3,4.2,stable
29.0,32.1,34.6,63.5,60.7,57.5,74.5,73.2,79.6,3.7,4.5,5.0,stable
26.5,27.5,30.4,54.4,59.7,57.2,61.5,62.8,58.2,3.6,3.7,2.1,stable
30.1,33.8,31.6,51.9,52.1,56.7,87.5,92.4,86.3,6.7,4.3,4.5,stable
27.5,31.7,30.9,81.3,74.9,81.2,70.3,70.2,72.1,5.1,4.5,4.1,stable
35.1,36.3,34.1,55.6,56.0,56.0,44.7,50.1,44.2,1.7,1.9,1.4,stable
29.5,30.2,31.3,23.1,17.7,16.4,63.1,66.5,66.5,5.1,5.0,6.7,stable
26.8,28.2,28.5,88.5,84.7,84.1,69.7,61.7,66.1,3.9,3.2,3.8,stable
31.3,31.8,33.7,55.2,60.2,59.1,69.4,73.8,79.1,2.6,3.6,3.9,stable
30.8,31.1,31.5,46.4,43.5,46.2,65.8,66.5,69.8,6.0,6.8,7.2,future_heat_stress
29.7,29.0,33.5,86.9,81.1,81.9,35.3,29.2,27.0,4.5,4.2,5.4,future_root_zone_stress
24.4,26.0,25.9,80.1,76.0,79.1,44.5,36.7,46.1,1.1,4.2,4.0,stable
31.6,29.7,31.8,82.9,84.4,78.6,81.5,74.4,82.1,4.9,3.9,3.7,stable
47.8,47.7,47.5,14.3,19.1,11.9,39.3,39.8,38.8,9.2,9.5,9.9,future_heat_stress
27.6,25.7,27.8,63.3,62.4,54.6,38.2,42.6,31.3,5.0,4.4,6.0,future_water_stress
22.6,21.2,24.3,46.0,44.3,40.2,40.3,46.5,40.7,1.9,2.7,2.6,stable
32.2,29.6,30.7,68.5,61.8,73.1,34.9,45.2,41.3,1.8,4.8,5.2,stable
33.4,30.4,33.6,80.5,78.6,80.8,63.5,55.6,62.4,5.8,4.2,4.5,stable
30.8,30.7,31.7,57.2,62.9,60.6,97.2,93.8,97.1,4.7,3.7,3.5,stable
24.4,23.1,25.9,69.4,66.6,71.8,85.9,87.7,86.4,2.2,2.7,3.9,stable
33.2,34.4,36.2,54.2,61.9,54.8,68.8,60.6,60.1,6.7,7.7,6.4,stable
28.4,29.6,32.2,93.3,86.8,86.3,70.9,60.7,62.6,1.7,1.2,3.0,stable
42.4,43.1,44.5,41.3,47.7,52.1,46.7,50.8,49.0,7.3,6.2,8.0,future_root_zone_stress
29.3,30.8,29.9,51.6,48.0,52.6,40.2,41.0,43.0,0.5,2.2,1.9,stable
27.8,27.2,29.5,45.3,49.0,43.3,69.0,76.7,74.4,-0.0,-0.7,-1.1,stable
23.4,28.0,25.5,63.3,52.1,53.9,78.6,78.7,75.1,1.4,4.4,3.1,stable
33.9,33.9,34.6,34.2,33.6,32.5,69.1,67.2,68.0,7.2,6.8,6.6,future_water_stress
32.6,34.8,35.3,60.3,65.6,62.5,45.8,49.5,48.9,4.9,2.5,2.5,stable
30.6,32.9,34.4,57.1,54.1,55.9,36.8,27.9,32.5,2.5,5.7,3.8,future_water_stress
28.0,29.2,30.8,66.1,67.6,75.7,82.9,80.4,85.9,2.8,3.9,3.7,stable
38.3,37.2,41.6,57.0,56.5,61.9,38.7,36.1,38.9,4.6,5.9,6.2,stable
31.9,31.6,32.9,75.5,76.6,72.5,43.7,39.8,40.5,5.6,5.6,5.8,future_root_zone_stress
25.2,27.4,27.5,80.8,80.4,71.7,83.8,74.1,75.4,1.5,0.7,1.5,stable
28.7,30.2,30.6,71.8,59.5,66.6,35.4,35.4,34.7,6.5,5.7,4.6,future_root_zone_stress
31.8,33.0,34.1,65.6,69.1,67.6,8.7,18.0,16.0,4.9,5.6,5.5,future_water_stress
27.9,25.5,28.9,91.1,84.5,81.1,65.0,64.9,64.1,2.6,2.4,3.7,stable
37.6,35.4,37.6,30.1,28.4,23.6,64.8,70.8,62.8,5.0,5.3,4.8,stable
24.0,23.7,24.7,48.1,52.1,54.0,85.6,87.1,85.5,3.9,2.6,4.5,stable
36.5,37.2,38.6,22.4,23.9,25.1,47.3,47.9,51.1,6.6,9.8,7.5,future_water_stress
26.9,27.2,28.2,53.5,59.3,59.8,43.3,54.8,49.0,4.1,2.8,2.8,stable
32.8,32.0,32.9,88.0,83.7,84.4,50.4,55.6,54.5,8.6,6.5,6.5,future_root_zone_stress
27.0,27.2,28.6,74.8,78.7,74.5,57.0,56.3,59.5,3.9,2.9,4.5,stable
21.4,26.1,24.5,63.0,64.6,58.6,75.4,70.2,72.3,5.2,2.8,4.2,stable
36.2,34.4,35.9,46.1,44.8,47.7,46.2,43.1,46.0,3.9,4.4,4.7,stable
34.7,31.4,35.5,75.1,72.2,68.5,37.7,32.2,37.1,6.6,3.8,4.5,future_water_stress
27.3,29.0,30.8,43.0,51.2,45.7,64.9,61.9,68.3,1.0,3.2,2.2,stable
37.9,39.4,40.3,46.4,39.9,43.7,40.7,37.9,39.7,9.3,10.4,10.8,future_heat_stress
35.5,34.0,36.2,33.9,24.5,29.9,71.6,80.0,75.4,6.4,6.7,6.6,stable
35.1,33.6,38.1,47.3,39.4,45.0,68.2,70.5,66.9,7.4,7.1,6.8,stable
36.0,38.9,38.0,30.3,30.4,32.6,53.0,51.5,51.9,10.4,9.1,8.1,future_heat_stress
36.2,37.4,36.8,30.2,24.8,33.7,65.4,73.1,70.1,6.8,5.6,5.7,stable
28.0,26.7,27.4,58.8,67.4,67.3,44.9,52.1,50.0,5.7,6.0,4.2,stable
46.6,48.8,51.2,25.1,36.6,33.9,68.7,65.1,68.3,10.4,9.5,7.6,future_heat_stress
26.9,27.5,25.0,73.6,80.0,75.2,67.6,65.1,63.6,2.2,4.1,3.7,stable
22.5,23.6,24.8,64.5,56.6,66.9,63.3,59.3,59.0,5.2,3.9,4.7,stable
27.4,27.7,29.3,80.8,70.3,70.6,63.4,66.5,66.3,2.2,4.3,2.7,stable
28.0,27.5,30.3,66.9,67.4,61.1,77.1,75.0,80.9,3.1,4.2,5.8,stable
25.6,29.5,28.3,64.1,65.1,57.7,49.8,60.1,58.9,1.2,2.3,1.9,stable
28.0,28.2,27.6,67.8,65.8,64.7,39.9,45.9,48.5,6.5,7.1,5.6,future_root_zone_stress
34.2,33.6,37.9,37.6,29.3,35.3,74.4,81.2,78.7,3.2,3.7,4.0,stable
34.5,33.1,34.1,52.0,51.1,50.9,75.8,75.0,73.5,5.9,7.4,6.4,stable
25.8,24.9,28.5,65.1,55.8,63.4,53.2,51.3,54.3,6.0,4.5,5.9,stable
28.3,27.0,28.6,58.3,51.1,56.6,75.9,83.4,74.3,1.6,0.7,2.2,stable
34.4,36.4,39.3,31.2,19.6,22.3,59.4,55.5,52.6,7.4,5.6,5.3,future_heat_stress
23.3,24.0,23.8,80.8,74.9,76.0,68.0,68.3,67.6,3.5,3.7,3.6,stable
32.2,31.9,31.3,61.1,64.1,65.4,52.8,50.9,51.2,8.9,7.3,8.1,future_heat_stress
29.7,27.6,31.3,61.1,64.4,68.8,56.2,48.3,46.3,2.0,4.8,2.9,stable
44.6,47.5,45.2,44.4,48.9,54.6,53.7,59.5,52.8,10.6,7.0,8.2,future_heat_stress
27.6,28.1,27.7,68.0,69.0,67.3,31.5,33.1,29.2,5.5,4.7,5.9,future_water_stress
38.1,37.6,37.1,58.0,57.2,54.8,47.9,43.0,42.1,5.9,4.2,4.4,future_heat_stress
26.4,31.3,31.5,78.1,72.6,76.6,81.7,81.6,83.2,6.4,6.1,6.8,future_root_zone_stress
29.1,25.0,29.9,86.8,93.9,92.3,67.0,65.9,62.8,5.0,4.5,5.0,stable
37.9,37.8,37.0,82.5,78.6,79.8,71.7,68.0,72.6,2.5,3.0,3.0,future_water_stress
28.4,28.2,26.8,69.9,71.8,70.4,51.2,50.5,48.1,0.4,3.9,2.9,stable
37.4,37.6,36.9,57.9,57.5,59.8,26.0,34.9,27.7,6.8,7.2,6.3,future_root_zone_stress
29.2,29.0,29.1,64.9,57.6,57.0,29.3,21.8,28.8,5.3,6.2,5.3,future_water_stress
35.8,37.0,39.2,58.3,61.3,61.0,42.8,37.2,39.1,6.6,6.4,6.8,future_root_zone_stress
35.4,36.5,36.1,43.3,45.7,49.1,67.8,64.5,70.0,6.0,3.9,4.1,stable
30.4,31.0,31.7,58.5,61.2,61.2,29.5,31.8,30.9,5.5,5.2,5.7,future_root_zone_stress
34.1,33.1,35.9,31.9,35.3,28.0,68.9,75.7,70.3,5.8,6.5,6.0,stable
39.8,39.3,40.7,34.5,31.0,39.1,54.0,49.8,57.8,5.7,6.8,7.1,future_heat_stress
40.8,41.5,39.7,44.6,37.7,45.2,39.0,41.1,37.3,8.8,8.8,9.4,future_water_stress
24.3,27.9,26.7,65.5,56.9,61.0,63.8,65.6,58.0,5.6,3.7,3.1,stable
32.7,29.2,33.5,59.0,49.3,55.8,47.0,52.5,52.5,8.2,7.4,6.9,future_water_stress
34.4,35.8,35.0,44.2,47.2,43.7,60.5,60.1,65.5,8.4,9.6,7.8,stable
32.9,31.8,32.0,45.7,42.5,41.6,48.8,49.1,49.2,7.3,6.2,5.7,future_water_stress
34.5,31.6,33.1,54.9,49.7,48.5,47.5,45.5,47.5,6.7,6.8,4.3,future_water_stress
35.3,36.6,35.9,58.6,56.0,53.6,39.2,40.4,43.7,5.6,5.7,6.9,future_root_zone_stress
37.3,37.6,39.6,50.0,45.8,51.1,81.6,69.6,71.7,5.8,5.9,5.0,stable
28.7,30.7,29.8,66.9,74.0,73.1,48.2,39.0,45.7,0.5,1.1,3.0,stable
33.6,32.9,32.3,42.7,50.8,52.4,30.3,35.0,33.8,10.6,9.6,10.5,future_water_stress
25.4,28.6,27.6,59.3,53.2,58.0,32.6,33.1,37.0,6.8,5.1,6.6,future_root_zone_stress
29.1,30.1,30.3,57.9,67.3,66.4,26.4,24.2,29.6,3.5,4.7,5.1,future_root_zone_stress
25.0,25.4,27.1,53.2,65.9,64.3,54.0,48.4,48.4,1.2,2.8,2.9,stable
29.7,32.1,33.0,56.6,60.3,62.6,51.6,51.0,50.3,3.4,4.6,3.9,stable
28.4,30.2,29.3,61.0,66.7,57.9,71.3,69.3,70.2,2.2,3.2,4.7,stable
25.6,27.0,26.1,73.5,65.1,68.8,71.7,70.0,70.1,2.7,2.8,4.2,stable
32.9,33.7,37.1,59.8,55.0,55.9,43.9,50.9,48.6,4.1,3.6,5.3,stable
35.3,38.4,40.4,16.4,9.3,9.1,55.1,55.0,50.5,4.0,3.8,4.7,stable
25.9,25.2,27.1,67.3,69.2,65.9,65.5,59.1,60.3,3.1,2.5,2.7,stable
30.4,30.2,31.5,64.8,59.9,56.1,56.8,56.1,53.7,6.3,5.9,3.9,stable
38.8,34.4,36.3,40.7,45.3,39.7,72.0,65.0,66.9,7.2,7.2,6.6,future_heat_stress
23.8,27.2,27.8,53.5,52.9,57.7,71.4,78.2,75.5,1.3,5.3,4.9,stable
27.7,30.3,30.0,32.9,38.6,38.8,75.8,83.9,80.8,5.8,5.3,5.3,stable
29.0,28.9,31.0,59.6,62.1,60.1,45.5,41.9,42.2,4.4,2.4,1.2,stable
26.4,27.5,27.4,56.2,53.3,52.5,98.2,89.6,92.6,3.6,2.9,2.7,stable
34.1,34.6,33.8,36.9,39.9,40.0,36.9,38.9,37.7,5.6,6.7,5.5,future_water_stress
38.2,36.4,39.9,40.3,40.0,40.4,89.3,83.8,81.1,4.5,5.4,4.3,stable
26.3,30.2,31.2,79.7,76.8,76.5,74.2,70.7,72.0,6.7,6.3,4.8,stable
32.6,29.5,33.1,66.3,72.5,70.9,50.0,46.0,52.2,3.3,3.2,3.8,stable
32.7,32.8,37.6,77.7,80.6,78.0,55.9,59.4,61.7,6.6,6.1,4.7,future_root_zone_stress
27.8,24.0,29.5,86.8,83.1,75.1,74.7,67.3,68.0,4.9,5.0,6.3,stable
36.7,35.9,37.8,41.9,41.4,50.0,34.2,39.7,42.8,9.0,8.3,9.3,future_water_stress
38.7,37.9,39.3,12.8,9.3,7.0,53.7,48.8,50.8,4.9,7.7,7.7,future_water_stress
34.1,37.4,34.7,51.6,50.1,49.0,38.4,37.8,41.5,3.3,5.2,4.5,future_water_stress
33.1,37.1,36.0,45.3,43.4,43.2,68.4,78.0,73.3,2.9,3.0,5.7,stable
29.4,30.3,29.4,79.1,79.9,78.0,35.8,31.2,27.0,8.4,5.7,6.2,future_root_zone_stress
21.4,23.5,23.4,68.9,69.4,69.8,79.3,82.0,78.8,2.1,4.7,4.9,stable
28.6,27.0,27.7,68.0,58.4,63.1,80.3,82.0,79.8,0.1,-0.8,0.3,stable
28.9,30.4,29.8,89.2,85.1,83.7,84.5,78.7,78.3,1.4,4.5,4.2,stable
26.0,24.8,27.1,71.0,76.1,77.6,91.5,98.0,96.2,1.9,4.1,3.9,stable
36.3,38.0,36.9,23.2,30.3,32.2,66.9,67.9,70.9,4.7,7.0,7.0,future_heat_stress
34.8,34.5,34.8,59.1,66.6,64.0,65.0,62.6,65.4,1.2,2.4,1.8,stable
27.9,30.5,29.3,54.5,53.7,50.1,61.0,63.7,59.6,1.5,2.2,3.5,stable
35.5,38.2,37.5,61.6,56.1,59.2,79.8,76.6,75.6,4.2,1.5,2.2,stable
28.5,28.6,31.2,54.7,65.6,55.3,65.1,71.5,67.6,4.0,4.6,3.7,stable
34.2,36.8,36.8,47.8,56.8,57.6,57.1,56.9,62.4,6.2,4.9,5.8,stable
25.0,25.5,29.3,82.3,80.6,75.3,73.2,61.5,67.1,3.3,5.1,4.8,stable
30.8,28.3,30.0,62.3,65.4,67.2,54.3,54.3,52.8,2.3,4.7,4.2,stable
28.5,26.6,28.1,69.8,71.7,73.4,52.6,52.1,53.7,5.0,2.3,3.5,future_root_zone_stress
30.0,30.2,33.1,62.7,58.9,68.2,54.7,60.5,53.0,4.2,6.9,6.3,stable
29.2,27.3,29.5,59.4,56.7,54.6,51.8,53.4,53.0,2.5,3.4,2.7,stable
24.9,27.2,25.7,55.5,54.2,60.6,75.5,80.7,84.6,3.8,2.1,3.1,stable
23.7,25.3,27.4,65.5,64.6,67.5,50.4,60.3,52.8,3.5,3.7,3.9,stable
31.4,30.7,32.5,80.0,81.7,82.7,45.7,49.0,51.9,1.4,0.5,2.4,stable
33.0,30.9,33.1,50.9,63.9,55.7,46.4,56.1,54.6,2.3,2.0,2.2,stable
32.3,33.8,35.1,50.0,48.6,47.5,40.4,51.4,45.8,5.5,5.0,5.6,stable
26.0,31.5,31.2,54.2,54.7,61.1,55.1,51.5,50.7,0.4,3.3,3.5,stable
35.3,37.3,35.8,34.5,32.1,29.6,82.2,75.6,77.2,8.1,6.8,7.0,stable
23.5,22.5,22.3,54.8,60.4,62.9,66.1,63.5,71.4,2.6,3.1,2.8,stable
38.5,39.3,38.1,52.0,55.9,53.3,43.7,41.6,45.0,10.8,9.2,7.1,future_root_zone_stress
28.6,28.2,31.8,88.4,85.5,88.8,64.7,70.6,67.1,2.2,1.0,2.6,stable
38.4,39.9,39.9,29.6,29.4,30.1,17.3,23.1,13.4,8.2,6.1,7.0,future_water_stress
32.5,31.8,34.9,82.1,85.0,82.3,28.5,30.5,28.8,8.2,7.3,6.6,future_water_stress
38.6,37.0,38.2,49.5,49.2,43.8,59.3,58.8,52.4,6.6,4.6,5.0,future_water_stress
28.3,27.9,30.6,77.6,64.9,68.2,69.2,73.1,72.5,2.6,2.5,2.4,stable
36.7,34.9,37.2,44.2,40.1,40.2,77.0,70.6,73.7,9.7,8.6,8.1,future_heat_stress
34.4,31.3,35.0,41.4,55.3,49.9,74.2,70.3,70.8,8.1,7.9,5.9,future_water_stress
39.0,42.0,40.9,53.1,56.2,52.5,24.9,26.9,27.7,5.5,6.2,6.7,future_water_stress
34.2,34.2,35.9,53.7,44.7,44.0,51.2,54.4,50.3,4.0,4.1,4.7,stable
40.5,38.8,40.4,33.3,42.7,37.4,51.1,47.7,50.9,8.2,5.5,6.4,stable
30.4,28.2,31.9,61.2,69.0,68.4,59.3,61.4,58.6,4.1,5.5,4.2,stable
34.5,33.1,35.0,43.8,49.1,53.0,67.7,70.9,72.9,9.0,6.5,7.5,future_root_zone_stress
29.9,29.7,31.4,64.4,58.6,57.3,38.3,38.0,39.2,2.6,4.4,3.0,stable
32.0,31.3,32.2,73.6,63.5,68.2,52.6,40.9,46.8,5.8,5.9,6.2,stable
33.1,33.0,32.0,40.8,37.3,34.7,52.5,56.8,52.3,3.5,4.9,6.7,stable
29.5,30.0,33.8,70.5,72.9,70.5,67.2,64.1,64.0,1.3,4.3,4.2,stable
28.8,31.5,32.0,44.9,45.2,43.3,50.1,58.4,52.1,1.7,2.3,3.1,stable
26.2,26.5,29.0,62.5,56.1,55.5,56.4,61.0,57.5,1.3,2.8,3.3,stable
37.0,36.9,35.7,20.5,20.6,19.9,58.7,58.2,53.3,6.6,6.5,6.6,stable
33.8,36.5,35.7,66.8,62.1,63.7,84.0,78.9,77.3,8.2,5.9,5.4,stable
27.6,26.5,27.0,76.4,83.8,76.4,69.2,67.3,61.4,0.5,3.1,3.6,stable
22.3,22.1,25.3,50.1,56.1,53.9,73.1,72.9,75.9,2.6,2.8,1.7,stable
31.5,35.4,36.5,40.6,37.8,38.6,63.2,66.6,67.8,7.5,5.5,5.2,stable
21.6,24.7,23.8,49.8,48.9,49.8,77.2,81.5,79.7,4.2,2.9,3.9,stable
39.7,37.6,39.7,45.1,46.3,43.2,47.7,55.0,57.6,7.6,7.7,7.0,future_heat_stress
32.3,33.2,35.1,75.2,80.9,73.1,83.4,72.0,74.9,4.5,5.1,5.1,stable
28.5,30.5,30.2,73.4,65.5,70.4,58.5,50.2,47.9,1.9,3.4,2.7,stable
39.6,41.1,42.0,45.9,32.9,34.7,68.7,77.6,74.0,4.7,7.4,6.7,stable
30.9,35.1,34.5,53.2,44.0,49.5,20.9,13.8,23.1,5.6,6.1,4.4,future_water_stress
22.5,23.6,26.3,57.0,64.1,57.2,45.2,43.6,45.4,1.3,0.8,3.5,stable
25.7,28.3,28.0,76.1,81.1,78.6,45.4,46.6,47.4,1.5,1.9,1.2,stable
35.0,35.0,36.1,47.4,48.1,47.3,83.4,74.2,81.5,6.4,6.1,7.0,stable
25.3,28.5,27.4,64.8,65.6,63.6,84.6,85.0,84.4,4.3,2.3,3.8,stable
46.0,47.4,46.8,19.4,17.2,27.1,75.7,74.3,78.5,6.1,9.0,8.2,future_heat_stress
35.2,35.6,36.3,87.3,76.6,80.5,74.4,70.6,69.9,6.6,3.8,5.8,future_root_zone_stress
34.7,33.6,33.8,59.4,60.0,58.8,10.0,12.1,18.3,7.3,8.3,8.6,future_water_stress
21.6,21.2,23.7,75.8,73.9,69.6,49.1,49.8,46.1,6.7,3.7,5.5,stable
28.1,28.4,31.8,67.2,69.1,65.8,44.1,38.6,45.7,3.2,2.4,2.4,stable
33.7,32.2,35.1,37.1,30.3,28.9,66.8,63.2,62.0,5.7,7.0,6.0,stable
33.9,36.2,38.5,23.1,30.7,23.6,46.0,47.6,43.3,8.1,9.6,8.0,future_water_stress
29.6,28.4,32.6,68.9,62.3,67.4,53.9,47.6,49.4,4.2,3.6,1.9,stable
33.3,33.3,35.9,44.7,42.7,44.5,53.7,50.5,46.9,7.6,7.7,6.0,future_heat_stress
40.4,37.7,39.6,21.4,30.9,34.0,52.0,46.3,48.1,9.8,8.8,8.5,future_heat_stress
29.3,26.7,27.6,61.5,59.9,56.3,63.0,65.1,68.7,3.4,5.7,4.7,stable
30.5,28.9,31.9,72.7,69.7,69.9,61.7,60.3,66.1,3.2,2.7,2.7,stable
32.0,31.5,33.5,58.4,61.5,58.8,86.1,74.1,82.1,3.4,3.2,3.5,stable
24.7,24.9,26.2,66.9,58.6,66.1,58.6,61.4,62.1,2.7,2.6,1.5,stable
34.6,35.8,35.0,83.8,88.5,81.4,34.1,35.1,34.7,5.9,6.7,6.7,future_water_stress
21.8,22.8,24.5,66.3,73.2,75.0,42.8,48.2,47.6,3.0,2.1,2.8,stable
31.2,29.2,31.5,70.5,72.0,73.0,80.1,80.5,75.9,3.1,3.3,4.1,stable
26.4,27.6,28.8,46.6,42.1,47.3,49.4,48.7,51.4,3.9,4.3,2.6,stable
25.7,25.5,24.7,55.4,57.6,57.9,79.3,74.7,74.4,5.2,3.9,2.7,stable
37.9,40.4,42.3,61.5,61.5,65.9,45.8,43.2,46.0,5.7,5.9,6.0,future_root_zone_stress
20.3,21.5,23.6,68.2,63.1,57.8,73.2,76.5,73.6,3.5,2.7,1.7,stable
38.5,41.5,39.7,38.9,38.7,40.3,59.5,56.3,59.6,6.0,6.2,6.8,future_heat_stress
33.8,35.8,35.7,54.7,51.0,51.5,79.8,82.3,81.2,4.8,6.0,5.2,stable
37.9,37.8,38.4,35.2,39.1,37.7,59.2,58.3,58.1,3.9,6.7,6.1,stable
30.7,25.4,30.2,63.6,56.7,52.9,35.5,38.1,40.6,2.6,3.2,4.7,future_root_zone_stress
31.9,33.4,33.5,68.9,63.4,61.7,67.0,68.8,69.1,7.0,6.0,5.9,stable
28.5,27.3,27.4,70.1,67.3,60.6,40.8,42.7,41.0,3.6,4.7,4.0,stable
38.8,40.5,38.9,35.3,37.9,42.8,92.0,102.3,96.7,4.9,4.7,4.6,future_heat_stress
31.3,30.8,29.0,58.9,57.3,53.3,49.1,55.8,55.4,2.8,4.1,3.4,stable
39.9,39.5,41.1,50.9,44.1,52.9,84.7,81.9,90.8,10.8,9.7,9.8,future_heat_stress
25.8,26.3,30.1,57.6,50.3,53.7,49.7,43.1,49.3,3.4,3.2,3.0,stable
26.0,24.6,28.5,58.6,61.6,54.7,70.7,74.9,69.3,2.0,4.5,5.0,stable
38.4,37.6,36.8,44.5,43.3,50.3,38.7,29.1,30.5,7.1,7.7,8.8,future_root_zone_stress
28.7,29.8,33.4,63.2,52.9,58.4,73.3,84.6,74.5,4.3,2.8,2.9,stable
25.8,26.2,26.1,77.7,72.0,74.9,43.6,47.0,43.8,1.0,1.8,2.0,stable
32.7,33.8,33.5,68.5,62.1,64.9,96.8,95.3,90.8,0.6,1.7,2.2,stable
25.9,25.6,28.0,68.1,73.8,69.3,73.6,79.5,79.9,2.2,1.4,2.2,stable
27.3,30.5,29.5,74.6,74.3,70.4,77.3,74.0,75.5,6.6,4.6,4.6,stable
24.5,25.0,29.3,49.9,54.6,54.9,95.0,87.7,91.2,-0.4,-1.8,-1.2,stable
35.1,33.6,35.2,43.0,40.6,47.9,42.3,52.2,45.5,3.6,2.1,2.1,stable
29.0,29.2,28.9,81.2,74.1,74.3,35.7,47.0,42.2,0.5,4.9,3.2,stable
39.8,39.2,38.3,51.8,50.1,53.2,81.9,79.2,81.5,7.0,6.1,6.7,future_heat_stress
32.1,33.7,32.1,45.4,46.2,51.8,50.2,48.6,45.8,4.3,4.0,4.0,stable
31.8,29.0,31.7,52.5,37.3,43.6,58.6,59.1,65.4,4.0,4.1,4.1,stable
23.9,24.3,25.4,93.9,81.2,86.5,54.0,61.3,55.4,2.3,1.6,3.1,stable
36.0,36.9,35.1,40.4,36.4,40.3,52.8,61.8,58.7,5.7,5.4,6.3,stable
35.2,36.8,39.6,33.4,31.8,32.1,68.0,61.2,63.9,5.7,5.6,5.0,stable
42.0,39.7,43.5,44.7,36.7,42.0,69.8,72.3,76.2,6.4,7.3,7.7,stable
31.1,29.7,33.0,69.6,68.5,63.9,53.5,51.0,52.2,4.5,3.9,4.5,stable
24.1,23.8,26.3,67.3,64.7,66.7,31.6,32.9,32.5,7.5,6.3,6.8,future_root_zone_stress
32.4,31.1,30.5,50.2,47.4,51.9,66.9,61.1,64.5,2.2,-0.1,0.2,stable
24.9,27.6,30.1,66.4,52.6,62.8,65.2,62.8,62.3,3.9,4.4,4.6,stable
31.6,28.9,34.2,51.8,40.1,47.1,20.0,21.9,17.8,6.5,6.6,5.9,future_water_stress
35.2,33.0,36.2,46.5,53.6,54.3,67.1,66.7,62.6,4.6,5.9,7.3,future_heat_stress
26.0,27.1,29.2,53.6,39.9,45.2,61.8,57.7,60.6,2.6,4.6,5.4,stable
30.0,30.7,32.9,62.8,58.0,55.0,74.1,81.9,82.8,3.1,3.5,3.8,stable
32.4,35.6,33.7,61.9,68.4,63.1,65.1,63.3,65.7,1.8,4.3,3.7,stable
29.0,29.5,31.3,82.8,82.5,81.7,51.2,58.8,50.8,2.1,2.2,2.9,stable
20.5,22.1,20.4,67.4,66.5,69.8,40.3,46.5,47.1,2.6,3.9,2.6,stable
29.8,31.9,34.2,57.5,54.6,56.8,28.4,34.9,32.0,3.9,5.0,5.7,stable
31.4,29.7,33.6,53.8,51.4,55.7,21.9,23.9,24.5,5.6,6.5,6.2,future_water_stress
30.6,33.0,33.8,82.6,79.4,77.4,60.9,61.6,67.7,5.2,5.6,4.9,future_root_zone_stress
36.0,37.7,38.0,35.7,38.2,47.1,43.9,46.0,42.9,6.5,6.6,5.6,future_heat_stress
28.4,29.8,29.7,41.7,45.1,50.4,62.4,65.0,64.6,2.9,2.1,1.7,stable
27.7,26.1,28.5,67.6,57.0,61.8,53.1,62.0,58.2,5.4,3.9,3.8,stable
22.2,24.0,24.7,64.2,72.2,68.9,77.6,71.1,75.5,1.7,3.1,3.4,stable
29.3,29.4,31.5,56.2,62.9,57.2,68.7,74.6,75.3,3.9,4.8,3.7,stable
26.3,29.2,30.9,64.1,59.0,60.2,69.3,74.2,69.6,4.7,3.8,4.3,stable
32.9,32.4,31.7,45.1,47.1,44.2,77.9,76.2,73.2,7.2,6.3,6.2,stable
22.1,23.5,27.1,72.8,72.5,74.6,68.3,65.1,69.9,2.5,4.6,2.8,stable
30.7,34.3,34.4,45.9,45.5,47.9,38.2,33.8,35.1,7.5,6.3,6.2,future_water_stress
42.7,42.6,43.3,33.6,35.4,34.7,32.2,36.4,41.2,5.6,7.1,5.6,future_root_zone_stress
26.1,28.7,27.8,53.2,57.2,54.9,42.7,50.1,49.3,7.3,7.4,6.9,future_water_stress
26.8,25.3,26.5,66.7,55.0,54.1,38.1,41.2,41.7,3.5,3.2,3.4,stable
30.2,33.4,33.5,31.3,36.2,36.5,23.7,23.4,24.3,6.1,5.3,4.3,future_water_stress
39.4,37.5,37.9,43.1,48.4,43.1,27.8,32.1,29.2,8.7,6.7,8.6,future_water_stress
30.6,31.5,35.8,60.7,53.0,58.0,38.7,35.9,36.7,7.6,7.6,8.1,future_heat_stress
33.4,33.2,32.2,79.3,73.3,79.1,36.0,47.2,39.0,7.9,6.0,7.3,future_root_zone_stress
37.2,37.6,40.8,70.3,63.5,62.8,57.8,56.3,57.1,5.7,4.1,5.4,future_heat_stress
29.1,32.2,34.5,55.6,61.4,51.9,52.0,53.3,52.5,7.3,9.2,7.4,stable
32.2,34.4,35.5,56.9,62.1,54.1,58.0,54.7,63.1,8.6,7.0,5.7,stable
30.9,32.8,33.8,52.4,44.7,49.5,58.2,50.5,55.8,9.6,9.4,9.0,future_heat_stress
36.6,36.0,36.7,53.6,52.1,52.4,56.4,47.2,49.8,9.1,6.5,6.1,stable
51.8,49.7,48.8,15.7,16.6,9.4,72.5,65.4,75.2,10.2,10.0,9.8,future_heat_stress
33.9,35.5,34.9,74.8,74.7,72.2,49.8,45.4,44.6,2.7,4.3,3.9,future_water_stress
33.7,30.9,31.8,43.2,39.7,35.5,90.0,90.1,85.8,10.5,9.4,8.8,future_heat_stress
41.0,39.3,40.7,46.2,50.0,50.2,69.1,69.5,63.3,8.0,5.6,7.7,future_heat_stress
34.9,33.9,38.2,58.0,56.6,53.8,78.2,79.9,86.1,7.9,5.1,4.9,future_root_zone_stress
25.4,25.9,29.4,79.4,67.7,78.2,93.1,92.0,83.1,7.3,5.5,6.0,stable
26.8,26.6,27.6,63.7,69.4,68.7,82.8,89.9,82.8,2.3,4.1,4.3,stable
34.7,33.3,32.1,83.0,80.4,80.2,72.0,74.7,76.1,2.1,1.9,2.5,stable
39.2,37.6,38.6,30.2,29.5,30.8,50.7,56.8,59.3,6.3,9.1,8.8,future_root_zone_stress
28.1,30.9,30.0,62.0,65.1,60.1,62.0,63.9,61.9,4.1,6.7,5.1,future_root_zone_stress
34.0,34.6,36.8,47.9,58.9,57.8,72.3,69.3,64.8,4.9,5.7,5.0,stable
31.9,35.1,35.4,71.8,71.1,70.5,67.0,64.7,67.2,5.7,5.5,3.7,stable
31.0,30.4,34.2,40.9,35.3,39.2,59.4,57.3,54.7,2.5,2.6,3.2,stable
32.8,31.3,31.7,48.0,36.7,39.7,35.1,27.8,32.7,8.4,6.6,6.4,future_water_stress
25.4,27.8,25.9,79.4,77.5,74.1,60.0,65.5,64.1,5.0,5.6,3.8,stable
24.6,29.3,29.3,64.2,67.3,65.0,66.8,59.1,60.6,5.7,4.0,4.8,stable
28.1,32.8,32.8,51.0,56.6,62.2,45.2,36.4,46.1,4.6,5.0,4.0,stable
32.7,32.4,33.7,42.3,36.7,45.7,35.2,30.8,28.8,6.4,6.1,5.7,future_water_stress
28.6,31.5,32.3,50.1,47.8,54.8,43.4,34.5,36.2,10.0,8.9,9.2,future_water_stress
31.9,31.7,35.7,57.5,63.7,51.9,69.0,67.7,62.0,5.5,5.7,7.6,stable
29.1,28.1,29.8,61.5,57.8,56.2,87.5,88.3,82.9,6.2,5.0,4.5,stable
38.0,33.2,36.4,41.2,37.9,44.7,77.8,74.1,76.5,6.2,8.6,7.7,future_heat_stress
30.8,35.9,33.5,62.1,61.2,58.5,82.6,78.2,75.8,4.9,5.9,4.7,future_heat_stress
33.3,34.4,34.4,45.0,53.0,47.1,78.4,70.0,69.6,6.0,3.1,4.4,stable
32.9,32.8,34.0,48.6,43.7,40.1,60.0,64.0,64.7,6.0,6.6,6.4,future_heat_stress
42.6,40.4,42.4,39.8,41.7,44.9,101.4,90.7,92.0,4.7,2.3,3.6,stable
32.0,30.5,31.5,72.8,77.0,75.1,9.3,7.3,8.1,8.4,5.4,6.0,future_water_stress
31.1,32.0,28.6,69.8,66.7,64.7,23.6,23.8,25.5,8.5,7.8,6.1,future_root_zone_stress
27.6,28.1,32.2,52.2,49.1,53.4,64.7,66.5,71.1,7.6,7.0,7.6,stable
38.6,38.0,38.2,48.7,46.0,41.8,74.7,76.1,69.9,7.0,4.5,5.1,stable
39.0,40.8,40.5,41.8,44.1,40.4,17.9,19.7,18.6,7.8,6.1,5.9,future_water_stress
30.8,32.1,35.5,55.0,47.4,49.8,72.8,80.6,74.4,6.0,4.9,4.6,stable
31.6,33.0,30.0,63.5,58.8,67.0,58.3,58.9,60.6,4.2,3.1,2.7,stable
28.3,28.6,30.2,61.8,60.4,63.0,57.6,60.6,55.2,1.9,2.2,2.5,stable
31.5,30.5,33.4,49.7,54.0,50.2,58.3,57.8,63.4,5.9,3.7,4.9,future_root_zone_stress
38.4,37.7,39.0,51.9,58.4,55.7,44.8,40.1,40.6,6.2,5.4,5.8,stable
27.2,32.0,32.1,43.0,31.8,33.2,76.3,77.6,81.8,8.2,6.7,6.5,stable
26.4,26.9,26.9,42.2,51.3,42.3,75.4,77.7,74.4,2.2,3.0,3.4,stable
40.0,38.1,43.1,61.7,56.4,60.4,76.6,73.6,78.6,4.8,6.6,6.1,future_heat_stress
34.9,34.0,34.0,44.4,39.7,41.8,56.4,55.2,56.8,5.0,7.9,5.4,stable
36.8,34.6,37.5,54.1,58.0,57.8,37.7,39.8,41.9,5.6,5.8,4.8,future_water_stress
31.9,34.9,34.9,52.8,47.4,47.5,25.0,18.2,18.9,8.4,7.6,7.6,future_water_stress
31.2,28.5,30.9,85.6,87.9,87.1,50.0,46.3,49.2,1.3,1.4,3.3,stable
25.3,23.4,26.8,65.9,66.8,73.4,32.2,28.2,27.0,3.6,6.5,7.0,future_root_zone_stress
33.5,30.0,33.5,50.3,60.5,57.0,54.6,50.1,52.7,5.5,8.1,6.6,future_root_zone_stress
25.0,27.0,26.7,77.2,82.8,87.3,66.4,64.9,62.0,3.5,5.1,4.2,stable
32.8,31.9,33.1,80.1,74.7,75.9,71.0,69.7,65.7,2.3,2.4,2.8,stable
30.2,32.6,33.9,49.3,43.8,43.8,57.0,49.8,52.6,2.2,3.0,2.9,stable
32.8,33.7,32.8,50.5,57.4,54.7,51.7,56.4,49.7,6.4,6.3,8.3,future_heat_stress
32.0,31.2,33.5,54.4,49.0,54.3,21.4,22.9,24.8,4.4,4.4,6.3,future_water_stress
26.0,26.7,27.7,73.7,69.3,66.7,46.4,51.1,52.2,4.2,3.1,3.2,stable
49.5,47.2,48.5,34.1,30.3,35.2,60.4,65.4,62.1,6.7,7.3,5.6,future_heat_stress
34.7,33.0,33.5,49.4,52.8,54.6,29.6,30.4,28.5,4.1,4.6,3.9,future_root_zone_stress
32.4,35.5,34.1,64.7,69.1,66.5,80.7,92.9,86.7,0.8,0.5,0.3,stable
27.5,28.5,32.3,73.1,62.4,64.5,71.9,69.0,74.8,0.8,-0.7,-1.1,stable
27.9,28.9,28.4,66.2,64.6,70.2,47.9,53.0,52.2,3.0,2.4,2.1,stable
33.3,36.5,36.2,50.9,48.6,44.1,91.6,86.1,87.4,6.6,6.3,6.5,future_heat_stress
34.1,30.9,34.4,63.8,62.3,63.4,94.3,96.0,87.5,3.0,5.0,5.5,stable
28.4,28.9,31.0,73.8,80.4,80.8,65.4,66.6,64.5,1.7,1.2,1.3,stable
35.1,35.2,36.6,57.2,52.0,49.9,12.2,19.7,21.0,8.4,9.5,9.2,future_water_stress
36.7,35.9,36.7,43.3,50.3,45.7,43.2,45.0,41.1,6.2,9.5,7.3,future_water_stress
33.5,33.3,33.8,41.3,44.4,38.4,90.7,81.5,90.5,1.7,3.4,2.7,stable
32.6,28.7,32.4,70.4,66.4,74.1,71.3,69.7,69.0,4.1,2.7,3.6,stable
31.9,30.4,32.4,57.5,65.2,58.8,86.4,77.3,80.3,1.7,4.1,2.6,stable
34.1,34.1,36.5,36.0,37.1,39.2,28.1,32.0,27.6,3.6,6.4,6.2,future_water_stress
46.7,46.7,46.2,5.2,3.8,2.8,45.9,45.1,46.9,11.9,11.5,10.9,future_heat_stress
28.5,28.2,31.2,56.5,58.1,62.6,40.0,44.0,44.9,5.8,4.8,3.9,stable
27.1,25.5,25.9,70.2,66.8,74.8,76.1,83.5,82.2,4.2,5.1,4.7,stable
24.9,26.4,26.4,66.6,64.5,72.3,69.0,65.8,72.7,7.4,3.8,3.8,stable
24.6,24.0,26.5,66.8,68.5,72.4,46.9,47.0,41.9,7.0,5.6,4.2,stable
31.5,34.8,32.5,45.8,44.4,50.3,79.1,77.1,75.8,4.0,4.9,4.9,stable
24.7,24.0,27.9,79.2,79.5,79.5,55.4,51.8,55.4,6.5,3.0,4.9,stable
41.0,38.0,39.0,54.7,57.4,61.3,83.8,86.2,84.4,8.7,5.0,6.7,stable
37.6,37.6,41.4,46.5,41.0,36.6,46.7,52.6,46.2,4.6,6.0,5.8,stable
48.3,46.5,47.4,22.9,22.0,23.7,92.2,92.2,95.3,11.6,10.8,11.3,future_heat_stress
24.6,27.9,28.9,67.1,69.8,69.7,55.4,52.0,55.7,4.3,3.3,2.8,stable
28.5,28.3,32.0,63.1,64.6,62.4,85.4,83.6,88.2,2.8,4.5,4.5,stable
40.0,38.8,42.8,59.9,58.3,55.9,46.9,52.0,49.6,8.4,6.7,6.8,future_water_stress
29.5,31.2,31.1,76.3,77.6,78.6,50.9,49.4,49.8,8.1,7.6,8.3,future_water_stress
27.7,30.5,30.6,70.9,65.9,63.6,68.9,66.3,66.4,2.0,3.4,3.0,stable
36.5,34.1,36.6,60.2,65.8,66.2,62.9,61.3,61.4,7.1,6.9,7.5,future_heat_stress
26.4,28.0,27.6,66.6,69.9,71.7,57.3,59.7,60.7,4.1,3.0,3.9,stable
47.9,49.6,51.0,27.6,31.5,25.7,62.9,55.3,63.5,9.7,10.0,9.6,future_heat_stress
21.3,18.4,20.7,63.4,55.7,57.4,103.4,101.2,100.3,2.3,3.6,3.7,stable
29.8,31.0,32.4,66.7,60.1,57.5,40.8,48.2,45.1,5.2,5.5,6.0,future_water_stress
29.1,29.1,28.8,40.7,49.4,50.2,67.2,67.7,69.5,2.2,3.1,2.4,stable
30.7,30.0,30.6,66.0,68.3,78.0,82.2,75.6,73.9,2.1,4.0,3.0,stable
41.7,42.0,43.1,51.6,54.2,52.9,50.1,51.4,45.6,1.1,3.0,2.2,stable
24.0,20.5,22.5,63.3,61.0,59.9,78.1,69.8,73.1,4.3,5.8,4.5,stable
34.8,33.0,36.5,64.6,59.2,67.7,50.4,47.6,43.4,4.4,2.8,2.3,stable
35.5,35.0,35.2,92.1,91.7,85.4,86.2,89.1,92.5,4.3,4.9,4.3,stable
32.4,32.2,33.0,34.0,38.8,36.0,66.4,64.8,68.8,4.8,5.1,5.6,stable
40.3,42.1,41.4,40.5,32.2,31.3,10.4,17.0,17.1,8.4,8.6,7.9,future_water_stress
37.3,38.9,37.2,31.4,22.2,24.4,67.9,56.0,59.4,8.3,8.2,8.5,future_heat_stress
31.5,26.6,28.4,47.3,43.1,40.3,33.8,36.4,36.2,6.6,7.8,8.6,future_water_stress
28.4,32.2,31.9,45.9,43.0,38.4,42.2,43.3,50.6,4.2,6.2,4.8,stable
27.6,28.9,28.6,45.6,41.5,42.6,58.7,57.5,59.9,2.9,2.9,3.6,stable
32.7,32.1,31.5,88.3,84.7,82.9,69.0,68.9,67.4,4.2,4.3,6.1,future_root_zone_stress
26.4,26.1,24.5,47.4,55.7,59.0,48.3,50.9,45.1,6.0,3.5,3.7,stable
22.9,23.2,24.1,58.1,69.0,70.1,51.0,49.1,53.5,4.4,4.5,5.1,stable
33.4,33.5,35.7,73.1,75.9,75.6,24.4,25.9,24.4,6.4,4.1,4.6,future_water_stress
30.8,30.5,32.7,52.7,57.4,53.8,66.2,69.4,67.7,7.6,8.3,6.7,stable
31.3,30.8,31.2,69.7,66.6,73.2,67.4,62.9,57.8,3.4,4.3,2.1,future_root_zone_stress
42.0,44.6,43.1,55.4,48.6,47.7,52.4,64.5,60.6,8.4,5.8,7.0,future_root_zone_stress
32.2,30.4,30.6,43.4,40.5,46.8,55.6,54.2,51.8,3.1,3.1,1.8,stable
33.7,36.3,36.0,68.4,67.6,63.1,77.2,80.1,73.9,2.0,4.2,4.1,stable
32.1,32.7,33.8,67.4,59.0,60.0,48.7,49.6,50.8,5.2,7.2,6.4,future_water_stress
34.2,33.1,37.2,51.6,52.2,54.2,66.8,68.7,67.0,4.0,6.1,5.5,future_heat_stress
31.9,32.6,31.1,80.1,79.4,77.1,88.6,90.0,90.1,4.1,2.4,3.4,stable
37.2,35.4,36.9,47.9,51.5,54.6,39.2,28.1,32.3,2.7,5.2,5.4,future_water_stress
30.7,34.8,35.6,56.5,50.9,51.1,75.2,71.6,76.3,5.2,5.4,6.4,stable
33.1,32.8,35.7,37.9,35.7,43.5,80.7,76.6,77.0,3.6,5.3,3.1,future_heat_stress
41.1,43.3,44.8,45.8,46.0,52.8,73.0,73.5,65.5,6.9,7.7,7.9,future_root_zone_stress
29.2,27.3,30.1,72.9,85.6,76.2,51.1,52.2,49.9,2.8,2.9,3.3,stable
35.9,34.6,35.2,62.3,71.4,64.8,43.7,41.7,43.4,7.0,6.6,5.8,future_root_zone_stress
32.2,31.9,35.5,44.7,47.0,49.0,63.3,64.1,59.2,4.7,5.3,5.3,stable
30.7,27.7,32.9,48.2,44.9,45.6,49.8,48.0,49.7,3.3,7.5,6.6,stable
21.3,21.6,23.9,56.4,61.5,60.5,56.6,50.4,44.8,3.4,2.9,4.8,stable
25.5,27.5,30.4,82.7,83.7,87.3,80.6,78.8,81.8,5.2,2.4,2.3,stable
34.8,36.6,38.7,60.3,66.5,63.5,59.0,61.5,60.6,5.7,8.3,8.0,future_heat_stress
28.1,28.8,30.8,91.7,88.7,87.2,65.9,61.9,65.7,5.0,4.1,4.7,future_root_zone_stress
37.9,37.8,39.3,23.6,32.7,32.9,60.6,54.2,52.1,7.9,6.6,6.6,future_heat_stress
26.5,30.2,29.8,53.3,54.5,48.5,66.5,72.7,65.9,3.0,3.9,3.2,stable
31.9,35.7,35.5,63.2,65.5,62.7,52.6,54.3,54.1,5.0,6.6,6.2,future_heat_stress
29.3,30.3,30.3,64.3,68.3,63.8,50.6,48.8,44.7,3.5,4.3,4.5,future_root_zone_stress
32.9,32.8,33.1,56.3,46.2,51.0,70.1,61.7,63.8,8.0,9.0,7.8,future_water_stress
30.4,28.1,28.7,52.0,59.3,57.9,55.4,63.1,58.1,2.8,3.6,3.9,stable
42.0,40.2,41.1,53.2,52.2,46.8,63.9,62.5,64.2,6.8,4.9,5.1,stable
34.1,39.2,38.5,37.0,37.0,41.8,80.8,81.8,76.9,4.6,6.7,5.5,stable
29.5,31.2,29.5,76.3,74.5,73.4,65.4,62.3,68.6,6.0,4.7,3.6,stable
24.7,25.3,27.9,49.3,53.5,54.0,53.1,52.4,52.4,3.2,0.8,3.0,stable
26.8,24.7,25.8,52.6,51.7,46.8,76.8,71.1,78.4,4.5,4.2,3.1,stable
30.6,30.9,32.5,59.5,61.2,57.1,54.9,54.9,50.4,4.2,3.4,3.0,stable
25.7,24.7,26.8,54.1,52.0,55.1,45.5,36.5,46.0,7.3,5.4,4.3,stable
38.4,39.0,40.9,47.6,46.7,49.5,87.1,79.5,79.4,6.3,6.3,7.0,future_heat_stress
29.5,30.6,30.1,80.6,79.9,73.3,77.8,80.6,74.4,1.4,3.9,3.7,stable
34.5,31.8,37.0,44.6,41.6,34.3,54.1,57.0,55.5,5.7,6.8,5.9,stable
35.9,32.8,36.7,33.4,26.5,31.4,62.0,64.4,62.0,6.1,4.0,4.3,stable
35.4,33.8,33.9,61.7,53.3,59.7,42.4,47.5,46.6,6.1,4.6,3.8,stable
34.0,34.5,33.6,47.7,56.0,56.7,66.6,68.2,65.1,6.1,5.9,5.2,stable
29.8,25.9,29.2,70.8,73.8,69.3,31.6,32.3,32.7,5.1,3.8,4.8,future_root_zone_stress
35.0,36.2,33.8,53.1,52.0,50.5,65.2,60.4,60.1,7.7,9.0,9.1,future_heat_stress
37.3,37.3,38.1,29.2,28.9,37.6,52.3,51.8,48.1,7.9,7.4,6.6,future_heat_stress
29.6,32.2,31.4,54.4,60.7,59.4,39.7,35.0,37.0,7.4,8.3,8.7,future_root_zone_stress
35.3,33.7,32.2,37.0,39.9,33.1,50.5,56.0,52.9,8.7,8.2,7.1,future_heat_stress
38.9,37.8,40.7,48.3,46.2,43.5,67.4,67.7,69.7,7.0,6.0,7.6,future_heat_stress
23.0,25.3,28.1,62.3,72.8,67.6,50.9,49.6,45.5,5.3,5.0,3.9,stable
24.2,27.8,26.1,49.7,59.1,61.5,70.3,64.3,61.9,3.9,5.2,4.4,stable
27.8,30.4,31.7,62.0,57.1,53.9,53.6,51.2,46.9,7.7,7.2,6.6,future_root_zone_stress
32.8,34.8,33.6,56.3,61.8,55.3,57.8,45.8,49.9,3.9,5.5,5.0,stable
28.1,29.8,28.9,78.6,82.0,75.3,65.0,62.9,58.1,5.4,3.8,4.5,stable
28.5,29.0,32.7,58.3,51.0,48.4,33.7,34.7,39.4,7.3,4.8,5.1,future_root_zone_stress
26.6,25.0,27.9,54.1,59.8,50.6,79.5,75.0,76.9,5.2,3.2,1.4,stable
44.9,41.9,44.7,20.1,15.0,23.5,67.0,71.4,67.8,7.0,6.8,8.7,future_heat_stress
34.6,33.6,34.6,76.5,76.4,68.4,51.9,51.5,53.2,3.9,5.5,4.6,future_water_stress
31.6,32.0,33.5,76.8,83.1,76.9,58.6,55.3,60.1,6.6,5.5,5.2,stable
28.4,32.4,28.9,66.1,60.7,59.1,61.8,58.2,60.2,5.2,3.0,3.5,future_root_zone_stress
27.5,30.3,31.0,51.8,47.1,50.6,56.1,49.3,47.6,8.5,7.7,6.7,stable
41.8,40.4,43.4,30.5,33.5,26.9,58.6,62.7,61.1,6.1,8.9,8.6,future_root_zone_stress
23.6,23.8,25.3,62.9,61.0,55.0,79.5,81.0,72.8,3.4,5.8,4.4,stable
38.4,38.0,40.8,45.0,44.8,43.6,48.9,39.7,45.4,8.3,7.8,8.9,future_heat_stress
26.6,25.7,28.4,74.9,74.5,75.6,43.8,47.4,47.5,6.9,4.1,5.5,stable
37.0,34.6,36.9,62.1,63.9,55.9,42.2,47.7,53.5,6.4,6.0,5.0,stable
36.0,35.0,37.1,68.6,74.8,71.4,37.7,31.4,37.9,7.3,6.2,5.5,future_root_zone_stress
37.0,34.5,37.1,39.8,46.8,46.1,67.9,59.6,60.0,3.7,4.2,4.1,stable
27.4,28.8,28.1,36.8,38.2,38.5,73.3,71.2,79.7,1.7,2.7,2.9,stable
37.4,40.7,39.5,53.2,52.1,48.4,41.7,46.7,42.4,4.0,3.2,3.2,future_water_stress
31.8,31.8,32.9,61.6,61.8,69.7,46.1,49.2,44.9,4.0,5.1,6.3,future_root_zone_stress
24.4,27.6,28.7,80.7,80.3,79.1,38.8,48.8,44.8,4.7,3.2,4.2,stable
28.2,30.1,30.0,74.2,72.9,68.3,68.9,68.1,65.1,4.2,2.8,1.7,stable
38.9,37.8,39.4,23.8,31.2,27.9,19.7,13.2,17.9,8.6,10.0,9.0,future_water_stress
26.6,27.1,27.0,67.6,63.1,64.9,63.2,63.1,63.6,6.0,3.3,3.3,stable
28.5,27.6,32.0,64.1,60.3,56.6,73.8,67.2,66.3,5.2,5.2,5.6,stable
40.7,40.5,42.2,27.6,31.7,25.9,72.7,64.7,62.9,9.0,8.4,8.4,future_heat_stress
30.7,35.6,34.9,76.0,78.5,82.5,57.7,57.8,55.6,2.8,1.8,2.5,stable
30.5,31.3,34.1,65.6,72.3,70.4,57.6,59.9,58.6,5.5,4.9,5.1,stable
30.8,34.2,33.1,49.2,55.7,57.1,60.0,49.6,53.4,6.2,4.1,4.7,stable
29.6,31.0,31.5,65.7,62.6,58.4,64.4,62.7,62.4,3.3,4.8,3.2,stable
30.1,29.4,30.6,38.1,38.8,38.3,26.4,35.9,33.5,5.5,4.9,3.7,future_water_stress
33.2,30.9,34.7,66.6,58.7,55.2,47.0,43.3,46.2,3.5,4.4,4.2,future_water_stress
32.8,32.7,34.7,77.9,81.0,82.9,51.6,50.5,47.3,6.1,5.2,6.2,future_root_zone_stress
30.3,32.8,31.0,71.6,75.0,73.7,63.7,58.5,63.7,6.8,6.4,5.9,stable
33.0,33.5,34.4,74.7,66.5,71.1,67.8,64.1,64.7,2.0,3.6,4.4,stable
29.9,31.0,32.2,60.6,48.0,55.9,29.7,37.2,34.9,5.7,5.3,4.2,future_water_stress
24.6,26.7,27.1,52.9,41.2,39.1,30.3,22.3,28.1,6.3,6.4,6.0,future_root_zone_stress
22.9,23.6,24.7,75.3,70.7,78.4,62.0,61.7,64.9,2.0,3.6,2.5,stable
36.6,40.8,43.1,36.7,47.5,36.2,45.8,51.6,45.9,2.3,5.4,4.7,stable
42.7,42.8,43.5,14.9,19.3,25.3,77.0,70.6,72.2,9.6,11.0,10.5,future_heat_stress
26.8,27.4,29.9,40.3,46.2,42.6,114.2,106.4,111.7,1.6,2.5,4.3,stable
34.7,35.9,37.0,45.6,47.5,41.2,74.4,69.0,72.0,6.9,4.2,6.0,future_water_stress
34.2,35.0,37.3,52.5,46.3,54.1,57.5,54.0,52.4,5.9,4.5,3.6,stable
39.5,37.3,41.8,65.7,63.1,57.3,41.3,42.5,44.1,7.5,4.6,6.1,stable
28.3,28.3,25.8,62.6,50.3,52.4,58.1,52.7,56.5,5.4,3.9,4.4,stable
35.5,34.2,38.0,38.9,43.2,41.1,69.6,72.9,68.5,5.0,6.5,4.4,stable
32.9,33.1,33.9,62.7,62.8,57.5,86.9,81.9,76.8,7.4,5.4,7.6,future_root_zone_stress
39.2,39.7,39.5,38.5,38.5,32.2,68.7,68.0,67.6,5.0,5.3,7.2,stable
19.5,21.9,22.9,70.1,72.7,67.9,73.4,68.3,70.7,6.2,5.8,6.1,stable
25.8,24.3,26.5,73.6,66.0,75.8,78.3,70.5,75.1,0.9,2.8,4.2,stable
28.4,26.1,27.9,58.2,54.1,48.3,75.6,78.5,74.8,0.2,1.3,2.1,stable
36.0,34.5,36.1,103.5,89.3,94.9,75.3,75.9,82.2,4.9,5.1,7.0,future_root_zone_stress
29.8,29.4,32.7,62.4,55.1,55.1,61.4,56.1,54.2,4.5,5.0,4.4,future_root_zone_stress
32.7,32.6,36.8,44.4,46.0,47.5,49.5,51.7,50.6,5.8,5.7,5.6,stable
39.1,37.6,40.1,35.8,35.6,37.9,56.5,60.0,64.4,7.6,9.9,9.8,future_heat_stress
32.4,35.0,34.2,47.5,49.8,45.2,60.1,61.1,61.7,0.5,2.7,3.4,stable
22.1,20.7,24.0,52.2,50.8,50.3,46.1,48.4,43.3,3.5,4.5,4.4,stable
31.9,33.1,32.8,52.8,57.9,60.3,60.8,61.7,68.3,6.3,6.5,5.7,future_root_zone_stress
34.7,35.2,36.8,62.0,67.6,67.1,62.0,65.5,60.9,5.3,8.8,6.5,future_heat_stress
32.6,33.6,34.7,61.7,60.0,60.3,61.5,59.6,59.8,3.1,3.7,3.5,future_root_zone_stress
22.2,22.2,22.4,79.0,68.8,72.2,59.4,53.2,60.3,4.4,2.5,3.0,stable
34.1,33.3,33.9,71.8,66.2,68.2,51.9,48.9,47.6,2.6,5.6,4.5,stable
18.3,20.8,24.0,66.2,66.7,63.0,74.0,79.0,82.3,4.2,1.7,2.3,stable
38.0,38.1,35.5,58.9,60.7,56.8,59.9,64.8,60.6,7.1,6.9,6.8,future_heat_stress
30.1,31.5,32.8,40.1,34.3,40.3,53.4,53.9,55.8,3.2,3.8,4.5,stable
37.3,34.0,35.3,47.8,53.4,59.2,50.6,53.7,54.2,5.8,6.2,5.5,stable
34.8,31.4,34.9,76.2,77.8,76.8,66.7,60.8,59.9,5.3,4.1,4.2,stable
32.8,34.2,35.4,61.6,67.4,71.3,62.5,60.9,60.1,4.8,5.9,4.3,future_root_zone_stress
39.7,37.1,39.4,56.9,58.5,66.3,40.9,45.3,39.8,8.0,5.3,5.2,stable
33.8,34.2,37.2,63.9,63.7,64.5,77.7,72.6,77.9,2.3,4.2,4.4,future_water_stress
21.2,21.9,20.8,74.8,70.8,75.9,75.0,71.0,76.3,6.6,4.4,5.5,stable
35.9,35.6,36.0,43.9,46.4,42.0,62.9,52.3,59.0,7.5,7.9,7.2,future_root_zone_stress
31.9,30.9,32.7,55.8,59.8,60.5,33.9,36.4,43.2,2.3,4.2,3.2,stable
41.3,42.3,41.0,46.4,54.3,56.2,71.9,71.7,69.5,5.4,4.6,6.3,future_heat_stress
31.7,29.5,30.9,50.8,56.1,54.6,89.4,89.5,84.1,0.7,1.4,1.5,stable
28.0,31.5,30.3,57.8,68.0,66.7,57.4,66.5,62.3,4.9,4.1,5.7,stable
33.4,34.9,32.9,80.8,76.1,69.2,57.1,62.7,61.2,5.1,4.8,4.7,stable
38.7,38.9,36.4,43.6,39.3,39.4,64.0,71.8,72.5,4.8,5.0,5.2,stable
35.2,34.1,33.6,65.8,71.1,73.0,63.3,57.1,56.7,2.9,2.5,1.9,stable
28.8,29.9,30.9,51.3,55.8,57.4,75.5,80.2,74.5,2.1,3.4,3.0,stable
30.6,32.6,32.4,33.9,31.1,36.5,72.0,68.4,71.7,5.9,5.4,4.8,stable
35.0,37.1,40.0,52.5,60.4,62.7,45.6,48.8,44.3,3.7,5.1,4.7,stable
40.0,40.7,40.6,8.9,0.2,-1.2,67.0,63.6,63.0,9.7,10.3,12.0,future_heat_stress
33.3,34.9,37.8,50.3,61.4,51.8,48.1,43.6,42.4,5.4,5.6,6.4,stable
24.9,24.4,26.9,85.6,81.7,79.7,93.9,85.5,89.5,3.0,3.4,3.1,stable
24.1,24.9,28.2,52.7,62.7,54.6,60.1,62.4,63.7,1.0,3.6,3.5,stable
26.8,23.9,25.2,60.8,61.6,59.3,69.3,65.2,65.6,4.1,3.3,4.2,stable
40.0,40.1,41.7,36.6,49.6,42.0,38.7,37.5,39.7,4.9,6.8,6.6,future_root_zone_stress
36.5,40.8,39.4,54.8,42.3,49.7,40.2,37.6,41.0,5.5,9.1,7.4,future_root_zone_stress
26.7,24.6,26.7,62.6,61.0,67.1,52.6,44.8,50.5,1.2,3.1,2.2,stable
23.1,26.5,25.6,77.2,72.8,77.8,81.2,78.3,79.9,4.1,4.6,5.0,stable
23.1,23.0,26.1,55.6,63.7,63.8,45.7,47.5,46.1,3.3,4.5,3.5,stable
36.9,35.5,36.3,46.2,42.4,49.7,85.2,81.6,75.1,5.3,7.6,8.4,future_heat_stress
25.7,25.6,27.8,75.3,76.8,69.7,43.7,47.3,47.3,5.6,4.4,2.9,future_root_zone_stress
31.6,30.7,33.1,54.1,55.8,58.0,42.7,40.0,39.6,6.6,8.2,7.1,future_heat_stress
25.9,27.3,26.3,77.8,86.3,86.2,84.9,88.1,83.6,4.9,3.6,3.3,stable
33.2,32.4,34.9,32.0,32.2,31.7,46.7,53.2,51.1,10.4,8.7,10.2,future_heat_stress
37.5,38.2,40.7,39.2,44.2,40.7,54.5,59.2,55.2,8.2,10.9,10.2,future_root_zone_stress
25.3,29.7,30.3,70.5,76.3,72.9,65.4,62.1,61.9,-0.0,0.7,0.7,stable
36.3,40.1,39.9,46.9,42.6,36.6,47.0,56.7,52.2,4.1,6.8,6.1,stable
42.6,44.0,44.2,37.7,39.9,33.9,50.3,53.8,52.4,6.6,7.8,8.5,future_heat_stress
26.8,25.2,26.0,57.4,60.5,57.4,82.7,86.8,81.2,0.5,2.6,2.2,stable
26.9,25.8,29.0,42.6,34.3,43.9,18.3,13.4,16.2,5.5,5.7,6.0,future_water_stress
26.2,27.6,28.2,80.6,76.9,79.7,78.0,75.4,78.8,6.3,4.9,5.3,stable
32.6,33.6,38.3,59.1,69.2,66.8,47.1,48.7,43.0,4.3,4.5,6.0,future_root_zone_stress
28.5,28.2,26.8,52.1,53.1,51.7,51.3,49.9,52.3,4.2,2.6,3.8,stable
38.4,39.5,40.6,48.6,54.0,59.4,35.9,35.0,34.2,6.3,5.1,4.3,future_water_stress
39.8,43.0,42.7,28.0,28.1,32.1,78.2,72.8,68.6,5.0,4.6,6.2,stable
34.7,34.0,33.2,73.2,67.6,67.8,58.6,61.4,57.7,6.2,6.6,6.3,future_heat_stress
38.6,39.7,39.2,62.2,62.9,54.3,86.1,85.0,83.1,9.1,8.4,9.2,future_heat_stress
26.2,25.9,30.8,54.3,58.1,55.5,81.0,78.8,85.1,3.8,3.8,4.5,stable
28.0,29.6,29.3,59.3,52.7,60.7,58.9,55.4,57.4,1.2,1.4,1.6,stable
27.0,29.2,27.6,68.5,71.6,75.5,51.8,47.3,49.0,4.1,3.9,3.1,future_root_zone_stress
30.7,29.1,30.1,71.6,71.8,68.9,65.5,67.6,67.4,2.6,3.9,2.4,stable
24.9,28.9,27.8,42.1,33.4,42.9,67.7,75.3,72.4,7.7,5.1,6.0,stable
25.4,28.9,30.2,61.2,57.0,62.3,50.2,55.2,55.9,6.4,6.6,5.9,future_root_zone_stress
36.0,36.5,40.8,64.6,57.9,53.2,37.5,41.5,40.8,7.1,7.7,8.6,stable
28.7,32.2,31.3,88.0,81.9,82.9,59.0,61.0,66.9,5.2,3.8,5.5,stable
39.4,36.4,38.6,63.9,52.7,55.6,76.9,69.5,69.5,4.7,4.2,5.6,stable
25.1,29.1,28.4,49.9,58.7,56.5,75.7,81.0,76.1,3.3,4.0,4.8,stable
21.1,25.0,26.6,87.1,88.4,85.8,61.1,61.5,58.9,4.4,5.9,6.5,stable
38.3,36.2,37.3,70.2,60.5,64.0,22.3,31.0,22.8,10.7,7.9,7.7,future_water_stress
34.2,32.3,33.2,27.2,27.5,34.0,68.8,73.7,70.5,4.5,4.3,4.6,stable
27.9,28.5,27.7,62.6,73.6,71.6,79.0,82.9,76.7,4.0,3.7,2.9,stable
36.9,37.9,40.3,54.4,57.4,56.3,51.8,43.7,48.8,6.7,6.7,7.5,future_heat_stress
31.0,31.5,31.0,58.7,66.2,60.6,44.9,44.5,43.6,4.5,4.4,5.6,future_root_zone_stress
31.2,32.2,33.7,90.5,93.9,89.3,83.5,77.4,75.2,2.4,3.6,2.1,stable
29.3,25.6,30.1,97.1,91.8,93.3,53.3,59.6,56.5,2.8,4.7,3.8,stable
29.2,29.7,30.9,45.0,34.2,43.3,60.9,51.5,56.0,4.5,4.9,4.0,stable
35.5,37.8,36.9,53.8,52.6,45.6,75.4,73.9,79.4,7.2,7.7,7.2,stable
34.8,34.6,38.3,29.4,21.2,33.5,51.9,49.0,46.3,8.1,8.5,9.0,future_heat_stress
32.8,30.8,32.5,87.0,80.0,84.9,84.5,90.0,89.5,2.9,2.5,3.9,stable
30.2,32.1,33.6,80.5,74.9,70.2,78.5,74.3,75.0,3.3,4.5,3.3,stable
28.1,27.0,26.0,51.5,44.5,46.3,46.3,41.7,39.8,4.0,3.5,2.2,stable
26.7,26.8,28.7,39.6,41.9,44.7,59.2,60.3,55.6,6.5,5.9,5.1,stable
43.1,44.5,46.2,35.3,42.2,36.3,44.6,45.8,39.0,10.4,10.1,10.5,future_heat_stress
32.2,29.1,31.4,66.1,70.4,68.6,66.1,57.7,64.4,3.7,4.2,4.3,stable
36.5,35.9,38.0,32.3,40.8,30.1,68.3,78.0,76.1,6.6,5.2,6.7,stable
34.6,32.9,36.6,43.1,51.1,40.0,47.0,39.8,43.2,7.9,7.2,7.7,future_root_zone_stress
29.7,30.4,33.1,70.6,69.8,62.1,53.5,58.4,53.8,5.9,6.6,6.4,future_root_zone_stress
30.8,27.3,28.3,50.8,49.4,53.3,20.8,21.3,18.7,10.4,11.1,10.2,future_water_stress
23.6,26.2,27.2,79.8,69.9,67.3,53.8,58.0,57.8,3.9,4.9,4.9,stable
30.4,30.6,30.0,51.7,62.0,55.7,75.0,80.1,74.7,4.1,4.3,2.3,stable
32.5,33.9,35.3,68.2,71.0,72.7,58.2,59.2,65.1,4.8,1.5,3.0,stable
25.2,25.2,28.8,56.9,56.2,55.8,53.3,47.4,54.5,4.8,5.4,3.5,stable
36.3,37.7,35.8,21.1,17.1,20.3,44.1,44.2,40.7,5.7,7.2,6.7,future_water_stress
26.4,26.1,26.0,52.1,48.6,52.6,55.5,57.4,52.2,3.4,4.0,5.0,stable
35.0,34.3,37.7,56.4,58.6,59.2,90.7,86.0,87.3,6.3,6.9,5.4,stable
30.9,33.1,33.1,54.8,48.0,49.5,58.0,58.8,60.0,2.6,3.6,3.5,stable
27.7,30.8,30.5,86.1,74.4,76.2,62.5,59.4,53.8,4.6,3.6,3.1,stable
34.0,34.8,34.9,66.7,62.9,68.2,83.2,76.4,79.8,6.8,4.5,6.4,future_heat_stress
27.0,29.0,29.6,55.9,52.0,58.9,53.3,52.0,49.4,3.3,4.1,4.6,stable
26.7,29.6,29.3,37.1,36.4,37.4,44.8,50.4,51.6,5.7,6.4,7.6,stable
31.4,29.3,33.7,77.2,74.6,74.3,66.1,62.3,70.5,4.6,4.3,5.3,stable
33.7,34.0,32.1,73.6,81.2,76.3,63.2,66.8,58.6,5.0,3.7,4.8,future_root_zone_stress
27.4,27.6,30.1,70.7,71.0,67.0,47.7,47.2,49.3,1.5,4.1,2.9,stable
38.1,35.6,37.4,65.7,69.5,69.3,55.3,59.1,55.3,7.4,5.2,6.0,future_heat_stress
37.1,37.0,37.7,43.4,49.6,47.9,76.6,83.9,83.0,4.5,3.6,3.2,stable
26.8,24.4,26.0,74.3,68.5,66.4,55.4,49.6,52.2,5.0,6.0,5.4,stable
26.5,26.6,26.7,65.5,56.6,62.8,47.7,53.4,55.3,2.5,4.6,3.0,stable
34.0,33.3,33.4,61.8,61.1,59.7,45.0,42.5,45.8,2.6,2.2,3.2,stable
24.9,23.7,24.4,53.7,55.5,61.0,68.8,66.2,64.3,1.3,2.3,2.9,stable
38.9,39.4,40.5,62.4,58.3,58.9,65.8,61.2,64.2,10.0,8.8,9.9,future_heat_stress
20.0,20.3,22.4,58.2,69.0,63.8,64.3,54.4,64.3,1.4,3.5,3.9,stable
31.4,32.2,36.3,87.2,91.0,87.8,57.5,58.5,59.2,4.7,5.5,4.1,stable
30.6,32.7,32.0,47.4,47.8,45.8,63.0,72.8,65.9,6.1,5.4,5.5,stable
32.3,35.6,37.6,34.2,39.3,35.4,40.7,45.4,38.6,9.9,8.0,8.1,future_heat_stress
22.8,25.1,27.2,55.1,57.9,61.2,36.8,41.5,42.5,2.9,5.0,4.7,stable
35.7,35.3,39.9,39.3,36.1,43.4,42.6,38.1,35.9,6.5,6.2,7.8,future_water_stress
28.1,27.4,31.6,49.8,43.7,45.4,42.5,49.1,43.0,0.2,2.1,2.8,stable
27.8,30.2,28.2,66.6,71.4,64.4,67.9,57.0,60.3,3.4,3.6,3.7,stable
32.0,31.4,30.8,67.4,57.5,65.3,61.5,57.1,58.6,5.7,5.7,4.5,stable
44.8,43.5,45.1,27.4,33.6,23.6,49.6,48.8,44.3,10.7,8.8,8.8,future_heat_stress
24.0,27.4,28.4,88.0,95.4,90.3,45.0,48.3,44.3,3.0,4.5,5.0,stable
29.4,29.7,32.5,41.4,44.9,45.0,73.3,76.5,72.7,3.8,3.0,3.4,stable
36.2,37.0,39.4,46.3,54.1,52.7,96.0,88.8,96.3,6.2,4.9,7.1,future_heat_stress
36.6,34.2,37.3,44.8,46.6,43.0,43.2,36.6,35.2,5.9,4.5,5.7,future_water_stress
25.1,28.3,28.3,74.4,80.5,78.8,63.5,67.0,69.5,4.2,0.7,1.4,stable
38.0,40.8,38.6,57.5,56.1,50.8,66.6,69.4,71.5,5.8,7.3,6.9,stable
26.6,30.2,31.0,90.7,90.1,90.3,82.9,73.1,74.8,2.2,4.3,4.3,stable
25.8,23.4,25.1,72.0,60.0,73.2,59.2,57.8,59.8,3.0,0.7,2.5,stable
28.8,29.3,30.9,55.0,64.3,60.1,57.7,59.4,58.4,7.4,5.3,6.2,future_root_zone_stress
35.5,38.1,36.7,44.4,54.5,47.8,72.6,70.6,68.8,4.5,6.3,6.8,stable
32.5,37.6,37.4,35.4,40.3,35.6,71.3,65.2,66.4,4.9,6.2,6.6,future_heat_stress
29.7,28.7,29.6,35.3,44.5,43.3,47.5,44.5,42.2,8.3,5.0,6.3,stable
28.0,26.2,26.3,54.0,60.2,54.2,59.6,57.5,59.2,1.6,1.2,0.9,stable
42.3,42.1,45.4,48.7,44.5,51.7,49.6,54.0,51.2,8.9,8.0,8.2,future_water_stress
24.3,27.0,26.7,80.0,74.4,77.1,87.4,82.0,88.0,2.5,4.1,2.4,stable
26.4,27.5,26.8,42.1,51.9,48.2,56.1,47.5,49.7,3.2,4.6,4.6,stable
32.8,32.2,36.6,83.9,77.7,79.2,62.9,70.5,66.0,2.3,3.3,4.2,stable
31.1,32.5,31.0,63.3,55.8,65.9,74.9,74.1,78.4,3.9,3.3,3.9,stable
44.8,43.1,42.7,42.9,33.4,42.8,78.9,80.3,78.0,5.5,5.3,5.7,future_heat_stress
26.9,28.3,28.8,57.6,56.1,57.4,79.0,76.5,79.5,2.0,3.4,4.4,stable
40.2,39.4,38.6,48.6,47.1,46.5,68.0,69.0,74.3,4.3,3.4,5.7,stable
36.6,37.7,41.2,29.1,21.0,27.6,48.7,41.8,48.2,10.0,11.3,12.0,future_water_stress
26.6,26.9,25.5,57.0,51.7,48.2,45.5,46.6,44.7,2.5,4.0,3.7,stable
34.3,36.4,38.1,37.1,43.7,45.8,58.6,53.7,52.9,6.6,7.3,8.1,future_root_zone_stress
26.7,28.5,30.1,67.6,65.8,63.8,94.4,89.8,93.6,4.3,5.0,2.7,stable
33.6,36.2,34.5,57.3,55.9,56.2,78.2,76.6,79.3,4.9,6.2,6.3,future_heat_stress
29.3,31.2,29.8,78.7,73.4,76.5,63.6,71.5,70.3,6.9,5.8,7.0,stable
33.8,34.9,35.5,68.5,66.3,67.8,90.1,80.6,85.1,5.2,4.2,2.6,future_root_zone_stress
36.1,36.6,39.9,53.3,51.5,47.3,82.6,87.3,91.4,8.0,7.5,8.0,future_heat_stress
24.7,27.4,27.1,77.4,73.6,66.3,48.1,57.3,54.2,1.4,2.3,3.0,stable
30.9,30.3,32.7,77.2,86.1,80.5,74.9,72.3,71.2,4.7,4.2,5.3,stable
25.8,26.8,29.6,64.6,60.8,56.1,64.9,72.2,66.8,4.2,4.1,5.3,stable
38.9,37.6,39.8,65.0,59.2,62.9,60.7,64.0,61.0,8.2,8.1,9.4,future_heat_stress
27.5,29.3,27.1,73.3,63.8,73.0,61.2,59.6,60.4,3.8,1.2,2.5,stable
33.8,34.7,38.6,43.7,46.1,53.7,70.7,77.9,73.6,4.5,6.8,6.9,future_heat_stress
29.8,33.7,32.5,67.9,73.5,65.8,64.0,64.5,62.6,2.9,3.1,3.3,stable
24.3,24.9,25.0,68.0,63.1,70.7,58.2,55.0,60.6,5.3,3.2,3.8,stable
35.9,39.4,38.5,47.1,42.1,37.8,74.1,80.0,80.1,6.6,3.9,4.7,stable
32.4,33.0,35.1,61.1,61.8,60.1,73.7,67.5,69.8,4.8,5.4,4.3,stable
34.2,35.9,33.1,67.2,62.2,66.7,58.8,52.3,57.7,8.9,7.4,9.1,future_heat_stress
33.6,32.9,34.2,55.6,52.1,49.8,59.3,61.5,53.5,8.5,6.1,7.5,stable
25.5,26.6,27.1,78.8,77.6,73.9,47.1,43.6,54.7,1.8,2.6,2.6,stable
38.4,38.4,40.8,48.6,46.1,53.6,86.1,86.3,87.2,8.3,6.3,7.3,stable
33.4,33.7,33.4,58.5,64.0,61.6,68.5,68.4,66.1,6.1,6.1,6.1,stable
33.7,33.2,32.3,43.8,36.7,39.7,85.5,77.4,85.4,6.1,8.3,9.1,future_heat_stress
28.6,30.8,32.5,42.7,40.7,36.5,43.3,45.4,44.3,9.8,7.4,8.1,future_heat_stress
24.8,23.1,27.2,85.9,78.7,88.7,57.3,63.4,58.3,2.7,3.5,2.9,stable
28.9,31.7,32.7,56.1,57.3,58.4,58.9,64.7,58.0,4.8,4.4,3.4,stable
29.5,31.2,31.6,42.4,46.7,44.1,85.2,89.9,87.3,8.3,10.0,9.8,stable
30.1,26.3,27.3,78.7,76.3,76.3,68.0,61.6,60.3,7.0,3.6,3.8,stable
40.2,43.2,41.3,44.0,45.4,49.4,51.0,63.2,54.1,5.9,6.7,8.1,future_root_zone_stress
24.2,25.0,25.8,60.6,59.8,63.2,52.7,52.5,51.2,3.0,1.9,2.2,stable
21.5,23.2,22.6,71.2,63.6,63.0,50.2,46.9,51.1,2.6,3.6,2.6,stable
32.2,32.1,31.7,52.8,49.6,49.9,32.7,31.9,33.0,7.8,5.9,5.9,future_water_stress
29.1,29.3,32.6,89.0,92.7,91.9,96.5,89.8,94.3,-0.3,2.2,2.3,stable
37.1,33.4,36.0,50.3,54.0,57.2,63.4,58.7,68.2,5.8,5.3,7.1,stable
40.8,40.6,40.1,48.9,49.9,56.5,34.3,35.2,38.2,6.7,6.5,6.9,future_water_stress
32.6,35.3,34.2,55.8,57.2,61.0,37.1,32.3,42.3,7.5,7.2,5.6,future_root_zone_stress
37.2,38.8,40.0,55.3,49.2,51.3,42.3,45.9,49.5,8.9,7.1,9.1,future_water_stress
27.6,28.3,27.1,71.7,65.8,69.6,43.8,43.9,44.6,1.3,3.3,3.2,stable
34.0,30.1,32.3,54.3,64.9,60.4,58.9,60.4,61.7,9.2,8.0,9.3,future_heat_stress
29.8,29.1,28.6,79.7,86.2,76.4,83.2,81.3,81.2,3.4,2.8,2.3,stable
27.0,27.6,32.1,54.8,56.7,60.8,64.4,64.6,64.6,4.6,4.7,5.0,stable
30.2,30.6,34.6,55.7,54.7,57.7,67.8,70.4,70.4,9.9,7.3,8.3,future_heat_stress
34.8,35.5,37.9,47.1,49.6,47.0,53.8,55.2,62.0,6.4,5.4,6.8,future_water_stress
37.0,36.1,36.9,25.6,37.2,33.3,59.9,68.6,61.5,5.1,7.3,7.9,stable
34.7,34.2,33.7,67.8,73.8,71.0,53.2,56.3,51.5,5.0,4.5,4.5,future_water_stress
30.6,31.4,31.5,53.4,50.4,47.0,49.5,48.6,50.0,3.4,3.1,4.1,stable
25.0,26.7,27.8,70.6,64.6,64.1,25.9,25.9,28.1,3.4,4.2,4.8,future_water_stress
29.6,30.3,29.4,65.2,66.2,63.2,51.8,52.0,54.2,4.5,3.4,3.8,stable
29.5,27.2,28.2,55.2,55.4,60.6,95.9,95.5,92.3,2.7,3.4,2.6,stable
28.6,28.2,28.9,75.5,74.9,74.7,75.9,77.2,70.0,2.6,2.9,2.7,stable
38.7,38.1,38.3,48.3,50.0,55.0,84.2,87.4,81.5,7.6,10.4,10.0,future_heat_stress
42.7,42.9,42.8,51.5,49.6,57.8,57.7,58.1,60.3,9.3,9.9,9.1,future_heat_stress
30.9,31.1,34.7,63.2,65.9,65.9,65.7,70.3,69.8,7.0,8.7,8.5,stable
34.9,38.1,36.3,66.1,65.6,58.2,21.1,25.0,18.1,6.3,4.9,5.4,future_water_stress
31.6,33.1,34.4,54.4,60.7,53.2,55.5,54.8,54.5,2.8,3.9,3.8,stable
29.3,30.8,32.6,61.5,64.2,70.2,50.3,51.1,49.1,4.0,3.9,3.6,stable
30.6,30.9,30.6,62.2,62.1,59.2,73.8,68.9,75.5,3.8,3.0,2.4,stable
26.1,26.7,28.9,71.8,78.7,67.6,29.9,29.8,35.5,3.1,4.1,5.1,future_root_zone_stress
27.5,28.9,27.4,53.8,53.3,54.2,74.2,82.0,76.1,6.0,5.2,5.8,stable
33.3,31.1,33.6,62.0,71.6,65.7,53.7,49.3,56.8,2.7,2.7,3.1,stable
28.4,32.8,31.3,58.1,53.1,55.4,55.1,51.4,56.4,6.7,6.0,6.5,future_root_zone_stress
36.1,34.9,35.0,28.7,43.2,36.5,41.4,48.5,47.3,8.3,7.6,7.2,stable
39.6,38.0,38.6,66.8,67.3,59.3,73.0,72.3,76.8,5.8,7.8,8.1,future_heat_stress
26.4,26.6,27.4,65.7,63.3,65.4,63.1,71.9,74.4,1.2,2.8,1.6,stable
42.0,41.5,43.6,28.6,35.5,37.7,67.3,66.5,59.8,5.9,4.5,4.8,future_water_stress
29.7,28.3,30.8,74.5,78.1,74.5,74.7,84.9,80.2,2.2,2.7,3.2,stable
24.0,25.0,27.3,50.4,51.0,50.2,46.9,49.6,53.5,3.7,2.6,2.9,stable
33.7,34.2,35.3,35.1,24.7,25.6,68.4,65.9,66.1,4.2,5.7,5.1,stable
30.5,29.1,34.8,67.3,67.1,64.2,66.9,72.5,74.5,2.4,1.4,1.2,stable
30.4,31.7,29.9,65.3,72.0,67.9,40.1,43.3,44.0,5.8,1.6,3.0,stable
39.1,39.2,42.5,45.7,52.9,51.3,78.0,74.6,77.9,4.6,3.6,5.6,future_root_zone_stress
31.8,33.0,34.9,49.1,55.5,44.9,55.1,55.9,55.8,4.6,5.8,4.8,future_root_zone_stress
34.4,35.6,37.7,52.1,47.7,53.6,71.1,67.9,68.6,3.7,5.5,3.9,stable
36.0,40.7,41.2,61.5,62.1,55.1,90.3,99.0,92.6,1.5,4.4,3.6,stable
27.4,28.0,29.7,63.8,69.9,70.1,67.8,68.6,65.9,3.7,5.5,4.8,future_root_zone_stress
24.3,26.6,27.4,71.3,75.2,71.9,60.7,64.1,65.1,3.8,2.4,2.5,stable
29.6,28.6,31.6,61.4,53.2,54.4,76.3,76.3,78.2,5.3,5.0,2.8,stable
32.9,34.1,34.3,41.2,46.4,43.4,56.6,51.7,47.5,2.1,2.9,3.9,stable
37.8,36.9,36.7,61.0,64.0,62.1,73.8,70.2,71.9,6.9,6.0,5.1,future_root_zone_stress
28.8,30.8,31.1,74.7,76.9,81.3,36.3,42.8,36.9,7.4,7.2,7.2,future_root_zone_stress
26.1,22.2,24.5,63.3,61.5,63.8,81.5,80.0,79.4,3.7,2.6,2.4,stable
31.4,34.9,34.3,53.8,49.6,49.6,51.3,50.9,54.8,2.6,4.4,3.5,future_root_zone_stress
23.4,23.6,26.7,70.4,73.0,66.2,64.0,65.8,62.2,2.4,3.8,4.2,stable
34.3,32.5,32.2,64.2,66.3,64.6,52.7,50.2,47.2,0.3,3.0,3.5,stable
35.1,36.5,35.8,55.2,52.9,54.3,56.3,51.2,55.6,9.5,6.3,6.2,stable
24.4,26.0,27.2,63.9,67.7,68.7,72.5,63.0,67.5,3.7,4.4,2.6,stable
34.0,33.8,35.0,43.4,40.3,39.0,71.9,80.9,74.9,8.8,6.2,8.2,stable
27.9,28.9,27.4,61.7,61.4,57.8,72.5,71.9,79.8,2.7,4.6,5.5,stable
32.0,35.0,32.8,47.6,44.6,48.1,62.4,66.2,65.8,4.0,6.2,5.3,stable
33.8,32.2,32.9,69.2,74.6,63.7,82.0,73.7,76.0,5.8,4.7,3.7,stable
33.8,31.3,31.8,53.0,54.0,62.1,58.5,58.7,53.5,5.9,4.3,6.2,future_root_zone_stress
30.7,35.5,33.4,59.6,56.9,52.3,57.5,63.8,63.0,3.2,5.5,5.4,stable
29.9,28.3,30.2,54.5,54.1,45.8,52.6,48.7,53.7,4.4,4.4,3.4,stable
31.7,29.7,34.3,45.1,44.0,41.2,67.1,65.3,64.0,1.9,4.5,2.6,stable
24.4,23.9,26.0,57.3,64.3,63.1,48.1,41.5,44.9,2.7,5.2,4.8,stable
33.6,33.9,35.6,55.5,52.7,55.2,43.5,38.6,43.5,6.0,4.9,6.1,future_water_stress
29.9,29.4,33.5,78.5,75.7,77.0,69.0,69.1,65.2,2.5,2.3,1.3,stable
30.9,30.3,33.6,52.3,55.8,52.5,48.0,53.4,47.9,8.0,6.7,7.5,stable
25.6,28.3,28.6,74.9,71.1,72.7,60.3,57.3,55.3,4.3,4.2,4.4,stable
30.3,33.7,33.2,77.1,81.0,77.7,67.9,67.7,72.0,5.9,5.0,5.1,stable
28.3,27.7,28.4,67.5,64.8,68.3,35.0,37.4,38.1,8.6,6.9,6.2,future_root_zone_stress
36.3,39.9,38.8,42.8,53.2,49.7,75.0,71.4,70.4,6.5,6.9,7.0,future_heat_stress
32.3,33.9,34.3,45.4,43.3,45.5,47.8,54.4,47.9,5.1,3.4,5.2,stable
26.3,26.0,29.1,58.8,56.6,59.6,97.1,92.7,96.2,5.6,3.5,4.4,stable
30.2,28.3,29.5,60.6,58.9,61.2,69.0,67.6,77.3,2.9,4.3,5.4,stable
39.1,40.3,41.7,44.3,44.5,42.3,42.4,52.5,45.6,6.8,7.5,5.7,stable
40.8,37.5,40.4,44.9,44.6,41.5,58.0,53.1,50.9,8.4,4.8,5.4,future_root_zone_stress
29.4,30.1,30.1,75.4,84.9,87.4,66.2,57.3,62.7,3.8,5.0,5.5,stable
35.0,33.0,35.4,43.5,47.8,39.5,22.2,14.1,16.3,8.3,9.6,8.0,future_water_stress
35.6,38.1,36.5,39.5,47.4,38.3,22.4,18.3,24.0,7.4,4.5,6.0,future_water_stress
30.4,34.5,35.7,42.0,44.1,41.0,75.9,73.1,70.6,6.5,5.0,4.3,future_heat_stress
29.3,29.0,28.6,50.5,57.4,50.1,52.4,56.1,51.2,2.2,2.8,4.6,future_root_zone_stress
40.4,44.9,41.9,29.5,29.9,29.8,45.6,44.5,48.9,8.0,9.0,7.9,future_heat_stress
34.4,34.3,34.4,76.8,78.4,71.2,80.8,80.8,78.2,3.2,3.4,3.1,stable
44.2,43.9,41.8,30.2,31.6,33.1,46.9,52.1,49.9,9.8,10.6,9.2,future_heat_stress
44.6,45.2,43.7,42.4,29.4,38.4,66.1,61.0,61.6,9.0,7.2,7.0,future_water_stress
30.2,30.0,29.5,43.9,48.6,49.5,67.7,62.9,61.3,-0.1,3.6,1.9,stable
34.5,33.2,38.6,58.5,60.5,51.6,51.4,51.8,54.4,5.8,6.2,6.3,future_water_stress
29.1,29.7,31.8,54.4,53.3,51.2,72.7,78.0,77.1,4.9,4.5,4.8,future_water_stress
28.6,29.9,29.9,72.2,79.0,78.3,81.0,86.0,83.8,4.8,4.0,4.5,stable
25.7,27.0,29.8,69.3,57.3,63.9,80.0,74.8,72.3,6.7,5.0,4.2,stable
30.0,29.2,30.3,56.9,56.8,59.1,64.8,69.6,69.3,2.1,3.3,3.7,stable
31.1,33.3,34.3,45.0,46.1,39.2,48.2,57.0,54.5,2.3,4.5,4.4,stable
26.6,29.2,28.4,75.4,74.0,76.4,81.4,74.8,77.0,5.0,2.8,4.0,stable
31.3,33.5,35.0,68.4,63.4,64.1,51.0,43.2,52.9,6.5,5.8,5.1,future_root_zone_stress
31.2,27.8,30.0,72.1,76.5,78.4,38.5,36.2,40.2,2.6,2.7,3.2,stable
22.3,23.9,24.8,63.6,64.6,68.7,69.9,71.3,72.7,2.3,1.6,2.5,stable
33.3,32.6,34.5,58.3,65.4,56.7,94.6,95.5,92.1,6.9,4.3,3.8,stable
31.2,30.6,30.3,62.5,57.1,52.9,42.7,43.2,39.9,4.9,5.5,5.0,stable
40.2,39.6,38.9,51.0,53.6,50.7,67.5,68.7,69.4,2.7,5.3,5.6,stable
34.5,38.1,38.7,47.2,49.6,50.3,62.4,56.5,58.7,8.0,6.6,5.5,future_root_zone_stress
29.6,31.4,31.3,48.4,58.0,55.1,53.1,47.7,50.6,4.4,6.3,5.7,future_root_zone_stress
28.2,29.0,29.0,51.3,60.8,59.1,42.2,39.2,43.0,1.3,3.2,2.1,stable
26.8,27.7,26.2,49.2,54.9,58.6,51.7,50.0,51.1,6.0,5.0,5.3,future_water_stress
31.8,32.3,33.7,41.0,49.6,51.8,80.7,78.4,82.6,3.2,4.5,4.6,stable
27.4,29.7,31.2,73.5,70.1,78.3,63.1,65.9,65.9,4.8,5.1,4.0,stable
32.4,28.2,30.3,64.9,76.1,66.8,75.9,73.2,77.3,4.0,2.4,3.2,stable
34.1,35.7,37.4,35.1,35.2,33.8,69.6,63.3,72.8,7.1,6.1,4.9,stable
30.8,32.5,35.4,88.3,80.3,84.1,35.0,26.4,34.4,6.8,6.8,6.5,future_root_zone_stress
33.2,37.4,39.2,37.0,43.7,47.5,58.8,51.9,56.5,6.7,5.6,4.3,stable
27.5,30.2,32.3,48.6,60.3,56.6,64.6,62.5,66.6,6.2,5.4,7.6,stable
28.4,31.6,28.5,57.6,61.2,59.3,71.2,70.0,72.3,1.5,1.1,2.7,stable
30.9,33.5,33.2,59.7,49.2,55.0,62.8,67.4,63.2,1.6,2.1,2.6,stable
27.1,25.9,26.0,69.7,73.1,74.3,59.4,59.1,61.6,3.1,4.0,5.2,stable
37.6,38.4,40.0,62.4,60.1,58.2,66.6,67.1,65.8,7.6,6.3,5.3,stable
30.4,33.3,31.5,49.6,51.7,55.0,79.2,85.7,80.2,1.5,1.8,2.3,stable
30.3,31.7,31.0,56.9,56.6,61.0,63.5,71.1,65.0,4.2,6.7,5.0,future_root_zone_stress
27.1,29.3,28.6,66.6,59.0,65.4,46.7,44.3,44.6,4.7,3.7,4.2,future_water_stress
36.2,34.7,37.9,54.5,63.5,64.6,65.1,61.4,60.3,6.1,4.4,5.4,future_root_zone_stress
28.1,30.9,32.0,73.9,67.4,72.4,83.4,79.6,79.9,1.7,4.1,4.7,stable
24.0,26.1,26.9,70.1,71.8,74.6,54.5,54.6,55.0,3.7,2.9,3.3,stable
22.0,24.4,24.7,58.3,64.8,60.9,75.7,70.7,76.4,3.9,2.0,1.6,stable
29.9,29.8,30.5,72.8,69.3,67.0,82.4,87.2,76.3,1.6,2.3,3.1,stable
32.2,36.2,36.2,58.7,55.0,54.0,71.6,68.4,67.9,4.0,4.9,6.5,stable
31.4,33.5,34.1,68.3,61.9,64.8,77.5,81.1,77.9,3.7,3.2,2.2,stable
36.9,38.6,39.9,51.5,56.3,58.5,41.5,36.5,44.4,4.7,6.1,5.6,stable
34.4,31.9,34.6,54.8,58.3,58.9,59.6,70.5,63.0,4.2,3.4,5.2,stable
31.8,32.8,33.0,42.2,36.7,38.6,77.3,79.3,80.0,10.4,7.1,7.6,future_heat_stress
31.1,33.0,36.1,60.7,47.6,50.1,14.6,17.7,19.8,5.7,6.3,7.6,future_water_stress
38.3,39.0,37.6,28.8,30.5,28.8,46.2,45.7,48.9,5.7,6.7,6.3,stable
31.4,27.0,30.8,71.5,74.1,71.3,82.1,85.6,86.0,1.6,2.1,3.1,stable
39.0,38.2,39.1,58.8,60.7,56.1,53.4,51.8,52.0,5.6,6.4,6.9,future_heat_stress
30.8,35.0,31.9,79.4,72.5,71.2,65.2,59.6,67.7,-0.3,-0.2,2.3,stable
30.5,29.2,29.0,59.7,63.5,57.8,48.0,45.6,43.0,9.2,6.0,7.4,future_root_zone_stress
28.9,28.7,28.1,69.2,72.6,65.4,61.6,58.9,60.1,4.1,3.2,2.9,stable
39.5,36.6,39.2,53.1,48.9,51.8,68.8,74.3,68.2,9.5,7.9,7.8,stable
38.0,39.6,42.1,31.5,30.6,34.0,39.8,38.4,40.6,4.7,4.0,4.1,future_heat_stress
24.4,28.9,27.5,62.7,62.8,61.5,45.8,41.2,48.9,2.4,5.3,4.9,stable
29.9,29.7,34.5,60.5,61.2,67.9,61.3,66.1,68.4,4.0,4.0,3.0,stable
28.1,26.8,27.3,88.1,82.1,81.5,79.0,75.1,80.8,7.0,5.6,5.6,stable
34.0,31.1,33.5,40.2,38.8,42.4,89.1,93.2,94.1,4.0,3.6,4.0,stable
26.7,29.1,29.0,53.5,52.8,60.1,70.9,72.6,68.0,3.8,2.4,3.1,stable
29.2,28.5,29.8,64.9,69.5,61.7,68.9,65.1,74.0,4.0,3.4,3.7,stable
32.4,29.7,33.3,39.7,44.6,38.6,60.3,57.9,59.6,7.7,10.7,9.7,future_heat_stress
25.3,25.6,25.9,69.5,78.2,71.5,70.0,75.8,79.9,4.1,4.8,5.5,stable
35.7,34.8,38.1,30.0,35.3,36.4,65.1,65.4,60.8,4.8,4.9,4.5,stable
27.7,24.8,26.2,63.7,60.6,57.7,77.6,76.0,71.2,3.9,2.9,3.5,stable
31.4,31.0,31.9,54.0,52.7,51.2,77.0,66.3,73.2,5.1,6.6,6.6,future_root_zone_stress
28.1,31.9,32.3,62.1,54.7,51.4,73.6,76.3,74.6,6.8,5.4,5.4,stable
29.8,33.6,35.3,54.8,56.2,48.5,42.0,47.3,44.8,6.4,7.0,5.0,stable
37.9,40.0,39.4,63.0,59.3,54.2,47.9,45.5,46.5,7.2,4.7,6.0,future_heat_stress
28.1,31.1,30.3,52.2,58.9,52.7,44.7,37.2,45.9,8.4,8.9,8.5,future_heat_stress
31.1,29.4,31.5,94.5,92.5,85.0,56.1,62.2,62.0,1.3,2.4,2.4,stable
32.2,32.4,33.8,75.0,77.2,80.2,71.7,74.8,71.4,6.7,4.3,5.4,stable
38.2,41.0,40.0,66.9,60.7,71.3,51.4,65.0,60.4,6.9,7.4,8.0,future_heat_stress
27.6,27.1,27.9,51.8,50.8,51.3,52.1,58.7,58.9,5.9,5.2,6.3,stable
29.9,27.3,28.1,65.3,65.5,63.1,38.0,40.3,34.9,4.9,4.1,5.2,future_root_zone_stress
23.1,24.5,27.6,82.5,85.0,79.1,54.5,47.0,51.6,4.3,3.5,3.0,stable
35.7,33.8,35.0,41.9,42.9,43.6,56.4,54.3,48.0,5.4,6.2,6.3,future_root_zone_stress
26.9,28.6,29.7,68.8,59.2,67.1,68.4,60.4,63.8,5.5,3.7,4.2,stable
28.4,29.4,27.8,64.2,66.7,74.2,45.0,43.9,42.9,3.4,2.2,3.1,stable
29.7,32.3,32.3,81.4,85.1,87.1,50.4,54.0,51.7,5.2,4.9,4.7,stable
26.2,27.5,32.6,61.0,64.4,55.4,47.3,39.2,38.8,3.8,3.2,3.7,stable
34.1,33.6,34.5,73.4,71.6,68.6,72.1,71.3,72.3,6.5,9.0,6.7,future_root_zone_stress
24.5,23.9,27.0,74.6,80.1,69.5,68.0,73.4,73.1,2.1,3.5,2.4,stable
26.6,25.8,25.8,71.8,66.4,71.7,63.2,67.8,65.8,3.3,1.9,2.5,stable
25.8,27.9,27.7,57.4,63.9,58.3,61.4,62.1,62.7,4.0,3.9,2.6,stable
32.2,36.4,37.0,62.1,60.7,62.3,58.9,65.8,60.6,4.9,5.1,4.3,stable
33.7,33.8,36.0,68.2,60.7,68.0,71.7,85.9,78.7,9.2,9.7,7.7,future_heat_stress
30.1,32.0,33.1,64.6,67.7,71.2,76.8,74.6,75.3,4.7,5.3,4.0,stable
35.7,34.8,37.1,47.7,47.7,48.0,57.4,54.2,58.0,6.8,6.5,5.6,future_heat_stress
22.3,26.8,25.9,57.6,61.2,54.3,74.4,78.5,84.2,2.8,2.0,1.7,stable
36.5,38.9,37.8,56.3,55.6,51.2,56.3,48.7,52.5,5.0,7.7,6.2,stable
38.4,39.7,42.3,54.8,61.6,59.7,44.5,40.7,44.4,3.9,4.3,5.5,future_water_stress
26.9,29.7,28.2,70.9,73.2,70.8,85.0,74.8,78.4,2.8,3.1,4.4,stable
35.5,33.5,35.0,66.8,72.8,71.6,81.7,76.5,79.0,5.7,4.2,4.7,stable
28.0,29.6,31.9,45.5,39.1,35.9,46.2,49.0,53.1,7.1,7.0,7.4,future_heat_stress
35.6,34.3,36.1,33.6,30.5,31.1,81.7,76.4,77.5,3.4,3.0,3.4,stable
26.0,26.7,28.4,68.6,61.9,57.4,73.6,75.1,80.0,2.6,1.7,2.5,stable
29.2,30.9,29.2,67.4,58.7,57.6,57.0,58.0,56.9,2.8,3.7,3.1,stable
31.6,32.0,32.4,60.7,60.5,67.6,48.3,51.7,46.4,1.0,1.8,1.5,stable
28.2,27.1,30.2,50.6,50.5,56.6,60.3,58.9,60.2,5.9,5.6,6.0,future_root_zone_stress
30.3,29.3,31.2,57.5,49.5,51.6,66.9,62.4,62.9,1.9,3.8,2.6,stable
35.8,32.4,33.3,54.3,62.9,59.2,22.6,19.3,19.8,8.0,6.3,6.6,future_water_stress
29.8,28.6,31.6,49.2,43.1,48.7,59.2,55.1,54.9,4.9,6.4,6.1,future_heat_stress
25.8,25.3,27.5,70.9,61.4,58.7,59.8,61.2,64.3,3.7,5.8,4.9,stable
27.5,27.8,26.9,81.3,74.3,81.9,45.8,45.4,50.0,0.8,2.2,2.7,stable
40.2,38.2,40.4,34.0,40.0,34.4,92.0,92.0,90.3,3.1,4.7,4.9,stable
17.7,21.5,22.7,61.2,67.1,62.7,48.2,52.8,52.2,1.9,4.1,3.3,stable
30.2,32.4,30.7,72.9,65.9,71.9,36.6,35.9,38.8,5.9,4.4,4.1,stable
23.5,22.9,24.9,73.3,71.2,67.3,63.9,61.5,64.0,4.6,3.4,5.1,stable
36.9,36.9,37.3,60.5,57.4,63.9,11.9,8.1,7.6,4.0,3.8,5.3,future_water_stress
28.3,28.9,31.9,50.8,49.1,43.2,65.2,64.5,66.9,3.1,3.3,4.0,stable
36.3,36.8,39.5,48.9,56.1,58.3,57.3,61.3,64.3,4.3,5.0,6.3,stable
26.0,26.1,26.3,83.9,77.6,77.5,67.5,66.3,68.4,4.0,2.1,3.9,stable
34.6,34.8,36.2,29.1,36.8,32.0,20.9,19.2,21.2,4.5,8.3,8.1,future_water_stress
26.2,29.1,28.8,73.3,68.5,77.1,85.1,77.0,75.0,1.9,1.8,1.7,stable
29.1,27.0,28.4,55.4,55.0,55.6,65.0,71.7,68.5,3.5,3.1,1.3,stable
42.1,41.1,39.6,61.9,62.5,53.4,63.7,57.7,58.1,7.0,5.4,5.8,future_heat_stress
34.6,35.7,35.1,69.5,65.6,71.8,64.1,63.1,61.7,7.3,5.7,4.7,future_root_zone_stress
33.9,37.5,34.2,56.4,55.4,59.9,18.7,19.6,23.3,8.1,7.2,8.5,future_water_stress
28.9,29.5,29.6,39.6,37.6,40.5,50.8,40.3,49.1,2.0,5.1,4.1,stable
29.1,26.7,27.1,63.6,56.7,53.5,82.1,83.2,86.8,2.5,3.4,2.3,stable
32.4,30.0,30.4,48.8,48.1,54.6,80.3,74.8,79.1,5.3,6.3,6.1,stable
27.0,28.3,29.4,61.9,63.1,64.8,76.9,79.5,74.6,4.9,4.1,5.0,stable
27.0,24.0,25.5,77.7,69.8,74.7,64.3,66.4,65.9,4.2,4.2,4.2,stable
22.5,23.3,27.1,79.0,73.7,79.4,69.1,75.9,73.3,3.8,5.9,4.9,stable
24.2,24.2,28.2,58.3,69.8,64.6,68.5,72.1,71.9,-1.1,-0.4,0.7,stable
32.6,34.4,33.6,54.7,53.9,54.7,57.8,61.9,61.5,4.0,4.5,4.1,stable
34.4,34.3,37.8,49.7,47.0,52.1,82.1,82.5,82.6,1.2,3.9,3.9,stable
27.5,25.0,25.8,67.8,72.1,70.4,63.5,62.3,66.5,3.6,1.6,2.1,stable
25.9,25.9,25.0,75.4,75.1,73.5,63.6,60.6,65.6,1.0,3.1,2.2,stable
34.9,34.1,35.4,55.5,55.9,50.1,49.3,45.7,50.0,8.1,7.2,7.9,stable
24.5,27.3,25.0,46.9,50.7,56.6,61.9,64.5,58.8,5.4,4.6,2.8,stable
30.1,26.7,31.2,49.0,49.7,46.6,12.1,12.7,13.7,6.6,8.6,7.1,future_water_stress
33.1,35.5,34.1,57.4,55.0,60.0,58.2,64.1,59.9,7.0,4.8,5.2,future_root_zone_stress
32.8,30.3,34.9,54.1,59.4,57.9,74.0,66.4,68.2,5.6,5.0,4.8,stable
29.3,26.0,27.0,73.8,67.9,75.1,61.6,62.6,57.8,5.8,3.8,3.0,stable
38.1,39.7,40.2,45.0,34.7,38.5,59.5,61.5,58.2,7.1,8.0,7.0,future_heat_stress
39.5,38.4,38.3,64.4,54.5,53.1,69.2,64.2,66.6,4.8,5.1,3.5,stable
22.8,24.2,27.3,53.7,61.8,58.6,67.8,64.0,69.4,3.9,2.0,1.9,stable
28.4,26.8,28.3,44.7,50.5,53.7,51.0,56.9,56.6,2.3,2.9,4.4,stable
22.4,25.2,28.3,60.5,56.1,63.2,69.8,67.8,67.9,1.5,3.4,2.1,stable
25.2,25.2,28.3,55.5,54.2,59.4,66.9,63.1,60.9,5.6,3.6,3.0,stable
35.5,33.4,33.8,55.1,59.3,61.3,51.2,58.4,59.8,3.8,4.8,3.7,stable
27.4,26.9,27.1,87.0,95.1,87.1,55.9,62.3,59.1,7.3,6.9,5.4,stable
23.6,24.3,28.4,83.9,81.4,86.1,61.9,62.5,65.3,1.4,2.1,2.1,stable
23.0,26.6,28.8,59.6,59.2,59.8,56.7,59.9,56.6,5.0,3.3,3.0,stable
30.8,30.4,32.0,87.9,85.4,84.7,70.1,75.3,68.6,6.2,5.3,6.2,stable
31.4,29.7,30.8,44.9,55.4,48.9,74.4,72.1,72.1,5.2,2.7,4.0,future_heat_stress
35.5,31.1,33.3,54.3,52.9,50.1,41.9,40.6,37.2,10.8,8.4,9.7,future_heat_stress
43.2,42.9,44.4,22.3,25.1,19.9,35.2,41.2,43.6,7.7,7.8,8.6,future_water_stress
34.8,33.5,37.2,38.5,35.2,39.1,13.3,3.4,7.0,5.6,5.0,5.0,future_water_stress
23.5,25.7,24.5,79.4,78.5,76.5,73.5,65.5,76.4,4.5,6.3,5.2,stable
36.0,37.3,37.3,55.0,53.5,55.0,65.9,68.0,66.6,7.6,10.5,9.9,future_heat_stress
32.0,32.8,34.9,57.4,53.3,56.2,7.7,14.2,16.8,3.7,5.4,5.9,future_water_stress
25.8,27.7,29.0,71.0,73.8,66.9,52.6,47.7,45.3,6.6,3.2,3.4,stable
32.4,34.7,34.6,62.0,65.2,65.1,78.9,77.8,70.3,7.6,6.4,8.5,future_root_zone_stress
30.8,31.4,32.4,61.9,58.1,53.3,63.8,60.5,63.0,3.1,3.5,3.4,stable
28.6,29.6,28.4,77.1,67.4,71.9,51.4,59.2,57.8,3.8,3.4,3.7,stable
30.2,31.3,30.8,42.2,53.1,51.9,69.0,70.0,65.0,1.8,5.3,3.7,stable
36.3,39.6,37.6,58.2,62.7,64.8,94.2,88.9,92.8,6.4,5.6,6.2,stable
21.4,23.8,23.2,58.5,58.6,57.3,65.4,66.1,69.9,5.0,1.4,3.8,stable
24.5,24.2,27.3,56.3,57.9,61.1,74.5,73.3,74.4,3.6,2.6,2.8,stable
21.0,25.2,23.2,77.7,79.8,73.1,57.2,61.4,54.2,2.6,3.8,5.0,stable
33.6,35.9,35.1,58.9,60.7,64.3,86.2,76.4,84.8,2.3,5.1,4.5,stable
34.5,32.8,34.7,49.7,60.0,49.4,69.2,70.9,62.6,5.4,3.4,5.5,stable
32.6,30.7,31.8,65.8,59.5,63.9,60.5,55.9,52.7,5.6,5.8,6.6,future_root_zone_stress
29.2,27.3,28.2,64.0,61.2,60.4,55.1,51.8,55.7,0.9,2.8,4.2,stable
30.9,33.2,34.1,73.7,64.8,72.2,57.7,59.0,60.3,6.5,3.7,4.5,stable
27.6,30.4,30.4,63.4,54.4,63.0,33.7,42.7,44.4,5.7,3.0,4.2,stable
26.7,27.2,25.8,71.4,62.9,72.0,73.7,74.4,73.2,6.5,5.9,5.6,stable
36.4,34.3,38.8,82.5,79.5,78.5,71.0,69.3,69.4,7.8,5.4,7.0,future_root_zone_stress
24.5,26.9,29.6,81.2,82.8,80.0,83.2,88.4,92.0,3.0,5.7,5.8,stable
26.0,25.8,27.6,87.9,85.6,92.9,51.6,55.0,55.7,6.0,4.3,4.2,stable
44.6,46.4,47.8,33.8,27.5,22.8,70.9,66.5,72.1,9.8,7.8,9.2,future_heat_stress
23.8,23.4,25.0,73.6,82.9,73.6,42.5,38.0,34.5,5.6,6.7,6.1,future_root_zone_stress
28.5,26.9,27.5,81.8,83.0,80.8,49.3,49.6,45.3,1.3,1.6,-0.2,stable
34.9,35.2,35.9,41.4,31.3,40.3,52.5,44.1,51.9,7.5,7.1,6.5,future_root_zone_stress
38.1,41.1,37.7,43.0,43.3,45.5,73.3,72.8,80.1,7.4,6.4,6.1,future_heat_stress
32.4,34.1,35.6,46.4,47.3,47.9,22.6,18.1,21.9,7.5,7.4,7.8,future_root_zone_stress
37.5,34.0,34.5,42.0,44.2,47.4,65.5,58.2,63.8,3.3,3.7,4.5,future_root_zone_stress
39.2,37.5,40.8,43.6,40.8,40.8,52.3,54.7,54.0,6.6,4.5,5.1,stable
39.6,37.9,39.3,38.3,34.3,39.6,47.5,40.9,47.4,10.2,9.4,8.0,future_heat_stress
37.7,37.3,40.7,22.4,25.0,24.5,46.9,46.4,51.0,5.4,7.3,6.5,future_water_stress
30.3,29.4,33.1,61.2,57.7,54.4,43.6,44.2,45.2,2.8,4.4,5.9,future_water_stress
28.9,31.3,30.7,92.0,93.2,90.5,82.0,88.8,84.2,0.7,1.8,2.7,stable
30.4,27.9,32.1,48.0,47.9,49.2,53.2,50.9,56.2,4.3,1.2,2.9,stable
45.8,48.0,49.5,18.3,17.6,13.7,94.1,95.0,93.0,6.4,8.7,7.8,future_heat_stress
31.0,28.2,29.4,64.9,60.4,61.4,73.6,83.6,81.4,2.8,1.9,2.7,stable
25.5,28.3,28.9,80.0,76.0,80.5,82.0,86.0,78.1,2.5,4.9,3.7,stable
36.3,37.1,38.6,44.3,48.8,47.1,58.4,63.4,58.8,4.1,4.9,5.1,future_heat_stress
29.9,31.2,33.6,58.5,54.7,59.5,63.4,65.4,67.5,3.5,4.4,4.2,stable
26.1,28.0,28.2,60.4,64.8,62.5,54.4,61.3,57.8,3.5,2.8,3.0,stable
39.0,38.5,39.0,45.7,48.8,50.0,82.2,74.2,83.4,8.5,8.8,6.6,future_heat_stress
33.2,32.3,36.1,65.7,58.8,60.8,95.3,90.6,90.7,3.1,4.1,2.8,stable
27.5,28.3,28.5,76.0,70.3,70.9,68.9,73.5,71.8,1.7,2.8,3.0,stable
37.3,34.6,35.2,46.0,49.5,51.2,59.8,68.4,62.6,4.4,4.7,4.6,future_heat_stress
40.7,40.5,44.0,22.4,24.4,17.8,33.6,34.0,36.7,8.5,7.0,6.1,future_water_stress
34.7,35.5,36.6,43.6,48.3,40.8,87.3,86.1,84.5,7.4,5.4,4.9,stable
31.4,29.9,31.0,31.0,30.1,34.4,16.4,22.3,17.2,8.9,7.8,8.6,future_water_stress
35.7,35.6,35.6,45.5,43.6,48.8,54.8,53.6,56.8,5.0,5.8,4.8,future_water_stress
35.5,34.5,37.2,45.6,44.1,42.6,55.6,47.9,51.3,7.1,4.9,5.2,stable
28.8,29.1,32.2,34.6,32.9,32.2,53.0,49.7,50.2,7.0,7.9,8.0,future_heat_stress
27.7,30.2,31.4,69.4,74.7,74.4,58.3,55.3,54.1,3.4,3.7,2.4,stable
23.4,24.9,27.6,80.3,84.5,79.3,67.8,68.4,68.7,4.7,3.9,4.9,stable
41.4,43.6,46.1,20.7,18.8,23.2,62.9,61.0,64.8,5.8,7.5,6.9,future_heat_stress
36.0,39.6,39.7,21.6,20.5,22.0,46.5,50.4,49.7,10.8,9.2,10.1,future_water_stress
26.8,25.3,26.0,63.2,64.8,65.1,69.0,65.4,70.5,1.8,3.7,4.5,stable
27.0,28.4,28.5,76.8,73.5,71.0,75.3,80.7,73.5,0.9,2.3,1.7,stable
29.1,28.3,32.0,28.9,37.3,27.0,43.2,51.6,49.4,6.8,6.4,4.6,future_root_zone_stress
32.4,31.1,30.5,54.5,53.0,49.0,43.5,51.3,47.1,5.2,3.9,4.1,stable
32.5,35.0,35.2,62.1,59.8,60.3,49.2,52.9,54.2,3.3,3.2,2.7,stable
33.4,32.9,33.6,47.2,48.6,46.6,60.3,63.4,56.4,7.6,6.3,5.7,stable
32.4,33.4,35.2,38.7,42.5,36.3,58.0,53.0,61.2,4.5,4.3,5.3,stable
37.5,35.2,38.2,37.4,40.5,40.6,50.3,52.4,45.7,7.8,5.0,4.9,future_heat_stress
24.7,26.5,28.9,57.5,62.6,60.5,25.9,25.6,29.1,6.5,6.6,7.0,future_water_stress
27.0,25.5,30.3,70.9,73.9,79.9,60.1,65.4,61.7,4.9,2.8,1.8,stable
31.3,29.4,33.5,63.6,62.7,63.0,48.4,52.4,48.9,3.1,3.3,4.0,future_water_stress
33.7,36.6,35.0,52.1,52.1,50.7,69.0,67.4,67.2,3.9,2.7,3.7,stable
30.6,35.4,31.7,48.2,59.0,56.8,42.5,47.5,49.3,2.1,3.0,4.0,stable
30.9,31.4,31.5,44.5,48.9,51.2,45.1,45.7,48.5,1.3,2.9,4.5,stable
33.6,30.3,30.2,74.6,78.3,79.2,55.3,52.4,58.5,2.6,2.0,3.9,stable
30.6,34.9,35.6,57.8,62.7,64.1,60.7,57.2,55.9,4.5,6.0,4.0,future_water_stress
32.3,32.5,36.1,31.1,28.4,28.0,61.6,59.3,55.8,10.5,10.7,10.6,future_heat_stress
24.9,28.1,27.4,86.9,86.6,90.3,46.6,36.9,44.4,3.6,1.8,2.3,stable
21.8,26.3,25.5,46.0,46.9,50.6,63.1,59.1,59.8,2.8,2.8,2.4,stable
33.4,35.9,39.9,63.4,66.2,63.2,34.8,38.8,40.0,6.2,6.9,6.3,future_water_stress
28.9,29.0,29.0,81.9,81.7,84.9,64.5,66.9,71.7,5.9,3.7,3.1,stable
25.0,26.6,29.3,52.3,61.0,52.4,61.9,62.4,65.0,6.3,4.3,4.8,stable
23.9,28.6,28.0,66.2,65.8,66.4,37.9,43.5,45.1,1.0,2.3,1.6,stable
25.5,24.8,27.8,54.5,62.9,55.1,71.4,69.7,71.3,4.0,2.7,3.0,stable
39.7,43.3,41.5,32.2,33.8,34.8,38.9,37.4,39.0,6.8,8.5,9.0,future_root_zone_stress
39.0,39.4,40.0,59.4,50.2,55.6,51.3,54.3,56.4,4.8,4.3,5.6,stable
31.4,32.3,32.6,53.8,51.3,56.0,38.2,44.5,43.7,7.4,5.0,6.3,stable
30.1,31.7,35.7,66.2,59.8,62.0,48.3,44.2,44.4,3.2,4.0,4.6,future_water_stress
23.4,24.0,27.1,69.1,62.6,65.9,59.6,59.6,56.8,3.9,3.0,2.9,stable
24.6,26.8,25.5,65.0,61.8,60.3,50.1,49.2,49.7,5.1,4.3,4.6,stable
26.5,30.9,27.9,69.3,72.8,75.0,65.8,66.0,65.0,-0.3,1.8,2.4,stable
27.3,27.4,29.7,55.2,61.3,62.2,23.5,27.2,25.3,7.3,6.7,8.0,future_root_zone_stress
21.4,22.1,22.0,69.3,76.0,70.5,57.6,56.3,53.6,4.4,3.1,4.6,stable
35.1,36.8,37.5,61.5,64.1,59.9,64.6,67.3,66.2,5.7,4.8,4.6,stable
30.2,30.9,31.4,85.4,84.6,90.9,60.7,62.5,57.9,3.4,3.4,5.1,stable
31.4,30.8,30.7,78.3,86.9,81.1,68.4,60.8,61.8,4.9,3.6,5.2,stable
33.3,36.9,37.8,57.2,64.8,63.9,82.1,85.2,82.7,4.7,6.8,6.2,future_heat_stress
23.3,24.0,25.3,63.1,68.0,63.0,79.5,77.8,79.6,2.6,0.6,2.4,stable
37.3,38.7,39.5,41.7,40.4,39.5,71.6,67.1,70.9,5.5,4.8,3.8,stable
19.4,21.4,23.2,71.3,79.1,74.6,43.3,41.3,42.9,2.2,3.3,2.2,stable
36.1,33.3,33.0,77.9,76.2,77.0,74.2,78.5,74.7,3.7,3.8,4.2,stable
28.9,27.3,26.9,62.6,66.7,66.0,70.8,71.7,67.0,3.3,4.7,3.6,stable
37.3,40.1,38.2,41.9,44.1,37.6,57.2,55.9,60.7,4.0,4.8,4.3,stable
31.7,31.8,31.2,79.5,70.9,81.1,44.5,53.1,51.1,5.9,3.9,5.8,future_root_zone_stress
28.8,29.9,29.3,49.8,45.2,44.6,67.0,62.7,63.8,3.4,4.3,4.7,stable
35.2,35.4,36.5,67.9,63.6,67.3,66.3,68.2,60.6,8.4,6.4,6.8,future_heat_stress
37.0,36.9,38.2,60.7,52.1,56.3,62.2,64.8,62.3,7.4,6.1,5.3,stable
19.8,20.1,21.1,63.1,68.7,64.4,39.8,45.6,41.0,4.2,4.0,3.6,stable
33.2,35.3,36.0,56.1,50.2,51.1,60.0,57.9,60.4,3.8,1.9,2.5,stable
34.7,33.9,36.1,79.8,73.7,76.1,58.3,55.4,54.8,7.6,5.2,4.7,future_root_zone_stress
25.1,28.1,28.4,79.5,75.4,75.9,82.1,87.6,90.6,3.8,4.7,3.5,stable
31.2,32.9,33.5,55.2,57.5,62.4,35.6,33.0,32.0,7.4,6.8,6.4,future_water_stress
44.4,43.9,44.7,39.0,46.0,50.0,64.0,68.7,65.0,11.8,9.8,10.6,future_heat_stress
39.7,40.5,41.8,45.0,43.9,36.8,82.3,77.8,83.9,7.7,9.3,10.0,future_heat_stress
28.3,27.3,29.9,25.2,31.3,36.9,31.4,30.5,27.6,7.1,8.6,6.7,future_root_zone_stress
39.9,40.9,39.4,46.7,47.1,48.6,71.2,63.8,66.1,8.1,6.6,6.6,stable
35.3,38.6,39.5,37.3,33.2,36.8,31.0,28.9,34.0,2.2,5.1,5.3,future_water_stress
40.3,42.0,41.6,49.0,57.4,55.6,58.4,54.8,56.2,5.5,6.9,6.4,future_heat_stress
32.2,32.4,35.4,51.9,46.7,44.9,45.6,44.6,38.4,3.7,6.2,5.4,stable
24.7,25.0,27.3,76.5,67.6,67.9,78.3,69.0,74.0,3.6,5.1,4.8,stable
33.5,36.4,36.9,62.5,65.6,62.5,97.1,94.3,88.8,4.3,6.3,4.4,stable
27.0,26.9,27.1,65.4,67.9,69.2,68.2,65.9,65.5,2.7,5.6,5.0,stable
42.4,42.6,42.1,56.2,56.9,57.4,63.5,69.8,67.3,8.3,7.9,7.4,future_heat_stress
42.8,41.2,41.9,44.0,37.7,43.4,45.9,45.7,49.2,6.9,7.1,6.6,future_water_stress
39.3,36.2,40.5,68.9,62.7,67.8,79.9,76.0,78.4,7.7,5.8,7.7,stable
34.5,33.2,35.8,72.8,66.6,67.5,87.7,82.3,85.4,4.9,4.3,5.1,stable
28.6,29.5,30.4,67.2,79.4,71.8,69.0,70.0,69.1,3.3,2.0,3.2,stable
31.8,34.9,37.1,43.6,37.8,45.3,94.4,96.8,89.9,5.3,5.8,5.8,future_heat_stress
29.1,29.5,30.9,87.1,83.4,82.6,76.9,86.6,80.4,4.5,6.3,4.3,stable
31.3,29.6,33.0,78.5,79.3,86.2,63.0,68.7,73.5,3.6,4.2,4.7,stable
31.3,29.4,32.8,76.4,68.2,69.0,71.6,73.2,74.8,5.7,4.9,5.6,stable
24.6,23.0,23.7,72.9,71.8,70.4,51.7,42.2,45.0,6.1,5.0,5.4,stable
35.1,36.9,37.1,59.4,64.3,63.2,18.0,22.9,23.2,5.4,7.6,6.7,future_water_stress
27.3,30.3,30.5,94.5,83.2,82.3,63.8,68.8,69.0,1.9,1.7,3.6,stable
30.9,27.5,30.0,95.4,88.2,87.5,68.9,69.8,66.7,6.7,7.5,5.9,future_root_zone_stress
25.9,27.6,29.9,51.8,55.4,58.9,75.8,76.6,75.6,4.9,5.6,4.6,stable
31.6,31.6,32.7,63.6,66.5,58.8,76.7,73.0,69.1,5.9,6.5,5.8,stable
31.2,35.0,35.2,75.2,73.7,67.0,41.3,36.9,37.8,3.4,3.9,3.3,stable
25.9,26.3,26.5,60.0,62.7,63.9,84.3,85.8,81.2,-0.2,2.3,2.7,stable
23.0,23.7,25.5,50.4,53.3,47.4,83.6,77.1,79.5,5.0,4.0,3.7,stable
31.1,33.2,33.0,55.5,51.5,47.4,66.5,68.9,73.0,0.9,3.5,2.8,stable
40.4,40.1,40.0,47.0,46.5,41.6,92.9,86.8,89.0,4.3,4.8,3.2,stable
26.9,26.8,31.6,48.9,44.5,44.3,54.8,57.1,54.6,7.4,5.0,5.1,stable
32.5,27.9,29.1,80.3,84.4,78.7,54.6,51.2,54.6,4.1,3.0,1.3,stable
30.8,33.2,31.8,60.8,55.5,52.0,56.3,53.7,55.3,4.9,4.2,4.1,stable
27.4,26.9,28.0,52.6,53.4,50.8,60.5,62.1,65.8,3.7,5.0,5.8,stable
39.4,37.9,37.4,50.8,47.3,51.1,45.8,49.3,49.2,7.5,8.3,8.2,stable
27.7,27.4,27.1,65.6,79.8,70.6,88.4,88.0,89.3,1.9,2.6,3.1,stable
39.3,38.2,38.2,54.1,54.6,55.0,62.8,60.6,56.7,2.4,3.1,4.4,stable
27.2,27.7,28.5,49.4,60.7,51.3,52.1,45.2,44.0,3.7,1.9,3.2,stable
27.9,29.7,32.1,64.1,67.6,62.0,59.9,51.9,61.3,3.5,3.4,5.6,stable
25.9,23.7,27.3,52.7,52.6,54.7,58.7,62.8,63.4,6.4,3.5,3.7,stable
35.3,34.5,34.0,70.8,58.6,61.8,35.0,39.4,44.8,6.0,4.5,5.2,stable
23.8,24.0,27.3,77.3,74.0,73.5,67.3,63.8,59.4,1.7,2.0,2.8,stable
31.8,33.0,36.2,39.1,35.2,30.4,75.7,72.2,77.4,4.0,5.0,4.9,future_heat_stress
36.7,35.5,39.9,46.8,45.3,45.7,51.7,58.1,60.7,6.7,6.9,6.5,stable
25.4,24.3,25.8,70.9,74.4,77.5,77.6,74.2,73.9,5.6,4.0,3.2,stable
30.7,33.0,31.3,67.1,59.6,61.1,52.5,55.5,52.3,2.6,5.5,4.9,stable
36.5,36.7,40.9,29.3,32.2,34.9,35.8,30.0,33.1,4.7,6.1,7.5,future_root_zone_stress
34.0,34.4,34.3,63.5,63.7,66.4,52.8,52.4,54.1,4.7,4.5,4.9,stable
29.7,29.5,30.2,74.6,73.0,71.0,74.9,75.1,72.4,2.6,5.6,5.6,stable
41.0,43.2,42.9,57.1,55.1,53.6,62.0,54.3,57.4,7.4,6.8,7.8,future_root_zone_stress
35.7,34.9,38.4,45.7,41.6,36.1,66.4,57.9,66.1,6.5,6.4,5.6,stable
27.6,31.3,29.7,69.0,70.1,69.1,68.0,69.4,70.9,3.6,4.4,4.2,stable
31.4,32.0,34.9,76.2,79.4,72.2,61.2,67.1,63.1,4.6,3.8,3.8,stable
25.5,26.7,29.9,69.4,69.6,60.7,52.8,58.6,57.3,3.6,5.3,3.6,stable
26.3,28.2,31.0,66.0,59.2,58.0,40.1,46.7,43.4,4.7,5.1,5.7,stable
33.2,29.1,32.7,70.0,64.4,64.9,77.1,76.8,81.0,1.4,2.2,2.9,stable
29.3,30.3,29.7,71.8,73.2,62.9,54.1,67.3,59.3,2.9,4.5,4.1,stable
28.7,29.3,28.0,68.3,63.2,66.0,75.9,77.5,74.1,2.7,3.8,3.7,stable
36.1,34.2,35.9,54.4,56.6,51.8,30.9,33.6,29.6,5.2,5.7,4.7,future_root_zone_stress
29.5,28.7,28.3,68.5,59.9,67.7,88.9,86.9,90.4,2.4,3.7,4.6,stable
41.3,45.1,45.6,18.2,18.9,17.5,20.4,18.1,21.3,10.8,9.5,9.4,future_water_stress
27.1,29.5,31.1,62.9,50.2,58.3,84.9,79.1,80.1,4.1,3.1,4.2,stable
35.4,31.3,34.5,80.4,84.1,72.7,62.7,58.5,66.3,2.2,2.5,3.5,stable
36.8,34.4,38.1,67.1,70.9,63.1,37.7,46.1,43.9,2.6,3.0,4.8,future_water_stress
30.9,32.2,34.7,66.9,59.9,66.9,67.8,64.1,65.9,4.6,5.8,5.5,stable
28.5,25.1,29.6,49.0,52.9,58.5,54.3,53.8,53.8,6.4,7.2,6.9,future_water_stress
29.2,30.5,33.3,57.4,53.5,55.4,32.2,27.3,34.6,4.3,5.3,6.0,future_root_zone_stress
36.9,35.3,36.3,36.0,40.0,31.5,63.1,76.2,70.2,3.6,3.7,4.6,stable
30.7,30.1,30.2,61.0,66.1,70.4,74.2,74.4,77.8,1.2,-0.1,0.0,stable
31.4,31.1,31.3,55.4,57.1,55.5,88.9,82.3,89.9,3.3,3.0,3.3,stable
26.1,26.5,29.1,56.1,49.6,56.2,36.8,45.4,43.0,2.1,2.9,2.5,stable
26.9,25.2,27.3,101.5,100.6,95.3,68.8,56.4,60.7,4.5,3.7,5.0,stable
40.8,43.7,43.9,22.5,22.4,22.7,52.8,50.3,52.2,8.0,5.0,4.3,future_heat_stress
24.5,26.5,25.3,33.5,38.2,39.0,27.0,35.9,36.1,4.3,4.9,4.7,future_water_stress
28.3,30.2,32.3,62.7,67.4,62.9,55.1,63.4,56.0,6.5,4.6,5.6,future_root_zone_stress
28.9,31.6,31.1,64.5,61.0,57.1,61.9,61.1,55.9,7.1,4.9,6.3,future_root_zone_stress
18.7,20.0,20.7,69.1,64.8,68.9,54.7,58.7,54.9,3.9,4.2,5.5,stable
35.7,33.9,34.4,50.6,42.9,41.1,7.0,7.2,9.9,5.4,6.6,5.9,future_water_stress
32.7,37.1,36.9,55.7,56.4,52.9,68.2,68.7,68.1,4.8,5.4,6.2,stable
26.4,28.9,29.1,55.2,63.0,58.4,34.8,35.1,39.0,5.6,6.0,6.0,future_water_stress
25.5,26.9,26.7,57.1,49.1,49.8,75.9,73.3,75.7,2.3,3.1,3.1,stable
29.9,28.9,33.1,49.6,45.6,50.9,79.1,77.6,77.7,3.5,3.3,3.6,stable
34.1,33.8,34.5,80.2,78.5,81.7,87.8,81.3,85.1,8.3,6.4,6.4,future_heat_stress
23.9,23.7,24.3,69.7,65.8,64.2,90.6,83.8,81.7,3.8,5.3,5.0,stable
34.9,33.2,31.4,65.1,60.7,60.8,50.2,49.6,43.7,7.2,8.9,9.3,future_heat_stress
29.5,29.4,31.1,55.5,55.7,56.4,69.7,78.7,70.9,3.5,2.0,4.1,stable
32.6,34.7,34.1,28.6,23.1,24.2,45.0,40.5,45.5,4.9,7.6,7.7,stable
33.7,36.9,34.8,84.4,86.0,85.8,59.3,60.9,59.9,5.8,8.3,5.8,future_root_zone_stress
22.3,21.2,25.0,53.5,54.7,53.2,48.8,51.7,51.4,5.8,4.0,3.7,stable
24.0,25.5,24.9,46.5,49.2,41.6,61.6,63.7,63.5,1.2,2.4,3.6,stable
32.1,33.9,34.3,82.7,89.1,90.6,57.7,63.2,59.7,6.6,3.9,5.0,future_root_zone_stress
39.9,43.8,45.4,26.6,22.1,28.8,39.7,44.6,44.3,10.1,8.1,8.9,future_heat_stress
41.1,42.7,41.8,39.3,45.1,41.0,54.4,52.2,46.6,9.5,10.3,9.2,future_water_stress
30.3,32.1,31.2,65.2,62.0,61.0,48.5,50.4,55.0,6.0,4.3,3.7,stable
33.0,31.3,33.0,83.3,87.0,79.4,58.7,50.9,60.8,6.2,3.9,5.3,stable
31.6,34.2,32.5,79.0,83.5,84.1,51.6,52.0,57.1,7.6,9.0,7.2,future_root_zone_stress
24.6,28.5,27.0,64.1,73.0,65.5,63.2,58.4,64.7,0.2,1.4,1.7,stable
33.6,34.4,35.8,37.1,38.4,40.8,44.8,39.4,35.8,6.3,5.9,4.9,future_water_stress
35.5,37.1,37.3,55.7,49.3,46.5,40.3,43.5,37.6,8.0,7.0,7.0,stable
36.9,35.0,37.8,34.3,36.7,28.7,55.0,56.7,53.7,3.0,4.8,4.8,stable
29.0,29.7,31.3,68.4,63.9,72.2,63.7,67.6,65.3,1.2,3.2,3.1,stable
36.9,37.5,37.0,62.8,56.7,66.5,61.2,61.7,60.9,4.1,7.3,6.9,stable
28.2,30.7,32.2,52.2,45.1,46.9,85.7,87.8,86.5,3.7,4.8,4.1,stable
32.6,32.1,33.0,59.4,61.2,62.6,49.2,46.1,43.9,2.3,2.3,1.7,stable
27.3,26.1,24.0,79.4,78.6,77.6,66.7,71.2,68.8,3.9,5.4,4.7,stable
34.7,34.9,38.0,41.1,36.1,37.5,73.5,73.4,73.4,2.9,3.2,3.7,stable
30.7,31.2,32.1,51.1,41.8,48.9,35.3,42.1,34.8,5.1,5.0,6.1,future_root_zone_stress
27.1,29.3,30.2,59.4,58.2,63.1,61.0,60.9,59.1,3.7,3.0,4.8,stable
42.2,39.8,40.3,46.6,45.1,48.8,73.2,71.7,71.1,6.3,8.8,8.1,stable
33.0,31.7,31.4,52.9,60.1,54.8,29.2,29.7,33.8,7.8,7.9,9.2,future_water_stress
36.1,35.9,38.2,42.6,29.7,35.8,62.9,63.9,61.4,6.2,5.6,7.7,stable
31.8,31.0,33.3,42.4,50.3,50.0,45.8,42.6,46.8,3.3,1.7,3.2,stable
34.3,33.4,32.8,79.4,81.0,85.9,83.9,83.1,82.1,-2.5,-1.1,-1.8,stable
29.9,26.3,31.5,58.0,50.1,52.6,65.2,74.5,64.5,4.7,3.2,3.0,stable
26.4,26.1,28.3,34.7,40.0,38.6,65.0,68.9,65.6,6.0,5.0,4.4,stable
26.9,28.3,32.1,74.9,71.8,65.1,75.5,72.5,74.4,4.2,3.5,3.9,stable
38.7,40.3,39.7,59.6,60.0,62.3,43.5,43.7,37.6,9.1,9.2,9.0,future_heat_stress
28.3,27.1,27.7,39.4,41.7,48.7,47.4,53.8,53.7,1.9,4.6,2.7,stable
33.0,35.4,36.2,48.5,39.4,50.2,41.2,36.4,41.1,6.9,7.9,7.4,stable
33.9,37.4,36.8,37.1,42.9,44.0,40.3,47.0,37.5,3.4,3.6,4.4,stable
32.3,31.6,31.4,76.4,79.8,81.3,70.5,80.2,76.3,4.0,2.9,4.1,stable
27.4,24.2,28.4,66.0,63.5,68.1,44.6,46.9,42.7,4.7,7.1,5.3,future_root_zone_stress
29.6,30.3,32.2,82.7,82.8,81.3,94.9,84.0,87.7,2.6,3.9,3.9,stable
30.8,34.2,34.7,79.0,76.4,79.9,46.4,46.7,49.6,4.3,3.9,2.9,stable
29.1,31.9,30.0,70.7,66.7,75.8,86.0,85.2,92.1,6.2,6.4,5.5,stable
37.1,37.1,37.8,58.1,58.9,52.8,74.4,84.2,86.4,4.7,6.7,6.1,stable
29.8,30.5,30.7,54.6,59.2,55.7,38.2,44.9,37.5,6.2,5.0,5.0,stable
24.5,20.2,22.1,58.5,70.8,67.6,63.7,66.2,56.6,0.7,2.3,1.8,stable
29.7,30.3,32.4,41.6,42.0,40.3,76.1,73.4,76.1,8.2,8.3,7.6,stable
30.0,29.5,31.2,65.2,65.5,57.9,45.0,53.3,50.5,4.5,5.2,5.1,future_water_stress
31.5,33.0,37.0,66.8,68.9,60.6,71.6,72.0,75.1,3.4,5.8,3.7,stable
31.1,28.3,29.3,69.2,72.9,71.1,70.4,71.7,66.2,3.7,1.9,2.5,stable
33.9,34.3,36.1,65.4,71.8,64.7,35.8,31.5,31.2,2.4,5.9,4.2,future_root_zone_stress
31.3,33.5,35.0,50.5,50.8,49.4,61.8,64.7,61.4,9.7,8.4,8.0,stable
34.5,35.5,36.2,46.4,48.9,39.5,82.2,79.0,76.0,4.6,6.2,4.6,stable
28.6,27.0,29.7,58.3,65.4,62.4,71.4,71.4,68.8,2.3,2.0,2.7,stable
30.6,29.5,30.9,48.9,54.3,51.1,76.6,75.8,80.1,3.1,6.1,5.5,stable
29.2,27.5,30.5,68.0,69.9,71.8,46.9,47.0,47.6,4.0,3.2,1.5,stable
36.4,36.7,37.0,37.7,44.7,40.2,66.5,55.6,61.1,4.7,4.0,3.5,stable
31.5,35.5,35.5,49.3,43.9,46.3,59.8,61.3,61.5,7.1,7.6,5.0,future_heat_stress
24.9,28.7,28.2,40.7,42.4,43.9,60.5,61.7,59.8,2.7,4.0,1.1,stable
30.8,32.5,35.6,50.5,60.2,60.2,42.0,53.2,51.0,4.8,6.7,6.6,future_water_stress
42.4,46.2,44.6,22.5,25.7,20.3,45.5,45.3,42.9,11.7,8.6,9.0,future_water_stress
24.1,25.7,27.4,51.9,51.8,55.5,45.2,47.8,53.5,3.7,3.9,3.8,stable
32.6,33.3,34.3,103.5,97.6,105.7,81.7,86.4,80.1,2.4,4.2,3.0,stable
24.0,24.3,29.1,62.4,65.7,65.4,51.7,47.9,53.0,3.6,4.0,3.5,stable
27.1,27.7,30.4,63.2,63.3,67.5,48.5,51.6,53.4,6.8,6.0,7.2,future_water_stress
36.5,36.2,36.7,82.7,81.8,76.3,5.9,10.8,8.5,5.8,6.4,5.3,future_water_stress
43.6,44.0,44.4,30.5,25.8,30.2,88.8,77.5,79.3,8.0,9.4,8.5,future_heat_stress
30.8,30.6,31.2,48.5,56.4,54.5,14.0,15.7,19.9,5.9,5.4,6.3,future_water_stress
30.5,32.2,33.9,65.1,63.7,59.5,54.2,51.3,57.6,7.3,5.0,6.3,future_root_zone_stress
44.7,42.2,45.5,46.3,52.9,47.4,58.1,52.1,51.8,6.0,6.2,5.6,future_heat_stress
30.8,33.4,34.2,81.0,85.0,80.7,67.3,60.9,65.7,6.1,5.1,4.2,future_root_zone_stress
28.6,28.0,32.3,50.1,54.7,54.6,74.3,72.3,73.1,3.0,2.0,3.0,stable
26.3,27.8,29.8,75.5,74.5,80.6,67.7,71.7,70.0,3.6,3.9,2.8,stable
22.1,25.9,26.4,76.1,77.7,77.3,92.0,93.8,83.8,1.9,4.3,4.9,stable
29.9,28.2,31.3,47.9,55.4,52.1,85.1,89.0,85.2,4.1,4.5,2.8,stable
28.9,31.2,29.8,80.8,74.8,75.7,75.4,74.0,73.1,3.1,4.1,3.1,stable
30.6,30.3,30.9,87.9,86.1,87.8,70.9,66.7,69.0,5.5,5.2,2.5,stable
33.6,34.7,36.0,62.9,59.1,64.4,44.0,39.9,40.2,2.7,4.8,5.2,stable
41.1,36.2,40.8,44.8,49.1,46.2,10.1,6.3,14.4,7.3,7.5,7.3,future_water_stress
32.5,37.6,37.1,38.5,49.2,42.3,24.1,25.2,24.0,6.8,6.9,4.7,future_water_stress
29.3,30.6,31.4,54.3,59.4,56.9,74.6,64.2,65.0,2.0,4.4,3.6,stable
25.7,27.2,30.6,84.0,84.3,79.4,85.4,79.8,84.2,1.4,1.9,3.6,stable
28.3,30.3,31.1,64.0,64.6,74.2,50.9,42.2,43.5,6.3,3.9,4.1,future_water_stress
41.1,42.6,42.5,32.8,34.1,27.4,15.0,18.5,14.8,6.5,7.4,8.9,future_water_stress
28.4,29.1,28.2,80.0,75.1,77.9,80.5,75.1,70.7,4.2,3.2,3.9,stable
39.4,38.6,37.5,80.3,72.8,78.0,68.4,62.7,62.6,7.9,5.9,5.4,future_heat_stress
22.1,24.0,26.7,77.5,71.0,80.5,83.3,83.0,89.2,4.1,1.5,3.8,stable
36.5,37.1,38.9,65.6,69.8,66.9,43.5,40.3,44.5,7.8,6.1,4.7,future_root_zone_stress
22.5,24.7,27.4,55.6,55.3,50.8,69.7,75.4,74.1,3.8,3.1,3.4,stable
31.4,33.6,37.0,70.8,65.7,71.2,32.9,44.5,41.2,5.5,4.6,5.7,future_water_stress
36.1,34.7,36.4,55.8,56.3,58.6,45.1,41.7,46.0,6.0,3.9,4.7,future_water_stress
26.6,24.1,26.9,68.8,65.5,62.1,53.7,59.6,61.1,5.5,6.6,4.4,stable
29.3,30.8,33.4,30.8,28.0,33.7,74.6,76.5,79.6,3.9,3.6,4.8,stable
40.7,42.9,44.3,50.3,51.8,40.2,23.5,21.0,27.0,6.5,8.5,8.7,future_water_stress
40.6,37.2,40.3,44.8,45.3,39.9,54.7,53.8,59.4,11.6,10.1,9.9,future_heat_stress
33.3,32.9,36.3,88.6,81.7,92.5,84.7,89.0,94.6,6.5,6.2,5.3,stable
27.7,26.4,27.9,75.3,71.3,72.5,66.9,62.4,59.6,4.2,2.7,4.5,stable
23.6,22.4,26.1,57.0,47.8,52.4,77.8,73.3,71.3,1.7,3.6,3.8,stable
30.2,30.0,31.0,57.4,63.7,62.6,66.1,65.8,67.8,2.7,1.8,2.1,stable
28.2,29.4,30.7,53.6,56.0,55.7,27.9,18.3,20.7,6.4,9.1,7.4,future_root_zone_stress
35.6,32.1,33.9,42.8,35.2,43.2,59.7,63.8,66.9,4.7,5.2,5.7,future_heat_stress
41.6,40.9,42.4,30.9,35.4,33.3,68.6,68.5,72.8,9.5,9.3,10.1,future_root_zone_stress
34.1,36.0,35.6,68.3,68.8,68.0,25.9,33.7,31.5,11.0,9.7,8.0,future_water_stress
24.6,24.6,25.0,70.2,69.1,66.5,95.9,84.3,91.7,-1.8,-1.3,-0.9,stable
40.6,41.9,40.5,18.9,24.0,26.4,25.0,18.5,19.5,6.5,5.6,6.1,future_water_stress
37.2,35.2,36.9,56.6,54.8,55.2,58.5,62.5,58.7,6.9,5.7,6.0,future_heat_stress
26.6,25.1,27.1,50.1,56.8,59.0,69.6,66.0,68.9,3.7,2.3,1.1,stable
33.2,31.0,32.1,75.5,81.5,84.8,48.9,50.3,53.4,9.2,8.3,7.9,future_water_stress
42.2,45.2,43.2,28.6,28.3,35.0,50.6,45.0,44.1,9.6,10.3,11.0,future_heat_stress
27.0,29.3,30.7,65.9,63.5,68.0,91.3,91.2,95.7,5.6,4.2,4.5,stable
34.9,35.2,35.3,76.7,71.1,80.0,31.7,27.3,28.6,4.4,6.8,6.7,future_root_zone_stress
35.3,34.3,37.5,79.6,84.9,81.1,65.1,71.6,70.3,4.2,2.5,1.5,stable
27.1,29.7,26.9,75.2,67.6,70.7,46.5,53.9,54.4,4.8,3.3,3.6,stable
34.5,31.2,33.7,46.0,42.8,46.8,66.7,64.2,62.1,6.9,8.2,6.8,stable
32.4,32.6,34.8,60.2,61.2,62.3,83.0,71.5,74.8,3.4,3.2,4.7,stable
30.2,33.4,34.1,47.6,55.4,43.9,70.8,69.3,69.8,4.6,5.5,7.1,stable
31.0,33.3,32.2,65.1,54.7,67.4,57.0,58.7,61.6,4.8,5.6,5.6,future_water_stress
31.2,28.4,31.4,51.9,46.5,53.7,47.3,50.3,51.5,7.2,5.9,7.1,stable
31.4,33.0,32.0,50.0,44.8,49.6,53.6,56.4,53.5,5.2,5.6,4.8,stable
23.9,27.1,27.7,68.8,66.2,68.1,56.2,51.3,56.7,1.4,3.3,3.6,stable
37.7,37.4,37.6,51.4,49.4,47.1,57.4,56.0,54.4,3.7,6.1,5.8,stable
36.3,36.6,38.4,68.5,71.6,68.2,63.8,68.0,64.7,5.9,4.9,4.3,future_root_zone_stress
31.2,32.6,31.8,74.4,73.8,73.9,41.0,45.7,46.3,0.7,3.7,2.9,stable
33.7,32.4,36.6,52.4,45.0,50.5,78.8,72.5,76.5,6.2,4.3,3.6,stable
24.7,29.4,27.9,74.6,69.4,74.6,66.9,66.0,74.1,3.8,3.3,2.7,stable
34.9,32.4,35.8,46.2,36.5,44.0,41.5,39.3,45.2,7.0,8.1,7.8,future_heat_stress
44.6,43.6,45.3,45.8,47.3,42.9,18.2,12.6,11.3,5.1,5.7,6.8,future_water_stress
29.2,30.8,30.4,55.8,57.4,62.8,68.2,62.5,68.8,4.2,3.0,2.4,stable
31.5,29.5,32.0,75.4,61.6,66.7,71.3,73.5,75.2,3.8,3.1,1.5,stable
37.0,35.7,37.6,39.9,31.2,34.4,43.6,54.7,44.7,6.2,9.0,8.3,future_heat_stress
31.5,32.8,34.1,41.2,44.5,43.9,40.2,40.9,38.7,9.2,7.9,8.4,future_heat_stress
22.6,25.3,23.1,54.1,54.9,62.0,65.7,73.0,69.4,6.1,5.5,4.0,stable
30.9,35.2,33.1,49.5,52.3,54.0,52.6,55.7,58.8,4.9,4.5,2.9,stable
33.1,34.6,34.0,73.8,75.0,74.1,91.1,91.5,92.7,4.5,2.7,1.9,stable
24.9,26.3,26.2,62.9,59.4,65.8,58.5,67.6,64.8,3.5,4.3,4.7,stable
36.0,35.2,36.4,26.0,30.7,27.5,45.1,34.2,40.0,7.3,7.6,6.9,future_root_zone_stress
31.1,34.0,34.1,38.8,41.6,31.8,26.6,18.7,23.8,4.6,5.9,5.0,future_water_stress
27.9,29.7,29.6,59.6,56.2,54.3,44.7,46.9,49.2,2.1,2.6,1.9,stable
32.3,30.9,32.9,80.3,69.7,74.3,76.4,77.0,77.4,4.0,6.8,5.1,stable
20.1,20.5,23.0,45.4,49.1,53.4,63.9,64.4,58.9,2.5,4.0,5.1,stable
38.8,35.0,36.0,47.5,48.1,46.9,59.9,55.1,62.5,3.0,3.8,3.1,stable
25.4,27.8,27.9,72.3,63.5,63.1,44.4,42.1,40.9,2.6,4.1,3.5,stable
29.5,31.6,33.0,63.1,55.9,65.6,49.8,39.7,48.2,3.9,6.2,6.1,future_root_zone_stress
32.2,31.8,36.3,22.3,26.1,30.1,25.9,25.9,29.8,4.4,5.8,4.2,future_water_stress
30.0,33.8,35.7,62.0,58.9,66.1,59.9,59.3,64.2,2.3,4.6,4.2,stable
33.8,35.9,38.5,52.1,51.6,51.1,37.4,42.4,39.3,6.9,7.0,5.2,future_root_zone_stress
29.1,27.1,30.6,66.4,65.9,72.5,81.3,80.3,78.5,6.1,3.0,4.5,stable
29.1,30.5,32.7,69.8,69.1,63.0,67.7,72.7,67.1,3.4,3.4,3.2,stable
36.8,34.7,35.8,58.6,51.9,55.2,52.5,55.0,52.6,8.0,4.9,5.3,stable
36.2,36.1,39.3,54.6,51.2,50.7,37.0,40.0,39.7,4.3,4.7,4.1,stable
29.6,31.4,31.1,72.8,73.9,74.8,46.3,46.3,43.9,2.8,1.7,1.8,stable
34.3,29.9,32.7,53.1,51.0,56.0,22.1,19.7,16.5,8.6,9.2,9.1,future_water_stress
28.7,31.6,32.6,62.6,62.2,62.7,54.2,64.2,59.2,2.7,3.4,4.1,stable
33.5,30.0,33.1,68.5,68.3,68.8,83.5,78.2,81.3,7.4,5.9,6.0,future_root_zone_stress
34.9,36.2,39.8,63.1,59.8,61.0,68.0,66.6,70.4,1.1,1.6,3.2,stable
29.6,28.7,32.4,72.9,81.4,79.2,78.5,81.8,83.1,3.2,6.3,3.9,stable
29.8,27.7,30.3,53.4,68.0,58.3,72.8,70.2,71.0,3.0,4.8,2.8,stable
39.6,37.6,39.4,52.3,60.4,59.2,70.8,67.0,66.9,5.7,5.5,6.0,stable
33.3,32.6,31.6,50.3,54.3,55.3,39.8,41.8,41.5,5.9,5.2,4.9,stable
32.5,33.4,34.9,57.5,63.0,54.4,67.2,70.7,69.9,2.2,4.9,5.0,future_root_zone_stress
27.0,26.1,27.2,69.2,68.2,73.1,37.7,33.9,34.7,7.4,6.6,7.9,future_water_stress
34.8,34.1,34.9,68.8,62.0,65.2,70.7,68.8,71.9,4.5,5.7,5.4,future_root_zone_stress
31.1,32.8,33.1,63.1,75.3,68.4,73.4,68.7,73.4,4.0,6.2,5.6,stable
17.6,20.9,20.7,59.6,54.7,51.9,76.4,74.6,70.4,1.5,0.7,1.8,stable
41.9,42.0,41.9,76.9,72.8,77.1,55.1,58.4,61.2,7.2,6.6,6.7,future_heat_stress
25.4,28.9,29.1,94.0,92.4,87.2,71.4,69.4,65.3,4.3,4.9,4.2,stable
22.7,25.5,26.2,66.7,59.0,57.6,42.7,42.8,39.8,2.4,4.1,2.7,stable
29.0,31.4,30.7,87.1,87.6,86.9,56.3,48.3,51.8,6.3,5.1,3.5,future_root_zone_stress
39.1,41.0,41.1,54.3,47.1,51.2,28.9,29.0,33.9,7.9,10.2,10.8,future_water_stress
25.1,23.2,27.4,63.6,66.4,70.9,82.9,71.3,76.7,2.1,2.5,4.0,stable
32.4,35.6,32.5,68.7,74.6,72.8,63.6,74.1,70.4,2.7,2.4,2.6,stable
30.5,31.2,32.1,74.6,64.9,67.7,80.2,76.9,76.0,2.2,2.9,3.3,stable
34.7,32.8,33.7,59.6,68.1,69.4,65.2,70.3,74.7,0.5,3.6,1.8,stable
29.3,28.4,32.7,98.8,89.1,95.1,77.5,75.5,74.8,4.4,3.8,4.3,stable
25.6,23.4,28.3,62.1,51.0,55.1,56.0,63.7,59.2,2.9,1.9,2.9,stable
33.0,32.4,33.9,78.6,83.9,80.3,74.4,74.1,73.2,-0.4,1.4,2.6,stable
27.1,30.8,32.8,53.6,50.5,52.3,43.6,45.8,47.0,6.3,6.1,5.5,stable
35.0,32.4,35.4,41.5,44.4,45.9,68.9,69.2,70.9,7.8,6.9,6.5,stable
42.6,42.0,42.9,23.0,20.8,23.7,73.1,79.4,76.0,7.9,7.0,8.2,future_heat_stress
42.5,38.6,44.0,50.6,59.8,54.7,65.0,55.7,57.3,4.6,5.6,4.4,stable
30.7,32.2,33.6,70.1,68.1,66.4,73.1,71.6,72.0,3.3,3.1,3.2,stable
28.6,28.7,31.0,44.3,36.9,37.6,71.9,70.2,67.5,3.9,5.8,4.5,stable
30.2,26.0,28.9,64.5,68.3,62.5,53.4,56.4,57.5,1.2,3.3,4.1,stable
25.4,24.9,25.8,65.2,68.2,64.9,56.1,55.4,62.5,5.5,5.5,4.6,stable
35.0,35.2,35.8,58.4,58.7,62.9,80.8,87.9,79.4,4.7,6.3,6.4,stable
35.3,35.7,36.2,53.2,48.9,44.8,79.5,73.8,76.5,7.1,5.7,5.5,stable
29.5,29.7,31.0,71.4,80.9,76.9,64.9,61.5,65.1,3.9,4.2,3.0,stable
30.5,33.2,34.3,64.3,68.1,68.1,42.6,44.4,45.1,5.9,6.0,6.7,future_root_zone_stress
22.4,21.7,23.0,78.2,80.8,79.2,76.1,85.4,82.1,5.9,4.4,3.9,stable
34.8,38.4,39.0,32.1,27.4,30.5,53.4,45.8,43.2,10.6,9.5,10.0,future_heat_stress
28.8,28.2,28.2,61.1,51.0,51.4,54.6,59.9,55.2,5.9,5.8,7.1,future_water_stress
35.3,35.0,34.2,60.7,58.5,60.8,37.8,42.0,32.7,4.6,4.5,5.2,future_water_stress
30.3,29.9,32.0,53.6,58.8,51.9,72.6,75.6,76.4,4.8,4.5,4.0,stable
33.2,31.0,35.4,70.6,76.9,72.3,50.1,51.5,57.0,3.2,1.1,3.1,stable
27.3,29.5,29.3,53.9,45.6,46.9,60.4,68.6,63.7,1.2,3.4,4.2,stable
22.2,23.3,21.9,53.2,53.7,53.7,70.9,63.2,69.3,2.4,4.4,4.7,stable
21.3,25.5,24.9,71.9,65.3,65.3,66.5,58.2,61.5,1.0,2.5,2.9,stable
30.3,33.0,32.0,49.0,54.0,48.2,70.9,74.8,71.2,6.7,6.5,8.2,future_heat_stress
24.8,25.2,27.0,72.0,68.0,75.0,66.1,59.5,59.8,3.8,3.0,2.6,stable
32.0,32.1,30.8,54.9,52.4,58.2,41.7,47.0,46.2,3.5,2.6,2.8,stable
38.0,35.7,38.0,71.5,63.8,71.3,67.4,69.9,72.0,3.5,4.9,4.4,stable
39.3,38.7,40.6,55.2,55.8,49.7,53.1,59.9,62.7,9.3,7.6,8.8,future_heat_stress
24.0,24.7,25.3,56.5,55.6,57.8,59.3,62.8,58.7,3.8,4.9,4.0,stable
27.4,29.6,28.2,46.5,52.3,44.7,68.1,72.0,70.2,4.0,2.4,3.2,stable
33.0,32.4,35.5,59.0,57.4,59.9,85.2,84.3,84.6,5.4,4.7,5.1,stable
30.9,30.6,31.2,72.1,76.2,80.2,50.7,54.0,53.1,2.4,3.5,5.2,stable
32.6,34.2,32.5,67.8,60.7,66.1,82.4,77.4,81.9,3.6,3.0,4.2,stable
27.1,28.2,29.8,60.3,60.4,57.5,46.0,52.1,49.2,4.0,4.7,5.6,future_water_stress
43.0,43.4,41.5,9.0,10.8,15.9,62.6,70.2,73.5,12.6,10.0,10.3,future_heat_stress
27.7,28.6,28.6,60.2,59.8,54.5,65.7,62.6,64.9,4.4,3.2,4.3,stable
24.2,23.7,24.3,73.6,71.6,68.7,55.8,52.1,48.8,3.9,4.3,4.2,stable
32.6,30.9,32.7,80.0,80.3,74.4,39.8,39.0,40.8,3.2,4.0,3.9,future_root_zone_stress
35.5,33.1,36.6,54.8,64.1,54.4,48.3,50.9,47.9,8.1,4.9,7.0,future_root_zone_stress
27.4,31.3,33.4,72.8,61.8,70.9,57.0,59.1,52.8,6.0,6.2,4.9,future_root_zone_stress
27.2,30.6,29.7,64.5,66.1,66.7,44.5,43.0,39.0,4.6,3.3,4.8,future_root_zone_stress
23.1,24.2,25.0,67.3,68.8,61.0,47.0,40.8,49.3,4.1,2.2,3.1,stable
37.9,36.2,39.4,49.2,58.0,55.8,48.4,49.5,49.5,4.6,6.8,6.6,future_root_zone_stress
33.3,33.7,35.4,22.7,26.1,23.1,67.0,65.1,68.0,8.1,6.4,6.0,future_heat_stress
28.8,31.0,30.9,53.5,56.0,52.3,75.6,80.5,74.4,7.5,8.2,7.9,future_heat_stress
34.7,35.4,37.8,78.3,74.3,82.8,71.0,71.5,73.2,7.0,6.1,7.1,future_root_zone_stress
37.0,36.8,40.1,46.8,46.7,46.7,53.8,50.8,49.8,9.1,8.3,5.9,future_root_zone_stress
29.1,31.2,33.3,72.6,64.8,69.5,61.2,62.0,60.7,5.7,7.4,7.9,future_root_zone_stress
27.6,31.9,31.8,56.4,59.1,56.7,58.5,57.5,56.2,4.8,4.3,4.7,future_water_stress
32.4,33.8,31.8,55.5,63.7,58.1,67.8,66.5,62.9,6.3,3.8,3.8,stable
31.1,32.8,34.1,29.0,31.9,38.2,62.3,57.6,64.8,4.5,5.7,5.5,stable
31.6,28.8,29.5,60.0,66.9,63.3,68.1,71.4,73.4,4.2,3.7,4.4,stable
29.0,30.9,31.9,37.6,47.3,38.3,70.1,60.3,63.8,3.9,2.3,3.5,stable
36.0,36.6,35.1,65.7,54.8,63.3,37.0,44.9,42.2,2.0,3.5,2.9,future_water_stress
33.3,31.5,32.1,67.6,76.1,68.3,56.6,60.0,63.3,2.1,3.1,3.9,stable
31.2,34.4,34.9,65.3,66.4,71.9,96.4,94.0,92.9,1.3,1.6,3.8,stable
36.5,34.6,34.0,50.1,54.1,44.1,47.4,49.8,40.9,4.6,7.7,5.6,future_water_stress
26.2,23.1,25.9,63.2,60.3,64.9,62.1,64.7,67.1,5.0,4.4,4.4,stable
26.5,27.8,28.0,73.8,75.6,73.7,69.9,73.0,73.2,2.7,4.6,5.3,stable
26.8,29.4,28.4,65.3,72.4,65.7,55.0,52.7,57.2,4.2,2.8,4.9,stable
39.2,39.9,41.3,49.1,52.6,49.9,81.8,79.4,79.9,7.8,9.7,8.4,stable
29.9,33.9,32.6,70.4,67.3,70.2,60.2,63.7,57.7,1.0,3.7,2.5,stable
31.0,33.7,33.9,81.7,85.1,87.1,75.3,71.4,69.0,1.9,2.5,2.7,stable
34.6,33.0,34.8,33.6,38.0,33.3,92.9,87.6,87.2,4.3,2.9,1.8,stable
32.1,34.6,32.8,66.2,66.6,54.0,48.6,43.8,53.0,6.1,4.3,5.5,stable
35.6,34.8,35.6,59.9,68.6,61.4,46.9,56.4,52.1,5.7,3.7,4.4,stable
33.1,30.7,30.6,79.7,86.8,84.6,72.1,74.2,69.4,2.2,3.7,4.3,stable
29.2,28.0,29.5,70.8,77.1,70.2,45.5,43.5,46.0,4.4,4.3,3.4,stable
33.4,34.8,37.3,47.8,45.9,44.5,85.1,85.9,87.3,6.3,7.1,7.2,stable
20.9,22.7,21.6,57.5,56.2,54.8,57.6,65.3,59.0,4.9,3.9,5.2,stable
31.6,34.1,32.5,62.3,66.4,63.1,69.1,64.9,67.2,8.0,7.5,7.1,future_heat_stress
35.2,36.5,34.6,26.8,34.2,38.7,54.0,58.9,56.0,7.0,6.7,5.3,future_heat_stress
36.7,35.2,36.6,41.6,42.2,39.0,55.7,50.4,49.4,4.0,6.4,5.4,stable
32.0,31.8,34.5,47.4,57.0,54.0,41.1,38.3,43.7,10.4,9.7,9.9,future_water_stress
30.2,26.7,28.0,53.2,42.3,52.0,79.4,78.4,76.1,1.7,3.9,4.1,stable
32.6,33.2,34.2,70.8,72.8,70.7,94.7,90.8,90.2,2.5,4.3,2.7,stable
37.7,36.2,39.1,56.9,69.6,68.4,76.5,72.9,80.0,4.0,6.9,6.2,future_heat_stress
40.0,41.6,38.6,40.5,36.9,41.0,33.8,37.3,36.7,4.8,6.6,7.1,future_water_stress
35.5,34.9,32.8,63.5,60.3,57.2,46.0,40.6,39.2,3.2,3.4,3.1,stable
28.5,30.2,33.9,65.3,62.2,62.0,47.3,43.2,52.9,5.0,6.1,5.4,future_root_zone_stress
28.0,29.8,27.7,76.3,72.9,73.2,67.3,66.6,65.2,3.8,6.0,4.8,stable
32.2,32.3,32.0,34.3,41.6,44.8,58.1,53.1,60.3,8.8,7.0,7.4,future_root_zone_stress
33.1,34.6,36.3,53.2,53.5,50.7,45.0,46.2,44.6,7.2,7.9,6.5,future_root_zone_stress
34.1,36.2,37.4,52.3,60.7,48.1,87.7,84.8,92.9,5.4,5.7,5.5,future_heat_stress
34.4,35.7,34.0,69.0,71.6,74.0,75.5,71.2,72.2,1.4,2.2,1.3,stable
32.5,33.0,34.2,41.6,41.2,37.7,70.6,66.2,69.1,8.7,6.6,8.1,stable
25.7,24.5,23.6,55.4,59.6,59.0,55.9,50.9,51.7,2.8,4.6,4.8,stable
39.3,38.5,39.7,50.7,58.7,56.4,73.1,67.0,66.7,6.1,4.6,4.6,stable
22.2,26.2,25.9,79.0,70.5,78.4,77.1,71.6,67.3,4.5,3.4,3.5,stable
25.8,27.3,25.6,85.6,89.1,82.1,58.1,61.1,56.6,3.6,3.6,3.3,stable
28.5,24.7,25.8,62.2,54.1,61.9,60.1,52.5,55.3,4.5,5.0,4.9,stable
27.7,30.5,30.9,81.0,82.1,84.6,54.3,58.2,60.9,4.2,3.7,3.5,stable
41.8,42.8,43.4,46.5,45.5,47.2,25.2,27.3,25.7,9.4,8.5,8.4,future_water_stress
26.6,28.3,30.0,83.4,84.8,82.5,54.7,59.2,60.2,1.4,3.0,2.3,stable
24.8,24.3,23.9,52.2,55.0,49.8,31.0,22.9,27.4,2.5,3.2,2.1,stable
26.5,25.1,27.3,81.4,89.9,82.9,65.8,56.4,65.4,4.3,3.6,4.7,stable
28.4,29.9,30.2,69.6,72.2,65.7,53.6,54.4,53.1,4.1,4.5,2.7,stable
25.1,27.1,28.0,51.7,52.4,46.8,50.2,54.2,56.0,3.8,3.2,2.9,stable
38.9,36.7,37.0,62.8,68.6,68.6,81.7,78.8,74.9,6.4,7.2,5.2,stable
26.1,26.5,24.4,68.4,81.7,70.4,57.0,55.4,59.9,4.1,4.1,4.0,stable
37.5,37.2,37.1,44.7,33.1,36.8,52.6,48.8,47.8,5.2,4.3,3.1,stable
21.5,22.0,21.5,71.8,68.3,72.5,71.8,61.7,64.7,3.5,4.5,3.7,stable
32.2,32.7,36.1,42.8,43.7,43.4,62.2,64.3,59.5,3.8,3.5,2.0,stable
32.2,35.2,34.3,54.1,49.4,52.9,74.2,76.5,75.5,5.3,4.0,4.5,stable
31.6,30.5,35.0,58.4,47.3,52.7,66.8,76.9,77.9,5.7,5.0,7.1,stable
33.4,29.9,30.8,54.3,58.1,64.2,46.2,51.4,46.8,10.8,7.5,7.2,future_water_stress
24.4,25.6,26.9,58.1,46.9,46.0,63.7,67.3,65.8,4.7,0.9,1.8,stable
32.5,37.2,37.5,37.0,44.3,38.4,17.9,19.1,16.6,7.4,9.5,8.2,future_water_stress
23.8,27.2,26.8,91.7,81.6,87.4,62.8,63.7,61.7,4.4,3.0,5.0,stable
25.8,25.1,24.5,76.3,78.2,81.1,56.3,46.9,49.0,1.8,4.4,3.1,stable
28.2,28.1,28.1,77.9,76.3,76.3,62.8,60.0,58.2,3.7,3.8,2.6,stable
30.9,34.1,32.1,58.5,57.3,59.0,65.4,67.0,66.8,1.3,3.2,3.5,stable
29.8,30.6,31.9,46.9,48.4,46.4,78.2,80.5,82.0,2.8,4.4,4.0,stable
39.6,41.0,40.4,64.1,66.4,66.0,43.6,44.8,43.3,8.5,8.3,7.1,future_heat_stress
36.9,37.0,38.0,29.6,25.7,27.7,59.4,54.0,54.7,4.5,3.7,4.9,future_heat_stress
26.8,25.6,27.6,55.3,65.5,61.5,85.1,76.3,82.3,0.9,3.9,1.7,stable
32.9,36.6,38.9,65.5,61.6,71.8,51.7,40.6,48.8,6.6,4.7,6.3,future_root_zone_stress
26.8,32.2,29.1,59.7,47.8,51.9,69.7,72.1,71.0,4.9,4.0,4.1,stable
30.0,30.6,33.0,72.2,75.8,78.2,89.2,95.6,94.5,5.9,5.6,4.6,stable
28.5,28.7,32.2,75.3,76.8,74.7,96.7,91.7,96.6,1.6,1.9,2.6,stable
27.9,30.5,31.3,54.6,50.4,61.3,23.7,27.7,23.7,3.6,4.0,3.9,future_water_stress
26.8,26.4,28.9,38.6,45.7,45.6,45.1,46.9,49.5,2.9,3.2,3.8,stable
30.9,33.9,35.2,50.3,47.3,50.2,64.6,74.6,70.7,5.3,6.7,8.0,future_heat_stress
19.6,23.6,21.4,57.0,59.0,58.5,49.9,53.6,57.2,0.6,2.7,1.7,stable
28.3,26.9,28.5,65.8,70.1,74.9,91.9,95.9,93.0,2.9,5.3,4.2,stable
34.9,37.1,36.5,36.6,37.8,31.8,95.7,91.0,95.7,3.9,4.1,5.6,stable
26.7,29.8,28.7,57.0,56.0,56.0,67.0,74.5,74.2,2.8,2.9,3.8,stable
28.6,28.3,28.2,61.5,62.9,56.9,90.8,94.2,91.2,0.3,2.5,1.7,stable
32.1,33.4,33.4,51.9,46.9,45.5,29.4,32.6,34.1,5.7,6.5,6.2,future_water_stress
26.0,29.6,30.3,77.2,82.6,72.7,64.6,56.1,57.7,1.0,2.1,2.7,stable
30.1,30.5,32.6,71.6,73.5,70.2,54.4,52.2,54.5,5.9,4.2,4.0,stable
33.6,35.5,38.8,69.6,62.9,63.9,64.6,72.1,72.3,9.2,8.9,8.1,future_heat_stress
28.7,27.8,27.7,82.9,86.8,82.0,67.4,70.0,72.9,2.3,4.7,3.0,stable
34.3,32.7,35.0,65.2,65.9,63.9,79.1,72.8,70.4,5.2,6.9,6.7,future_root_zone_stress
34.4,33.1,35.3,57.3,54.9,61.0,41.4,43.6,44.5,3.2,2.8,3.4,stable
38.2,36.4,37.2,66.5,64.9,68.2,27.7,31.6,28.4,4.7,5.7,6.1,future_water_stress
33.3,35.2,34.8,43.0,36.3,42.8,45.3,39.5,48.2,6.7,5.5,4.9,future_root_zone_stress
30.4,33.1,33.1,68.2,75.0,78.4,53.2,55.1,58.3,-1.6,-0.4,-0.4,stable
29.6,30.6,29.5,75.0,73.4,86.0,70.6,66.8,65.0,8.2,7.2,6.4,stable
26.0,27.1,30.6,76.2,70.1,73.4,84.8,86.9,90.3,5.7,4.4,4.1,stable
22.9,25.9,26.3,77.1,78.6,74.7,79.5,75.0,78.3,8.7,6.0,7.4,stable
33.5,34.0,32.3,45.9,48.0,48.4,45.8,49.1,46.3,6.6,4.9,5.4,future_water_stress
31.1,33.3,33.2,43.9,49.6,55.5,69.2,65.2,68.9,6.4,5.2,5.1,future_root_zone_stress
41.6,38.7,41.7,52.4,55.6,51.2,75.4,73.0,80.2,4.2,6.3,5.9,stable
41.9,40.1,40.6,56.6,60.8,56.3,42.0,49.9,43.3,8.8,10.7,11.0,future_water_stress
31.4,31.8,30.7,76.1,79.6,74.8,42.8,39.2,43.0,5.7,5.2,4.2,stable
30.4,29.2,32.9,40.7,35.2,37.4,46.9,49.7,44.2,7.8,5.7,6.6,stable
28.7,27.2,27.1,29.5,30.7,35.4,54.5,59.4,53.7,9.4,6.7,8.2,stable
31.1,30.5,30.6,70.1,58.1,61.3,66.5,65.3,63.3,5.1,5.8,5.1,stable
33.4,36.8,34.6,50.7,44.5,52.5,80.4,88.2,79.8,5.7,6.8,6.3,stable
30.9,30.4,33.5,49.0,49.9,46.4,61.8,57.0,58.9,5.5,5.7,4.9,stable
31.7,32.2,33.5,32.8,32.5,37.4,86.2,95.0,89.2,2.6,5.4,3.3,stable
24.2,27.5,26.2,71.4,62.6,69.3,59.0,57.5,59.9,2.0,4.8,4.5,stable
27.8,24.1,26.0,82.7,81.5,73.0,43.9,45.8,41.1,6.4,4.5,5.8,stable
33.2,37.9,39.8,31.7,39.1,34.9,74.3,69.5,70.9,2.4,3.8,3.3,stable
32.5,31.0,30.7,66.4,64.9,68.9,23.0,30.6,25.4,4.3,3.6,4.9,future_root_zone_stress
28.0,27.9,30.0,59.7,45.8,48.8,51.6,56.3,51.7,5.8,4.8,5.3,stable
29.6,30.3,30.4,56.9,55.2,50.9,52.9,56.6,56.4,4.2,2.7,4.4,stable
37.5,36.3,37.7,30.8,25.4,26.8,36.8,29.8,29.2,7.6,8.7,6.6,future_root_zone_stress
24.4,26.7,25.4,76.8,79.8,76.7,50.2,51.9,50.8,2.7,4.7,4.5,stable
31.4,31.6,34.2,72.1,73.9,72.2,70.0,74.8,79.3,3.0,4.3,4.6,stable
29.6,29.0,28.8,56.1,68.0,57.4,65.9,60.9,56.0,0.8,3.4,2.0,stable
29.2,29.3,28.7,59.8,52.5,59.5,74.0,72.5,74.7,3.6,4.4,5.2,stable
36.0,36.1,38.6,89.9,85.3,84.4,60.9,62.1,53.2,3.7,5.6,5.1,future_root_zone_stress
30.4,29.6,31.1,77.3,76.2,85.0,76.5,70.4,72.7,4.3,4.7,4.5,stable
30.4,31.5,31.3,66.3,61.9,65.2,84.8,90.1,83.1,2.0,4.6,4.0,stable
31.8,30.3,32.8,53.8,54.6,54.4,32.6,37.2,33.2,4.7,5.7,6.3,future_water_stress
41.6,40.3,38.8,41.5,32.7,37.2,76.3,84.0,84.9,4.3,5.9,6.4,future_heat_stress
20.7,23.1,20.7,81.3,76.5,76.4,58.1,55.2,50.7,5.1,5.0,4.6,stable
24.4,26.8,25.6,71.3,76.2,72.4,60.7,67.0,60.3,2.0,3.5,3.7,stable
37.4,38.3,37.8,28.7,29.2,37.1,57.0,58.8,55.3,5.1,4.5,4.5,stable
29.5,28.6,31.5,58.8,58.0,58.1,29.9,25.2,29.4,4.1,4.0,4.4,future_root_zone_stress
44.3,43.7,44.4,24.0,26.3,21.9,55.3,64.2,54.5,8.2,6.5,6.2,future_heat_stress
29.7,28.3,30.0,72.8,62.8,71.6,53.2,60.5,56.6,3.2,3.7,3.3,stable
28.7,30.1,28.6,69.5,68.6,62.6,82.0,79.2,79.0,1.5,4.3,3.2,stable
23.0,21.7,26.0,43.9,46.9,51.5,66.1,65.7,62.5,5.9,3.8,4.4,stable
30.0,28.3,29.7,56.3,57.1,54.1,59.9,56.5,58.3,3.3,3.1,3.3,stable
32.9,35.5,34.2,66.0,73.5,69.0,13.9,21.2,21.6,4.1,5.7,6.4,future_water_stress
39.8,40.6,42.2,70.1,80.1,78.2,67.6,69.9,65.4,4.8,7.2,7.2,future_heat_stress
25.7,27.9,28.3,71.9,72.0,76.5,57.8,55.6,58.5,3.2,4.6,5.5,stable
26.3,27.1,26.9,58.5,63.1,60.3,36.7,40.5,39.7,6.6,6.3,6.1,future_root_zone_stress
40.5,39.6,40.1,51.0,45.4,45.5,92.7,94.8,92.0,4.3,6.1,5.5,future_heat_stress
25.6,25.5,28.6,49.9,56.8,57.2,56.8,67.9,59.1,3.7,3.0,3.0,stable
26.5,27.5,25.9,55.1,63.4,52.1,52.7,52.7,47.6,3.1,4.3,2.3,stable
38.7,37.7,37.6,45.0,42.6,40.3,34.6,26.0,31.5,3.1,5.0,4.9,future_water_stress
25.5,28.4,29.6,62.7,55.8,66.9,61.7,63.5,63.5,2.4,2.8,3.2,stable
37.5,36.6,38.8,58.8,58.2,59.0,78.9,77.1,79.6,5.6,8.2,8.0,stable
23.8,25.8,25.8,60.1,63.2,70.3,46.9,54.3,49.3,0.0,3.3,2.2,stable
37.7,34.4,39.2,26.2,34.4,33.5,24.9,26.8,23.5,8.5,8.7,8.2,future_water_stress
25.6,25.7,28.5,48.2,49.6,47.2,74.5,70.4,73.0,3.8,4.1,5.9,stable
36.9,39.3,38.8,38.5,38.5,39.6,52.9,45.3,45.7,5.1,5.5,5.0,stable
27.8,25.4,27.6,77.5,84.3,74.5,62.7,61.0,62.7,4.2,3.9,4.2,stable
33.8,33.5,35.4,62.3,73.4,64.7,47.9,52.7,55.9,5.0,4.2,3.9,stable
34.3,36.1,34.4,35.1,37.8,40.3,79.3,88.0,85.9,3.2,3.9,4.5,stable
29.9,26.9,28.7,78.0,79.6,77.9,55.0,42.9,43.7,2.1,4.1,4.6,future_water_stress
25.0,22.8,26.6,63.8,62.8,67.0,37.3,39.3,43.0,3.3,1.0,1.1,stable
30.8,30.4,33.1,87.6,85.8,86.5,78.4,74.0,77.2,8.7,5.5,7.0,future_root_zone_stress
24.3,24.6,24.5,58.4,61.8,61.4,42.1,40.7,44.5,6.4,4.0,4.8,stable
28.5,29.5,30.7,49.3,52.9,52.8,52.3,54.6,45.4,4.5,5.6,4.3,stable
33.1,33.0,34.0,51.7,47.0,42.2,67.1,59.4,60.2,8.3,6.2,7.4,future_heat_stress
29.3,25.7,27.4,66.5,64.7,67.9,83.5,87.4,86.3,2.5,3.0,2.3,stable
27.5,27.0,29.6,68.6,76.5,73.7,59.2,65.8,64.2,1.0,3.6,3.6,stable
32.0,29.1,32.5,64.0,59.8,63.8,51.5,47.2,47.6,1.8,1.3,2.7,stable
38.3,38.2,37.0,47.6,43.1,42.2,68.9,64.6,66.0,6.3,3.1,3.7,stable
29.3,31.9,32.9,59.8,66.1,63.4,68.2,66.2,67.2,5.0,5.4,5.4,future_root_zone_stress
33.4,32.1,34.3,77.5,75.5,77.5,30.4,29.3,25.6,5.4,5.9,6.3,future_water_stress
36.9,36.7,37.9,59.4,54.3,52.8,55.3,59.0,52.7,9.0,9.5,9.5,future_root_zone_stress
40.4,40.0,41.7,34.8,24.3,29.3,47.8,48.5,43.2,6.4,7.0,7.6,future_root_zone_stress
31.8,30.9,34.0,64.5,65.8,64.0,76.2,73.7,75.8,4.1,3.9,3.7,stable
36.8,41.2,41.7,50.3,53.6,53.7,68.8,71.1,72.3,9.2,5.4,7.6,future_root_zone_stress
28.4,30.0,29.5,53.0,56.2,58.4,60.9,62.9,66.4,6.7,4.7,4.6,stable
20.8,24.1,25.4,73.0,60.1,64.6,73.8,72.1,71.7,3.4,3.7,3.5,stable
28.7,29.4,30.1,62.3,71.5,67.0,70.0,74.2,75.4,5.2,1.9,3.8,stable
26.2,26.3,26.8,71.9,72.9,70.4,62.8,67.1,69.2,-0.3,3.1,2.5,stable
29.1,32.9,33.3,64.9,72.6,73.4,25.2,23.7,24.4,8.0,5.9,5.7,future_root_zone_stress
40.9,41.5,44.1,50.3,54.8,51.4,76.3,80.6,77.6,8.6,9.0,8.9,future_heat_stress
30.8,30.3,33.0,62.2,56.5,59.1,89.0,88.9,86.4,1.4,3.1,1.8,stable
31.4,33.4,31.7,53.9,54.2,58.2,36.6,43.9,38.1,3.4,4.6,5.4,future_root_zone_stress
28.8,28.3,29.6,58.2,55.6,63.6,69.7,72.2,70.7,3.6,2.5,2.6,stable
25.8,28.6,26.0,72.8,79.3,71.1,48.8,58.3,53.7,5.6,3.9,4.4,future_root_zone_stress
36.6,36.1,37.5,59.7,57.4,55.3,57.3,56.8,58.8,4.5,7.6,5.6,future_heat_stress
25.2,28.7,27.0,51.1,49.6,54.5,72.4,75.8,70.7,6.5,8.3,7.1,future_heat_stress
29.8,32.0,32.2,46.8,47.9,41.2,74.7,68.6,68.1,3.1,4.3,5.1,future_heat_stress
28.0,27.6,30.7,73.1,85.1,81.6,76.6,71.0,69.9,4.2,4.5,5.0,future_root_zone_stress
28.0,33.0,30.8,47.6,42.4,40.9,69.9,71.2,67.6,6.2,4.2,4.2,stable
28.1,28.5,30.5,62.0,59.0,53.3,51.4,47.3,47.8,4.4,3.3,3.1,stable
32.1,30.0,34.3,64.2,66.9,62.8,77.0,83.5,76.9,5.2,5.5,6.0,future_root_zone_stress
24.7,30.2,29.5,67.1,70.6,69.1,67.8,70.5,65.9,3.4,3.3,3.7,stable
23.2,23.8,26.6,68.4,69.8,69.5,57.6,55.9,54.5,4.1,1.8,2.2,stable
33.1,35.4,36.8,69.3,72.5,74.1,23.0,25.3,21.1,7.6,6.2,7.5,future_water_stress
32.6,32.2,37.4,80.3,79.7,83.7,60.7,55.8,58.9,6.2,6.6,5.8,future_root_zone_stress
37.3,37.9,39.3,63.7,63.1,63.3,36.3,42.4,34.6,7.1,6.4,7.2,future_root_zone_stress
25.9,27.7,29.8,94.6,84.7,86.6,78.0,74.9,79.4,3.5,4.2,3.0,stable
24.8,27.7,29.4,54.0,59.6,58.8,87.5,85.5,92.8,5.4,3.6,3.3,stable
25.4,26.2,25.5,70.5,73.2,79.8,17.3,20.3,18.0,6.2,7.8,7.2,future_water_stress
31.8,35.0,32.4,72.9,81.2,82.6,90.8,91.1,87.7,4.0,2.5,1.4,stable
25.5,27.5,28.6,54.6,60.4,59.0,61.2,68.0,68.4,5.2,4.7,5.3,stable
29.1,29.0,28.9,85.4,80.7,76.5,86.7,81.5,87.6,3.7,5.2,5.3,stable
37.9,40.2,41.5,43.5,49.5,47.6,44.4,35.9,40.5,5.9,4.8,4.9,future_heat_stress
22.7,25.5,25.8,76.3,88.6,84.1,81.5,76.1,80.1,3.8,3.8,3.6,stable
29.0,27.7,27.8,65.8,63.7,66.6,22.2,20.6,20.0,6.9,8.1,5.9,future_water_stress
29.3,30.5,29.9,46.8,47.5,42.7,58.5,61.3,62.8,2.9,3.2,3.2,stable
39.5,41.1,40.4,45.0,43.7,50.3,61.6,63.1,62.6,7.3,7.2,6.8,stable
36.0,34.4,38.5,52.2,51.2,48.8,69.0,75.4,75.5,2.7,4.2,3.3,stable
30.3,31.5,34.6,69.6,61.4,69.4,88.6,87.6,87.5,0.2,2.5,1.6,stable
26.4,26.5,26.7,62.1,60.8,60.8,87.3,100.2,97.4,2.0,4.3,3.8,stable
36.1,37.3,36.7,61.4,70.1,60.2,76.0,80.8,81.1,6.8,6.3,5.8,future_heat_stress
21.5,24.4,24.8,45.9,49.2,52.6,68.5,69.5,71.1,4.5,4.7,3.7,stable
27.6,27.0,28.2,63.5,68.3,61.8,77.6,69.9,74.4,3.9,4.0,4.5,stable
21.2,22.9,20.9,68.7,67.1,66.1,55.4,57.5,57.2,3.1,1.1,2.4,stable
32.6,33.8,36.8,44.6,51.0,45.8,53.0,39.7,48.0,4.9,7.7,7.1,stable
27.0,27.3,29.9,54.7,66.6,57.3,53.9,56.0,59.6,3.2,4.5,3.9,future_root_zone_stress
31.4,32.6,31.4,48.7,48.3,50.8,26.6,32.2,32.6,6.9,4.7,6.3,future_water_stress
36.8,35.8,36.0,22.0,26.0,21.7,45.0,44.8,39.4,7.6,5.7,5.6,stable
38.0,37.0,39.0,52.6,49.3,49.7,51.6,58.0,60.2,12.1,10.3,11.4,stable
31.7,32.0,31.7,51.8,57.8,61.0,60.8,53.8,57.5,5.5,5.4,6.2,future_water_stress
34.6,32.0,36.8,35.4,28.3,30.2,56.3,55.7,53.6,9.7,8.9,9.6,future_heat_stress
37.7,37.4,37.7,52.8,52.4,47.7,36.6,36.2,33.2,4.6,6.0,6.7,future_water_stress
31.8,30.0,34.1,56.3,54.8,53.9,19.1,24.5,28.9,6.6,9.4,7.0,future_water_stress
30.6,29.6,31.7,61.8,57.8,59.9,73.1,68.8,67.3,4.7,5.1,4.2,stable
29.3,28.1,28.7,63.5,59.5,58.4,71.6,66.1,63.5,5.5,3.4,3.7,stable
33.0,30.5,34.3,44.6,38.4,44.4,68.5,69.0,62.4,4.7,4.4,4.5,stable
31.1,27.7,28.7,55.8,58.7,56.1,25.2,29.5,26.9,5.8,7.2,7.4,future_root_zone_stress
33.7,32.4,36.9,55.2,52.6,51.3,30.5,27.0,24.0,4.3,4.6,4.5,future_water_stress
24.5,26.1,27.1,77.8,69.8,69.2,52.8,58.5,54.9,4.1,3.3,3.7,stable
37.9,36.2,38.4,55.6,49.4,52.1,59.8,65.4,57.4,3.0,2.8,3.4,stable
33.4,31.9,36.0,72.2,70.0,72.0,82.6,78.2,77.4,3.6,3.5,2.3,stable
38.4,34.7,36.2,53.6,48.0,46.3,48.8,43.9,47.1,6.5,6.5,6.4,future_heat_stress
26.4,29.4,29.5,69.8,67.6,75.1,74.9,73.2,70.2,0.1,-0.9,-1.6,stable
25.4,25.0,28.0,63.4,67.6,62.0,66.7,68.7,62.3,4.6,3.7,4.5,stable
28.0,31.7,31.5,70.8,72.8,68.0,78.4,74.5,73.6,3.3,2.8,3.5,stable
24.2,26.3,28.4,73.5,81.6,70.5,72.2,74.0,72.7,0.1,2.2,2.8,stable
24.2,27.0,27.0,43.1,44.9,43.5,56.1,49.7,54.7,1.6,2.7,2.4,stable
30.4,32.2,32.8,65.8,63.0,61.9,75.1,66.4,67.1,4.9,3.0,4.6,future_root_zone_stress
27.4,28.9,27.4,60.8,63.5,69.9,77.7,76.7,82.1,4.6,5.5,3.2,stable
35.5,35.5,38.0,50.4,50.8,50.3,68.2,76.2,77.3,5.8,4.0,5.2,stable
31.1,29.4,30.6,46.3,50.7,53.1,33.7,39.4,40.6,9.0,8.4,9.2,future_water_stress
43.7,45.1,46.1,44.1,47.4,46.3,71.9,73.6,82.1,7.5,6.8,7.1,future_root_zone_stress
43.5,42.5,45.6,16.2,26.3,23.8,57.0,49.2,52.8,8.8,7.8,10.0,future_heat_stress
34.8,31.2,33.0,43.3,34.8,38.7,44.3,46.0,48.9,4.4,6.2,6.2,stable
24.2,22.7,25.4,45.8,46.6,49.1,38.5,38.9,38.5,2.5,3.6,3.7,stable
29.5,30.8,32.7,78.7,80.2,82.1,70.2,77.4,74.0,5.4,4.5,3.2,stable
28.9,30.1,30.2,94.0,87.8,86.7,59.9,66.7,62.8,4.6,2.8,2.2,stable
30.9,29.7,31.8,70.8,71.0,75.6,60.2,61.5,68.0,5.1,4.5,5.0,stable
27.9,26.8,30.7,75.5,69.9,66.2,75.2,83.9,80.6,2.8,3.0,2.7,stable
40.5,42.5,42.9,44.0,45.5,47.4,78.5,74.6,80.6,6.4,4.5,4.6,stable
35.1,37.7,38.3,68.9,63.3,62.8,23.5,31.7,29.1,4.2,4.8,3.0,future_water_stress
28.6,24.5,26.5,73.5,72.9,76.6,76.0,72.9,72.3,5.8,4.0,5.3,stable
41.6,43.0,42.5,28.6,33.6,26.7,73.3,71.9,76.8,10.3,9.6,10.1,future_heat_stress
34.6,33.3,32.9,54.2,47.0,55.8,82.2,80.7,75.5,6.3,6.7,7.1,stable
32.0,32.6,32.6,54.0,45.7,47.3,69.2,72.8,74.2,8.3,7.1,7.9,future_heat_stress
25.9,27.6,30.6,52.7,57.8,56.7,61.7,63.0,68.5,8.2,8.7,8.3,future_root_zone_stress
30.9,31.0,29.6,77.7,65.3,67.4,86.9,90.5,87.2,3.5,3.9,4.6,stable
22.9,24.5,27.5,73.4,67.7,69.3,56.5,62.2,65.0,2.6,1.9,2.1,stable
27.2,24.7,28.7,36.9,33.8,36.3,68.8,77.6,71.1,3.4,2.5,3.3,stable
32.5,30.3,32.7,42.9,55.3,49.1,25.1,28.5,26.3,8.1,4.9,6.0,future_water_stress
36.5,38.4,41.0,37.3,38.7,37.7,44.7,50.8,46.7,4.8,4.1,4.8,future_heat_stress
29.0,30.7,28.8,60.7,64.3,63.0,45.1,45.4,41.4,7.2,5.1,5.0,future_root_zone_stress
37.0,38.4,37.8,31.4,27.2,28.4,45.8,44.7,52.5,8.1,6.5,5.7,future_water_stress
27.7,27.4,28.9,82.7,81.0,76.9,99.9,97.4,93.3,5.0,6.4,4.8,stable
45.6,42.9,44.4,43.9,50.2,52.1,51.8,50.2,53.4,8.7,7.5,9.0,future_heat_stress
28.1,26.7,29.9,73.8,71.3,72.4,87.9,83.9,83.3,5.4,4.4,4.9,stable
23.5,24.1,26.7,65.2,67.1,61.1,37.0,36.3,43.5,3.2,5.0,3.1,stable
35.5,36.7,38.0,65.8,66.3,66.2,65.0,62.2,68.0,4.9,6.3,5.9,future_heat_stress
22.3,22.5,24.4,57.0,57.2,52.1,28.2,33.0,32.7,5.4,6.1,5.7,future_root_zone_stress
23.9,26.6,26.0,53.2,51.0,50.9,55.8,59.0,62.4,2.5,2.7,1.9,stable
33.2,36.3,35.5,44.0,54.1,52.1,89.3,91.4,91.0,6.1,5.5,5.9,stable
26.5,26.2,28.0,65.4,71.3,69.8,56.4,58.5,56.6,6.1,4.7,4.5,stable
23.2,25.4,24.2,55.7,58.0,59.1,60.2,63.7,60.3,1.3,3.1,2.6,stable
27.7,26.7,27.5,81.8,82.7,79.0,61.0,63.0,62.1,4.0,4.6,4.0,stable
33.1,34.8,34.5,49.2,57.3,52.7,59.5,56.3,58.6,9.1,7.0,7.8,future_root_zone_stress
32.4,31.7,31.4,44.6,44.9,46.5,64.7,65.3,67.6,1.0,3.0,3.1,stable
26.2,29.7,29.7,41.9,45.7,50.1,67.6,65.2,65.2,1.3,1.8,1.7,stable
31.1,29.6,30.2,54.0,58.4,54.3,64.1,69.7,62.3,2.2,2.1,2.0,stable
26.0,28.8,29.7,67.1,66.8,69.7,49.9,56.4,55.6,4.2,3.9,2.8,stable
27.4,26.5,27.3,66.3,65.6,66.5,67.3,62.0,62.0,0.8,3.1,3.4,stable
34.5,34.4,35.2,47.0,40.2,38.1,43.6,50.4,49.5,8.9,8.5,8.4,stable
34.6,35.3,37.9,83.7,83.8,84.9,45.1,51.9,48.3,6.8,5.9,6.3,future_root_zone_stress
37.9,36.0,40.7,59.1,58.4,55.0,87.5,91.0,90.4,7.4,6.0,6.7,future_heat_stress
21.2,23.0,24.7,48.7,54.7,51.8,45.2,46.9,45.0,4.6,3.7,4.0,stable
33.9,36.8,36.1,65.4,64.5,63.7,36.0,36.2,31.4,7.3,5.2,6.8,future_water_stress
36.7,37.4,36.0,51.1,45.1,43.7,56.8,61.9,57.1,2.7,5.6,5.4,stable
23.5,25.6,28.9,72.1,72.9,65.5,26.0,31.7,30.9,2.9,4.4,4.5,future_root_zone_stress
38.3,36.2,36.8,65.7,69.5,60.7,84.1,77.1,86.1,3.8,6.3,4.9,stable
29.6,31.6,33.4,48.1,49.1,42.2,52.3,46.2,44.5,6.0,3.9,4.2,future_root_zone_stress
36.4,36.4,39.1,64.3,59.5,60.7,53.7,53.5,52.7,8.7,7.9,5.6,future_heat_stress
37.8,41.3,40.5,48.2,45.1,45.0,67.2,70.5,67.7,6.0,4.0,4.3,stable
35.1,37.5,39.7,63.7,60.1,55.0,41.0,37.0,34.2,6.2,6.8,8.0,future_water_stress
38.2,40.5,41.0,51.5,51.6,62.4,44.9,47.7,50.4,6.1,4.8,3.8,stable
26.8,27.4,27.3,57.3,55.2,61.3,53.4,55.3,52.7,3.2,3.5,4.1,future_root_zone_stress
25.9,27.9,29.9,76.0,73.9,77.5,41.3,39.8,43.8,4.8,4.9,4.0,stable
27.3,24.3,26.2,59.2,64.6,68.0,67.3,63.7,59.4,4.0,3.4,3.8,stable
36.6,36.4,39.7,63.5,66.1,67.5,94.3,90.2,89.4,6.3,8.5,7.7,stable
39.7,39.6,41.3,37.9,40.3,44.7,41.3,44.1,39.6,11.0,10.2,10.2,future_heat_stress
30.5,29.5,30.1,62.9,71.0,70.7,69.7,76.5,70.9,3.3,3.7,3.9,stable
30.1,29.3,29.9,54.3,50.9,58.3,85.9,77.5,81.0,1.8,3.6,2.6,stable
30.6,32.6,32.1,76.0,69.7,70.9,29.6,26.7,27.9,5.9,4.4,4.2,future_water_stress
27.9,29.2,32.5,67.3,68.7,62.9,75.9,71.4,71.7,2.3,2.7,3.0,stable
37.9,34.5,37.3,36.4,45.1,47.1,81.6,82.5,83.5,5.6,7.2,7.3,future_heat_stress
29.2,34.0,32.5,81.6,84.3,80.0,17.5,22.1,19.2,5.8,5.5,7.5,future_root_zone_stress
27.4,27.0,30.7,97.8,99.6,90.5,43.0,47.1,44.6,5.1,4.2,4.5,stable
32.8,33.8,32.1,54.7,50.5,54.2,22.8,23.2,28.0,6.6,5.3,5.3,future_root_zone_stress
37.3,38.6,39.1,44.3,45.8,45.8,72.3,75.5,69.4,8.8,7.9,7.7,future_heat_stress
37.7,41.1,40.4,51.7,57.9,57.8,55.1,60.7,55.2,2.7,3.9,3.6,stable
36.0,36.1,40.6,34.8,40.8,44.2,59.1,57.4,55.3,10.0,7.8,9.3,future_heat_stress
27.8,30.0,30.1,73.0,68.9,72.9,49.5,45.2,51.5,3.6,3.3,2.8,stable
20.2,24.7,26.2,77.5,83.3,80.3,42.6,45.3,43.6,4.2,5.4,4.0,stable
25.6,24.2,24.6,65.4,56.9,52.3,65.7,66.3,63.5,6.1,4.6,4.8,future_water_stress
23.9,26.5,28.0,78.3,69.6,71.0,61.5,60.3,63.7,1.4,2.9,3.2,stable
36.4,37.5,38.5,26.1,30.0,30.7,58.3,57.3,54.5,6.0,7.2,8.6,future_heat_stress
25.7,27.6,27.1,67.6,60.1,62.5,61.5,70.3,69.2,3.7,2.9,3.6,stable
40.4,36.8,41.3,66.1,65.2,59.0,80.9,78.0,83.4,7.0,5.8,6.3,future_heat_stress
40.2,41.1,42.6,38.6,31.9,39.4,53.6,60.6,53.8,6.4,6.3,6.6,future_water_stress
33.0,36.9,36.0,55.4,50.3,55.2,43.8,38.6,44.3,6.6,7.8,7.4,future_heat_stress
26.9,30.6,30.2,54.4,53.5,54.9,66.4,67.5,61.6,1.5,2.5,4.2,stable
41.0,42.0,43.4,25.8,26.2,30.8,72.5,71.0,73.3,6.5,7.0,6.4,stable
37.3,34.8,37.0,41.8,37.5,45.2,50.8,49.2,48.1,6.7,5.9,6.5,future_heat_stress
25.2,28.9,29.4,73.2,69.3,70.5,84.3,80.6,81.5,3.1,4.0,3.3,stable
26.4,26.4,29.8,62.4,61.4,64.8,45.8,39.5,41.8,5.9,4.4,5.3,stable
35.9,34.9,38.3,39.2,37.6,40.3,50.0,44.9,49.5,6.1,4.7,7.2,stable
26.1,28.2,29.8,66.2,65.4,59.9,48.7,49.4,46.3,6.9,5.6,4.1,stable
32.3,31.2,32.7,65.5,70.9,74.3,57.6,60.4,56.8,6.1,4.4,4.5,stable
29.5,27.6,31.5,47.1,55.0,59.4,62.8,61.7,58.5,4.9,4.0,4.2,stable
29.9,31.8,33.3,82.2,84.3,86.2,62.6,58.0,61.3,4.7,4.6,4.9,stable
31.8,31.6,33.3,48.9,57.2,53.4,46.1,48.3,44.6,2.8,1.1,2.4,stable
30.1,32.8,33.1,63.1,61.8,66.7,47.3,47.6,52.1,1.7,3.1,4.0,future_root_zone_stress
28.7,27.9,33.6,52.6,58.3,47.8,67.5,69.8,71.1,3.2,3.9,1.8,stable
44.7,47.9,47.0,41.5,47.7,48.9,54.4,56.7,58.8,10.2,9.5,9.9,future_heat_stress
31.0,30.5,32.7,59.2,59.8,65.2,62.4,64.4,59.1,7.3,7.5,7.8,future_root_zone_stress
28.5,30.1,32.8,52.0,59.3,51.2,70.9,65.7,66.7,7.9,6.7,5.9,future_heat_stress
29.5,30.6,31.8,66.7,56.0,63.4,71.8,75.3,73.9,1.5,3.5,2.4,stable
33.3,31.2,33.1,71.7,77.0,74.5,88.9,83.3,84.8,0.9,-0.4,-1.0,stable
24.2,27.4,26.8,81.4,81.6,82.9,64.7,63.2,68.1,1.0,3.8,3.7,stable
39.4,39.8,36.7,51.4,64.6,55.2,62.8,61.7,60.0,6.7,5.8,7.8,future_heat_stress
29.7,30.6,32.4,57.2,54.4,58.7,52.7,54.1,60.4,3.8,6.3,6.6,future_water_stress
28.2,31.1,30.9,60.4,69.4,64.4,65.7,69.5,73.4,6.5,6.1,6.2,stable
38.3,42.7,41.4,56.4,59.5,60.1,78.7,79.5,75.2,8.6,6.4,8.4,stable
24.8,29.5,30.5,89.6,87.1,90.0,58.1,56.9,57.3,1.8,2.6,3.9,stable
30.9,31.5,31.2,79.8,90.6,85.2,71.8,75.0,74.0,6.6,7.1,5.7,future_root_zone_stress
45.3,41.7,42.4,63.2,69.6,63.4,71.3,76.8,79.3,11.6,12.4,13.0,future_heat_stress
28.2,26.9,29.9,65.6,65.5,67.0,56.9,68.1,62.0,7.0,4.1,5.3,stable
42.4,39.4,41.9,63.3,60.6,68.2,43.1,43.4,39.6,7.6,6.5,6.5,future_root_zone_stress
23.9,25.4,23.4,57.6,58.9,54.8,66.8,57.4,63.9,2.4,2.2,2.3,stable
23.7,23.1,25.1,70.2,68.3,68.5,60.8,62.3,58.5,2.0,3.1,1.2,stable
28.9,29.4,29.0,77.2,71.7,76.5,86.5,86.3,85.4,4.9,4.0,3.7,stable
36.0,37.2,39.2,44.4,47.2,48.1,71.2,72.4,71.8,3.1,5.5,4.7,stable
37.2,37.6,39.5,62.5,68.6,69.3,35.9,36.5,38.8,4.9,4.9,5.1,future_root_zone_stress
30.4,32.0,32.6,72.3,77.5,73.6,54.3,52.5,49.6,5.9,4.6,3.9,stable
41.7,41.7,41.4,59.3,58.2,58.6,68.9,71.5,75.7,7.4,5.9,6.2,stable
26.1,30.3,28.5,70.7,67.9,65.1,67.0,77.4,75.6,7.6,5.9,4.5,future_root_zone_stress
37.2,38.5,39.1,53.4,50.8,46.7,59.6,69.8,62.0,7.5,7.5,5.8,stable
28.9,31.3,30.9,37.7,40.3,39.7,68.0,60.4,63.6,2.8,2.9,1.4,stable
33.9,32.0,32.9,45.1,48.5,51.3,53.1,50.8,51.5,7.6,4.2,6.3,stable
29.6,27.4,29.2,51.9,56.5,53.9,78.0,79.4,80.7,1.6,3.4,1.3,stable
26.2,27.9,27.1,92.5,93.9,91.3,83.9,88.0,87.9,1.6,2.5,3.4,stable
32.5,31.1,32.0,50.4,55.5,63.2,76.6,74.6,77.8,3.2,1.5,2.2,stable
36.7,37.6,36.6,65.5,59.0,65.6,34.4,41.5,38.8,6.5,7.8,6.8,future_root_zone_stress
25.1,24.0,27.6,63.7,58.2,60.0,86.3,78.3,80.1,6.8,4.5,4.0,stable
30.3,31.3,35.7,73.6,61.9,73.0,60.7,64.4,63.1,1.5,3.2,3.3,stable
34.4,35.1,33.4,45.2,51.2,56.5,61.7,67.5,64.9,3.8,3.1,4.0,future_root_zone_stress
31.7,32.3,34.8,78.2,72.7,74.5,75.2,75.9,68.4,3.9,4.7,3.4,stable
32.3,33.3,34.2,56.2,51.4,53.8,45.7,49.4,49.4,5.9,6.2,5.8,future_root_zone_stress
27.5,28.7,29.5,75.8,73.4,69.2,66.4,67.8,72.1,1.3,2.8,1.8,stable
37.4,37.9,40.5,48.4,48.1,47.8,67.7,64.8,73.3,4.5,5.4,4.7,stable
34.5,34.4,34.2,71.3,63.8,66.0,47.2,41.3,49.8,5.8,6.6,6.5,stable
28.6,29.0,27.3,51.4,56.9,56.2,73.1,64.4,70.8,4.3,5.6,4.5,stable
26.5,27.9,29.1,61.0,69.7,69.4,64.0,67.1,65.1,5.7,3.9,4.0,stable
30.1,30.0,31.3,41.0,40.6,37.3,31.6,30.9,31.3,7.5,5.9,7.0,future_water_stress
30.2,33.7,30.9,75.0,78.5,79.2,64.3,71.2,69.2,5.7,5.3,4.0,stable
35.4,33.0,35.6,51.0,51.9,54.6,31.0,29.9,35.8,5.2,5.7,6.4,future_water_stress
27.5,30.1,28.8,60.4,61.0,58.6,56.6,69.3,61.4,4.9,5.5,4.1,stable
34.1,33.3,32.9,57.3,55.1,54.7,71.9,67.0,71.9,6.6,4.6,5.5,stable
33.6,33.1,35.9,41.9,47.4,45.4,57.1,52.8,57.1,3.3,3.8,4.8,stable
25.7,28.3,28.8,50.6,54.9,54.2,73.9,76.3,72.0,3.0,5.4,5.8,stable
28.7,28.9,32.0,52.1,58.1,57.6,41.0,46.5,45.9,4.2,4.1,4.4,stable
35.1,39.0,37.9,34.6,34.8,34.0,60.4,61.8,63.1,5.6,5.3,6.4,stable
27.5,24.7,24.8,82.0,74.9,77.4,52.5,56.8,53.8,6.8,5.5,5.1,stable
38.4,36.5,37.3,58.5,58.0,57.5,50.6,56.9,57.4,4.9,6.0,4.5,stable
39.7,36.4,36.1,53.2,54.1,54.8,47.7,48.5,46.5,8.5,7.9,9.1,future_heat_stress
37.1,38.5,37.6,39.2,42.5,30.3,48.6,45.1,55.0,3.8,4.4,3.0,stable
30.4,29.6,29.5,83.6,90.5,87.5,85.1,75.1,77.8,4.8,3.5,3.6,stable
28.9,29.6,30.8,58.4,44.9,50.8,58.1,68.5,65.2,3.9,4.1,3.3,stable
29.2,24.8,26.3,45.1,42.9,48.0,73.2,79.5,81.1,1.6,1.7,2.7,stable
29.1,27.4,28.1,64.3,67.2,64.8,75.3,74.4,72.7,3.4,3.9,4.0,stable
24.8,22.6,23.3,38.0,35.8,37.2,45.6,46.6,52.9,0.2,2.4,3.4,stable
34.9,35.1,37.2,64.6,60.2,61.1,77.9,74.1,72.4,4.2,4.4,5.8,stable
25.5,25.8,28.5,50.7,46.3,44.7,65.3,62.9,54.7,3.4,4.0,2.2,stable
33.3,37.8,36.4,47.5,44.1,42.1,85.5,80.0,78.0,0.9,1.9,2.6,stable
38.5,37.5,37.9,44.5,41.0,36.1,71.8,67.5,69.9,5.8,3.2,4.3,stable
30.3,30.5,29.7,69.9,68.3,64.4,63.1,63.7,64.5,8.6,5.8,6.6,future_water_stress
26.7,27.4,30.2,68.3,67.4,63.7,51.6,45.2,49.8,6.2,4.3,3.3,stable
30.5,30.7,31.1,53.6,57.6,57.9,57.7,52.5,55.5,2.6,3.8,3.4,stable
26.1,26.2,27.5,85.6,86.6,83.0,89.8,93.2,89.4,2.3,3.5,2.3,stable
35.2,35.9,36.7,44.3,55.1,48.4,63.2,56.5,57.8,5.9,3.7,5.4,future_root_zone_stress
25.1,24.5,28.2,68.0,75.7,68.4,74.9,72.2,75.2,3.9,3.8,3.1,stable
39.6,38.5,38.7,39.0,40.5,44.0,44.0,44.5,45.6,5.0,5.8,5.8,future_root_zone_stress
33.7,37.4,36.1,42.8,35.6,43.8,53.3,50.4,54.4,4.4,7.1,5.5,stable
27.5,26.9,27.9,57.6,63.9,66.7,53.5,50.7,50.0,1.8,3.4,3.6,stable
38.9,36.1,38.8,48.4,52.4,47.2,74.5,76.9,71.5,4.5,2.7,3.7,stable
37.6,38.8,37.8,55.0,53.7,46.9,55.8,53.7,54.2,6.0,5.6,6.9,future_heat_stress
26.4,25.3,28.2,83.4,85.8,81.3,75.7,78.9,79.1,2.7,5.7,4.4,stable
33.7,32.7,32.4,76.0,67.8,74.2,20.5,15.9,14.9,1.7,1.4,1.8,future_water_stress
38.3,41.2,37.8,62.1,57.6,60.6,83.9,82.9,83.2,1.0,2.8,3.1,stable
42.8,42.1,42.8,39.9,46.3,46.3,14.1,9.5,17.1,8.6,7.1,8.7,future_water_stress
25.0,25.7,25.4,81.9,72.6,82.1,68.8,70.7,66.3,5.7,4.9,5.2,stable
28.2,29.6,27.7,60.7,48.9,58.1,56.5,57.7,56.2,6.6,3.9,5.2,stable
35.9,36.5,36.2,45.2,50.3,43.7,76.8,75.0,76.6,8.8,8.7,7.6,future_heat_stress
37.9,35.6,36.8,60.3,63.8,61.4,57.9,64.2,58.1,3.0,3.3,3.7,future_root_zone_stress
40.0,37.6,38.6,44.9,37.3,32.2,56.4,56.9,52.0,9.1,8.3,8.0,future_root_zone_stress
27.0,28.8,30.2,62.1,60.7,60.1,49.3,45.9,45.5,6.4,6.1,6.1,stable
37.3,40.4,39.2,42.7,35.3,36.8,94.4,97.6,95.1,8.3,10.9,10.3,stable
40.6,40.8,40.9,39.7,36.2,42.5,66.6,61.6,65.3,5.0,5.2,5.0,stable
33.5,32.2,32.1,59.1,58.9,61.7,86.1,81.6,80.8,6.2,5.9,4.0,stable
35.0,36.7,37.3,18.3,20.0,22.4,53.2,42.7,47.4,7.2,7.5,7.1,future_heat_stress
31.6,28.1,30.8,45.5,47.7,42.3,45.4,50.6,47.1,2.8,4.6,4.8,stable
31.6,36.0,37.4,34.0,38.8,37.8,44.4,48.8,44.1,5.5,7.7,6.3,future_water_stress
32.8,32.4,34.9,52.6,49.6,47.4,29.0,35.9,34.2,7.9,6.6,7.0,future_water_stress
27.1,26.3,29.4,62.4,70.0,71.1,67.0,64.5,73.1,2.6,2.2,2.0,stable
33.3,30.6,34.0,73.9,63.6,65.3,43.4,45.0,47.9,2.8,3.3,1.1,stable
26.5,25.3,29.3,92.3,78.7,83.9,65.3,63.4,61.7,2.9,5.8,4.4,stable
25.0,28.0,30.5,69.4,61.3,57.7,75.1,82.6,82.8,5.4,2.6,4.4,stable
32.9,34.4,36.2,64.3,72.4,72.2,74.8,68.1,77.4,4.3,7.7,6.5,stable
29.0,27.5,27.5,62.8,57.8,58.9,73.1,78.0,78.0,5.7,3.7,5.4,stable
37.7,40.9,42.3,52.9,50.6,52.3,41.6,37.8,36.3,5.6,6.2,6.8,future_water_stress
22.2,21.6,22.1,84.0,80.7,86.3,62.0,63.2,55.6,-1.8,-1.9,-0.7,stable
33.7,32.2,34.6,69.2,65.1,64.9,81.7,89.0,86.1,3.0,5.3,5.4,stable
35.2,37.9,38.5,52.9,56.1,50.0,84.7,91.6,86.8,6.0,3.5,4.6,stable
28.5,29.4,30.6,70.6,63.7,66.6,91.9,92.0,94.2,0.4,0.2,2.7,stable
26.6,26.4,25.2,70.6,73.3,72.3,46.6,46.6,43.3,4.8,3.6,3.8,stable
27.9,30.5,34.1,57.2,61.9,55.8,71.3,65.6,65.9,4.5,2.3,3.7,stable
34.0,34.4,32.4,61.8,60.7,55.7,56.8,60.4,63.5,6.9,8.1,8.1,future_heat_stress
41.4,38.7,39.0,44.4,48.6,48.3,44.2,41.9,39.5,9.6,10.0,11.7,future_water_stress
32.8,35.4,36.8,42.1,41.9,37.6,70.5,67.9,70.6,2.3,4.4,4.5,stable
32.4,34.9,35.8,80.3,80.0,80.5,31.0,39.5,39.4,3.8,4.4,5.5,future_root_zone_stress
26.1,27.7,27.5,83.4,82.1,82.6,52.3,53.9,58.5,5.1,3.3,4.2,stable
28.2,28.5,33.1,69.2,64.8,68.4,63.5,62.1,58.5,0.6,2.1,2.4,stable
29.0,26.9,29.2,78.1,72.7,74.5,61.0,65.3,64.1,2.2,3.9,3.5,stable
27.0,28.0,29.5,57.9,65.0,62.6,48.2,48.0,43.4,4.5,5.6,3.4,stable
38.7,39.7,40.0,46.4,50.0,51.7,67.2,68.9,61.8,7.2,4.4,6.7,stable
39.3,39.3,40.6,41.1,49.8,47.0,60.9,52.6,58.6,6.8,6.5,7.9,stable
27.3,30.1,30.5,70.2,71.1,72.7,39.0,36.5,44.1,2.6,2.3,1.3,stable
22.0,23.3,24.5,56.0,66.7,61.0,93.4,96.9,90.4,4.1,3.6,5.4,stable
33.7,36.0,34.1,35.4,39.4,40.3,38.6,29.7,34.3,2.8,3.0,3.7,future_water_stress
32.9,32.0,32.1,75.5,78.5,76.6,67.3,66.7,64.9,3.7,3.0,3.3,stable
29.7,32.1,31.8,74.0,72.2,69.3,27.4,36.0,32.6,7.2,8.9,9.0,future_water_stress
20.1,21.5,20.5,52.6,57.4,55.7,53.1,52.7,55.3,7.0,4.6,4.6,stable
31.0,32.2,30.0,59.6,64.2,61.4,43.8,46.8,45.5,5.2,4.7,4.2,stable
45.7,44.4,43.9,44.6,46.9,43.1,43.1,45.5,37.0,13.0,12.6,11.3,future_water_stress
23.9,25.7,27.4,69.8,68.7,71.2,57.7,54.1,56.0,1.4,3.8,2.7,stable
30.2,30.1,34.1,63.9,71.5,64.6,49.6,50.0,48.7,4.1,3.1,4.0,stable
28.7,32.2,30.5,57.3,69.8,57.6,71.5,77.8,73.3,3.8,3.8,2.9,stable
26.5,28.8,27.6,75.8,82.8,77.5,45.1,48.9,46.5,5.9,4.6,4.6,future_root_zone_stress
26.6,29.7,31.8,49.0,62.8,55.3,57.2,56.6,54.4,5.0,3.5,3.7,stable
45.6,47.8,48.4,36.1,26.2,28.5,49.5,42.2,45.7,10.7,10.1,11.1,future_heat_stress
23.9,25.0,26.3,56.4,45.1,45.9,69.5,66.1,71.5,4.9,3.6,4.1,stable
29.2,29.6,33.2,53.8,60.4,57.8,51.6,56.9,54.0,6.9,5.0,4.2,stable
23.3,25.4,27.2,84.3,76.2,83.5,44.5,41.9,38.8,4.1,3.7,3.6,stable
43.2,45.4,46.0,28.6,19.3,22.3,57.6,64.9,62.6,7.3,8.0,8.7,future_heat_stress
32.3,30.6,31.0,44.9,44.9,49.0,86.4,75.8,85.0,2.1,3.3,3.1,stable
40.1,39.1,39.8,55.2,49.9,52.8,27.8,30.1,26.3,5.9,5.8,6.5,future_root_zone_stress
38.4,38.0,38.9,58.4,68.2,72.1,50.4,44.1,48.0,7.6,5.5,6.5,future_heat_stress
37.6,34.5,37.0,53.6,44.3,53.8,38.7,46.1,44.0,7.4,8.9,7.2,future_heat_stress
30.0,31.2,31.9,23.8,30.1,30.7,84.8,75.8,75.5,4.7,6.0,4.6,stable
39.9,37.0,38.3,41.1,46.3,39.9,59.0,56.6,65.3,6.4,5.7,5.9,future_heat_stress
28.9,27.4,30.4,56.6,59.3,62.1,65.8,70.1,70.9,4.3,6.7,5.8,stable
25.5,23.0,22.5,58.4,63.1,53.3,40.3,45.3,36.5,6.0,4.7,4.2,stable
40.1,39.8,40.7,41.9,44.8,39.1,46.6,44.1,47.8,6.3,5.9,6.3,future_root_zone_stress
35.9,37.7,38.8,63.1,69.1,69.4,61.0,56.5,63.0,6.0,6.8,5.9,future_root_zone_stress
24.0,26.1,25.6,60.4,64.0,61.9,72.9,77.9,76.0,2.1,2.0,1.5,stable
29.4,32.3,30.9,67.2,74.9,69.9,59.8,67.5,66.5,6.8,5.9,6.7,future_root_zone_stress
33.6,31.4,33.9,68.0,67.7,69.7,26.6,30.9,28.3,6.3,5.9,5.6,future_water_stress
28.7,30.6,31.1,75.1,80.5,74.5,88.6,82.3,89.5,3.4,6.4,3.7,stable
40.0,41.9,41.5,31.6,20.2,28.9,50.7,51.2,50.6,7.2,7.6,6.7,future_heat_stress
34.3,33.1,34.0,57.6,58.0,49.5,73.4,71.5,71.5,4.6,4.6,4.9,stable
35.8,36.8,37.5,61.5,56.7,51.5,55.8,57.9,58.8,5.6,6.5,6.2,stable
33.4,37.2,35.1,56.0,58.7,56.2,85.9,88.5,83.5,3.8,4.8,6.3,stable
31.2,33.2,33.2,45.2,48.5,46.4,24.6,19.4,21.2,2.6,3.5,5.7,future_water_stress
28.2,30.6,30.7,63.0,63.5,68.4,54.9,53.8,57.4,3.4,5.2,4.7,stable
25.0,28.2,29.5,68.2,65.3,68.9,24.0,25.7,26.8,5.5,5.5,5.7,future_water_stress
33.7,31.3,34.1,57.3,44.8,51.4,74.0,71.8,75.8,2.8,3.1,4.2,stable
27.8,25.5,26.7,88.6,87.1,88.7,66.1,69.9,65.6,0.7,4.0,2.4,stable
38.2,36.1,38.7,56.4,55.6,52.3,75.2,79.8,79.4,6.4,5.9,6.3,stable
27.5,27.4,29.9,72.5,65.1,73.9,58.5,59.2,59.8,7.5,4.9,5.5,future_root_zone_stress
36.5,37.3,37.9,29.2,35.2,28.5,48.3,44.6,49.4,3.3,3.5,4.0,stable
33.8,32.9,33.0,44.5,48.7,46.2,62.6,70.0,69.2,7.1,3.9,4.6,stable
31.9,31.8,30.6,56.0,66.2,60.4,70.2,70.6,66.4,2.6,2.3,2.3,stable
31.2,34.1,33.6,38.0,34.2,35.1,45.5,41.2,42.1,8.0,6.8,7.3,future_root_zone_stress
24.2,24.8,28.0,68.7,67.2,65.2,73.9,79.6,70.7,-0.2,0.2,-0.5,stable
36.2,34.2,37.4,68.1,59.5,63.2,29.3,37.4,34.4,9.0,7.3,7.1,future_water_stress
35.2,38.5,37.8,21.1,32.1,29.1,49.6,41.4,47.1,7.3,8.5,8.7,future_heat_stress
29.6,29.3,31.4,47.3,44.1,39.1,72.2,74.2,73.2,5.5,5.5,6.8,future_heat_stress
31.5,31.0,32.8,55.8,50.0,53.2,48.2,38.5,43.5,6.1,5.2,5.4,stable
26.9,30.9,31.3,41.3,42.5,47.2,43.9,53.5,52.5,7.7,7.2,6.8,future_water_stress
32.8,36.3,34.7,62.4,58.7,56.7,52.4,46.1,49.7,3.8,5.4,4.9,future_water_stress
25.2,24.9,25.7,65.9,56.1,58.4,12.5,16.3,16.1,6.0,4.3,4.2,future_water_stress
35.2,35.2,36.0,66.5,74.3,67.5,61.7,58.7,59.2,3.5,4.8,4.5,future_root_zone_stress
25.1,27.4,27.9,59.1,61.4,62.2,82.4,81.7,83.0,2.6,3.7,3.4,stable
29.4,28.3,28.5,59.2,62.7,57.0,57.9,58.7,52.6,1.6,3.3,1.3,stable
30.7,29.6,33.7,58.2,56.0,55.1,56.6,56.0,52.4,7.5,5.5,4.9,future_root_zone_stress
40.3,38.8,40.9,41.8,39.9,44.5,77.7,83.2,81.6,7.5,7.1,7.4,future_heat_stress
26.5,27.9,26.9,51.0,48.8,49.5,53.5,53.1,49.6,4.3,3.4,2.6,stable
33.9,35.4,33.7,89.3,85.3,80.4,72.7,70.4,68.8,4.9,4.3,6.6,future_root_zone_stress
25.1,23.7,23.9,67.6,63.8,66.8,52.5,47.8,45.7,6.0,5.6,5.7,stable
38.4,35.8,38.0,36.1,35.9,37.2,43.1,40.6,45.9,7.0,7.2,6.8,stable
26.3,24.3,27.8,60.8,59.6,61.7,75.4,68.5,73.6,2.5,2.3,1.8,stable
35.0,37.6,37.7,60.6,64.7,68.4,47.5,49.6,44.7,9.5,8.5,7.6,future_heat_stress
25.3,27.3,31.1,25.1,31.1,36.6,59.7,55.8,54.2,8.8,8.4,7.7,future_heat_stress
37.3,36.6,38.2,53.2,55.0,59.9,38.1,36.5,41.0,7.2,7.3,8.1,future_heat_stress
25.5,31.7,31.2,64.0,68.4,66.6,60.3,54.8,61.3,2.5,3.0,1.7,stable
23.7,24.5,25.8,35.5,38.9,33.8,72.2,72.9,79.0,4.3,3.5,4.3,stable
34.4,33.2,35.4,50.9,46.3,47.1,42.9,43.7,38.9,6.4,7.8,8.6,future_water_stress
34.1,36.6,36.2,56.9,55.8,58.5,86.1,85.3,83.8,5.3,5.5,5.1,stable
38.6,42.9,41.0,11.0,11.7,12.8,57.5,61.8,58.7,13.8,10.3,10.8,future_heat_stress
30.1,35.0,32.1,40.5,45.3,49.5,65.9,61.8,63.8,3.6,2.7,3.7,stable
26.2,30.4,28.8,75.4,77.5,79.8,36.6,35.2,28.9,9.2,7.7,6.4,future_water_stress
28.0,28.5,27.8,49.4,56.2,49.6,59.4,54.9,53.0,6.1,4.3,5.1,stable
33.1,30.9,33.3,61.4,52.6,63.9,77.4,79.3,80.1,2.1,3.0,1.7,stable
21.0,22.8,23.4,58.7,56.5,62.4,58.4,44.1,53.9,3.7,3.2,4.2,stable
43.1,39.0,41.8,41.4,46.8,39.2,76.5,82.6,79.0,4.6,4.8,4.8,stable
31.7,31.0,31.9,35.3,31.9,37.3,75.1,76.8,74.9,6.0,4.9,4.0,stable
32.6,31.1,33.2,79.3,84.0,77.6,66.4,66.8,73.9,7.7,7.1,7.1,future_root_zone_stress
33.8,31.2,35.2,60.9,66.7,62.4,50.9,46.3,49.0,3.2,4.7,5.8,stable
29.4,29.0,32.4,68.7,66.9,66.3,74.5,79.4,75.3,5.7,5.3,5.0,stable
32.2,32.3,33.5,77.8,83.0,75.7,72.2,72.6,68.5,3.8,2.9,3.4,stable
27.8,27.6,28.0,59.2,53.0,51.3,94.3,87.2,90.7,4.6,4.8,3.7,stable
29.6,27.6,30.1,86.0,94.8,90.7,69.0,73.7,70.0,1.9,2.4,2.9,stable
36.6,35.1,35.5,30.6,37.2,36.6,75.6,80.1,80.2,5.3,7.1,6.9,stable
25.6,24.7,27.7,44.8,49.2,44.4,90.6,89.6,93.5,3.3,5.1,3.3,stable
30.5,33.2,31.0,68.5,69.1,66.4,60.8,54.8,52.0,5.5,3.3,5.0,stable
27.5,26.8,28.3,61.7,50.9,59.5,38.5,46.7,44.0,6.3,3.0,4.1,stable
27.7,26.7,24.4,63.9,71.3,64.8,34.8,37.1,36.8,3.9,5.3,5.6,future_root_zone_stress
23.8,24.8,28.5,60.5,61.3,54.5,80.2,78.0,77.5,0.7,3.3,3.0,stable
31.1,29.6,31.2,65.8,71.7,67.1,60.2,64.3,59.8,3.9,1.2,2.3,stable
25.6,29.0,29.9,56.5,53.0,54.5,22.4,28.7,21.2,5.8,5.0,5.5,future_water_stress
27.0,24.8,28.4,58.6,57.9,56.3,78.5,80.9,84.5,7.9,8.0,6.7,stable
24.9,27.0,27.1,69.6,68.8,74.9,65.7,64.1,64.8,5.5,4.2,3.8,stable
27.0,29.8,28.9,61.3,51.8,58.7,55.9,53.8,58.0,0.6,1.5,0.7,stable
22.9,24.1,25.4,65.0,67.8,69.7,63.0,60.4,67.4,5.4,3.8,4.9,stable
25.8,26.8,26.1,64.0,78.3,76.6,61.1,59.9,60.1,3.6,4.0,3.6,stable
29.4,30.3,29.3,86.4,84.7,85.5,51.0,44.3,44.4,2.2,3.5,2.7,stable
24.3,27.9,28.3,68.6,68.7,65.2,37.8,43.4,43.0,5.1,4.6,2.9,stable
34.0,32.9,33.8,51.2,46.6,52.6,44.4,50.9,49.2,4.6,6.8,5.5,future_root_zone_stress
32.1,33.1,36.3,37.5,35.3,38.4,65.2,70.8,71.0,0.9,1.4,1.9,stable
37.2,36.8,39.7,39.7,45.8,33.8,60.9,63.9,58.5,6.3,5.6,5.1,stable
33.3,33.6,33.5,51.9,52.7,46.5,43.1,46.4,45.0,9.0,5.6,6.5,future_heat_stress
31.3,34.2,31.8,40.0,46.0,46.3,73.4,76.2,75.0,5.2,4.7,5.3,stable
20.1,23.6,22.0,57.7,52.9,50.9,72.3,75.3,75.4,4.9,5.9,5.5,stable
27.9,28.9,30.9,56.2,61.7,60.1,44.7,48.9,41.8,3.3,2.2,2.2,stable
36.4,34.3,37.6,64.2,66.1,65.9,71.7,65.6,69.1,4.5,5.2,4.5,future_root_zone_stress
42.4,46.8,44.7,29.7,28.0,26.1,74.8,78.4,83.4,9.3,8.0,8.8,future_heat_stress
38.5,37.1,39.9,63.5,58.6,62.9,57.6,54.4,52.1,6.0,7.7,7.2,future_heat_stress
36.6,40.5,39.4,53.9,48.6,50.1,72.3,76.5,75.1,6.7,6.9,8.0,stable
33.8,34.8,35.3,48.4,44.8,50.8,17.4,20.6,17.2,9.3,9.7,9.6,future_water_stress
39.4,34.5,37.4,60.9,63.9,64.2,64.3,65.1,60.2,5.5,5.6,6.2,future_root_zone_stress
26.3,30.1,28.7,48.6,44.0,49.1,38.2,39.8,43.4,7.7,8.2,5.9,future_root_zone_stress
28.9,28.8,30.4,57.7,61.8,66.8,48.8,43.8,44.6,1.8,2.7,1.5,stable
33.6,34.9,33.1,51.0,51.7,54.9,87.5,84.0,84.6,4.8,3.4,3.9,stable
30.8,32.6,33.6,49.0,44.0,50.9,72.7,67.4,66.0,7.2,5.9,6.2,stable
35.8,35.3,36.3,26.2,21.9,22.3,39.9,41.7,43.3,4.9,4.9,4.7,stable
29.9,28.5,27.8,71.9,78.5,74.5,52.7,48.9,51.9,3.8,3.0,2.7,stable
38.6,38.5,40.1,62.7,58.5,61.9,56.1,51.0,53.4,4.0,3.8,2.3,future_water_stress
34.4,33.8,33.2,66.3,59.4,61.6,72.7,73.3,70.7,5.9,6.1,6.2,stable
29.2,27.9,29.9,63.0,76.2,66.3,65.0,73.1,73.8,5.6,5.2,5.9,stable
24.8,23.4,23.3,56.0,56.5,62.4,63.1,63.8,63.8,0.7,2.9,2.3,stable
28.7,29.0,29.9,80.5,81.2,78.8,54.3,49.6,47.6,5.3,5.5,6.8,future_root_zone_stress
38.3,39.5,40.3,28.6,28.4,33.0,33.3,35.9,36.7,4.7,4.9,5.3,stable
33.4,36.8,37.5,45.5,46.8,47.9,63.3,68.9,67.7,9.3,8.2,9.3,future_heat_stress
35.4,34.9,34.1,49.6,49.4,54.4,82.4,85.0,79.9,8.7,8.5,7.2,stable
32.1,34.4,33.8,70.6,74.7,69.8,49.9,46.7,41.5,2.7,3.0,3.7,stable
30.2,30.3,30.7,68.7,68.9,67.7,51.7,46.1,54.5,3.7,5.9,5.2,stable
37.7,38.3,40.0,71.6,64.2,63.0,93.1,87.3,90.4,7.3,5.2,6.3,future_heat_stress
35.5,35.3,34.5,69.3,65.4,72.9,66.6,71.6,67.1,5.1,3.1,4.0,stable
36.7,39.7,38.2,67.3,73.3,76.5,41.6,45.6,47.9,4.9,4.9,4.5,future_root_zone_stress
32.1,34.4,35.2,54.3,60.8,53.0,82.3,82.4,79.0,7.9,8.6,7.6,stable
21.0,23.9,23.6,75.6,73.7,69.0,67.8,69.4,70.4,5.2,7.3,6.7,stable
27.7,24.3,25.7,50.5,52.3,57.1,88.7,79.6,83.9,7.0,5.0,4.6,stable
31.1,32.5,31.9,66.6,61.9,64.9,39.0,41.6,42.3,9.6,6.8,7.0,future_root_zone_stress
27.6,28.3,29.3,70.8,73.7,70.7,69.4,78.2,77.9,-0.6,2.0,1.9,stable
28.6,29.5,28.1,45.2,49.6,50.3,102.0,97.3,93.3,5.0,3.2,3.0,stable
30.5,29.8,33.4,49.5,50.7,47.6,84.2,86.2,82.9,3.8,4.5,5.0,stable
31.7,34.4,33.5,86.5,85.9,86.6,85.5,82.3,87.2,1.8,2.7,3.3,stable
33.5,34.4,34.1,76.7,68.2,74.5,26.9,18.8,27.9,7.0,6.3,5.6,future_root_zone_stress
39.1,39.5,39.3,28.5,32.4,29.4,80.8,73.6,74.4,11.2,9.3,9.3,future_heat_stress
28.9,26.6,31.6,53.6,55.0,53.8,70.5,64.6,63.5,1.9,2.5,2.3,stable
28.7,27.3,29.3,63.1,66.6,58.7,51.9,47.1,53.0,2.1,2.8,2.4,stable
27.9,25.6,27.5,51.2,49.8,45.1,50.1,48.4,46.5,3.3,4.0,3.4,stable
37.4,38.6,40.5,28.2,23.2,28.7,51.8,55.8,52.0,9.0,9.2,9.5,future_heat_stress
32.2,32.1,35.1,34.5,44.8,41.3,51.7,58.7,49.0,6.7,7.1,5.8,future_root_zone_stress
30.9,29.5,30.6,52.1,63.8,54.1,85.3,82.0,82.5,2.0,2.3,1.6,stable
23.8,24.3,23.4,82.8,88.8,77.2,75.3,76.8,75.8,2.2,0.6,3.2,stable
23.2,26.8,26.9,62.8,66.0,68.6,43.9,42.4,41.6,4.3,5.8,4.3,stable
28.5,30.5,31.8,64.8,62.7,60.3,63.3,66.3,64.0,4.4,4.5,2.0,stable
29.8,32.1,31.1,58.6,62.6,62.8,82.2,77.2,77.6,2.1,3.4,2.7,stable
27.4,27.0,29.6,44.6,53.1,51.8,69.6,73.4,64.9,4.1,1.7,3.4,stable
21.0,25.0,23.0,48.8,61.2,53.1,82.0,77.5,74.4,5.6,4.0,3.7,stable
39.7,42.8,42.4,20.1,14.8,16.0,62.1,70.4,72.9,8.2,8.4,6.9,future_heat_stress
30.0,34.0,32.9,57.0,65.4,61.7,76.6,76.6,79.5,4.2,3.4,4.2,stable
26.0,28.2,28.4,58.6,53.3,52.5,52.1,47.7,47.1,2.9,3.1,3.3,stable
37.9,40.5,39.8,34.7,41.9,39.1,92.2,89.8,84.8,4.3,5.2,3.9,stable
40.2,38.6,39.6,29.5,39.0,28.3,48.3,52.3,50.6,5.6,7.4,7.4,future_water_stress
27.3,30.4,28.9,70.6,72.4,72.8,47.7,50.0,48.2,4.0,3.5,3.0,stable
34.5,33.4,34.1,29.2,33.0,28.1,62.3,63.0,56.5,8.7,5.4,5.4,stable
37.1,38.7,37.0,63.4,70.1,64.9,51.3,44.8,47.3,5.2,6.6,5.2,future_heat_stress
30.4,31.5,32.1,67.9,69.3,67.3,55.6,58.3,54.9,1.8,3.0,3.7,stable
32.8,36.1,34.7,44.3,37.1,39.6,61.7,67.9,67.7,4.9,4.5,4.9,stable
22.4,24.3,24.5,70.6,75.4,78.2,79.2,77.9,83.7,3.9,4.5,3.8,stable
27.6,25.9,28.3,48.9,53.8,45.1,70.4,69.1,66.5,4.1,3.0,4.9,stable
27.3,25.9,29.2,56.8,64.2,69.0,56.3,59.3,56.7,1.7,2.4,3.1,stable
27.8,31.2,29.3,64.5,64.3,61.5,58.3,60.7,55.7,5.4,3.7,5.1,stable
33.7,32.7,32.8,64.0,58.0,58.0,50.3,51.6,51.9,6.0,6.1,5.2,future_root_zone_stress
30.9,29.9,32.6,62.2,66.2,67.6,62.3,64.1,58.0,4.2,5.8,4.0,stable
27.9,27.9,27.5,69.6,75.4,69.1,88.1,92.6,93.8,3.9,4.3,4.6,stable
23.9,26.8,26.8,74.5,65.8,75.4,45.1,36.5,41.8,5.0,4.0,3.2,stable
32.7,34.7,34.5,51.4,50.1,48.7,62.6,59.2,57.9,5.1,5.9,5.3,stable
25.0,24.8,25.5,65.5,64.8,60.4,60.6,62.8,63.6,5.8,6.7,5.1,stable
27.4,30.4,29.1,84.8,75.3,78.4,77.3,74.4,81.2,2.2,4.1,3.5,stable
30.4,29.4,30.5,53.9,52.4,54.0,62.2,66.6,65.5,3.0,1.7,2.7,stable
34.0,35.9,34.3,39.4,33.6,35.2,63.6,61.3,58.6,8.7,7.9,8.5,future_heat_stress
40.1,38.9,38.5,64.8,72.1,72.6,73.3,60.3,62.5,4.9,5.1,5.1,future_heat_stress
27.0,26.5,30.6,65.7,65.7,63.3,75.9,83.9,83.7,1.4,2.5,3.9,stable
35.0,33.2,34.3,86.4,71.8,77.7,92.2,85.5,89.0,4.0,4.2,3.7,stable
28.9,33.8,31.7,50.8,48.2,57.2,99.4,99.4,104.2,3.7,5.3,5.0,stable
30.5,31.8,32.1,56.9,56.4,60.8,83.6,81.0,82.0,4.3,2.5,1.8,stable
42.7,41.1,39.4,37.7,45.0,39.6,54.3,53.0,53.6,3.9,6.6,6.7,future_root_zone_stress
27.6,27.1,27.3,82.0,75.2,73.4,72.5,76.0,78.4,3.6,4.4,2.5,stable
31.4,29.4,30.1,62.0,67.0,68.7,53.0,55.3,51.2,4.0,5.6,4.4,stable
35.4,37.1,39.5,42.3,44.3,38.9,73.3,74.0,72.3,4.4,4.7,5.0,stable
31.1,31.6,31.5,52.9,62.3,62.2,23.3,24.3,28.5,4.1,4.2,6.0,future_root_zone_stress
29.6,27.3,28.1,68.9,66.0,68.4,29.3,32.4,34.9,6.0,7.0,6.9,future_root_zone_stress
34.0,35.5,36.5,69.3,67.6,65.0,83.0,77.9,86.7,6.6,5.5,5.4,future_root_zone_stress
33.0,32.9,31.8,62.6,69.5,66.2,76.1,76.2,78.5,4.6,4.5,4.8,stable
27.5,26.7,27.4,49.2,47.8,54.4,65.3,59.2,64.0,3.3,1.5,2.5,stable
33.1,38.4,39.2,19.1,20.3,15.2,40.3,42.1,44.1,8.8,8.1,8.1,future_heat_stress
29.8,35.1,32.6,53.9,59.7,47.5,20.4,22.4,21.7,4.5,5.6,4.9,future_root_zone_stress
25.6,24.3,28.9,69.3,74.8,72.0,77.5,76.7,75.2,3.5,5.2,5.4,stable
35.4,35.4,35.5,29.1,24.3,30.1,74.9,80.0,80.6,6.2,7.2,6.5,future_heat_stress
25.0,25.4,26.6,53.8,55.9,59.3,53.7,52.8,49.9,4.5,5.3,4.8,stable
30.6,32.1,31.8,59.3,68.8,66.6,61.0,55.7,54.3,3.0,4.0,5.7,stable
36.8,37.2,36.9,60.9,68.6,73.0,11.9,15.0,18.3,8.1,8.7,7.6,future_water_stress
29.4,29.5,29.3,86.5,81.7,87.9,91.6,91.0,86.2,3.7,2.8,2.9,stable
35.3,38.2,38.2,63.2,65.3,60.8,91.0,87.0,87.3,4.4,4.2,5.6,stable
38.2,37.5,40.4,52.1,57.1,58.1,75.1,71.2,65.3,8.5,7.9,6.8,future_heat_stress
26.6,27.7,31.9,57.7,59.3,57.3,72.4,68.4,68.7,6.6,4.6,5.4,stable
26.2,27.2,26.7,81.7,81.8,84.3,56.4,62.5,58.2,6.8,5.0,3.7,stable
25.7,22.4,22.7,55.2,49.2,56.7,57.0,55.0,54.4,2.9,3.6,2.6,stable
50.0,45.6,47.7,23.7,33.9,30.4,74.3,79.1,79.2,8.5,7.7,6.8,future_heat_stress
28.8,28.9,30.8,70.9,73.0,70.7,50.2,51.2,48.7,5.2,5.4,3.9,future_water_stress
41.2,40.3,41.4,59.2,60.9,59.1,71.0,69.0,66.2,7.8,4.6,6.9,future_root_zone_stress
23.3,24.9,22.4,63.8,65.4,58.4,82.6,83.8,72.4,4.4,4.6,2.8,stable
28.1,26.0,27.5,85.3,83.7,79.8,51.3,54.3,58.0,3.8,4.5,3.6,stable
36.5,36.4,34.6,52.1,56.1,59.4,80.4,76.3,76.5,3.8,6.7,6.1,stable
31.3,31.6,35.2,42.7,46.9,41.6,74.7,69.7,75.7,7.0,4.1,5.7,stable
36.8,36.9,40.0,45.9,43.2,39.6,64.0,53.0,55.5,7.7,6.4,6.6,future_root_zone_stress
26.8,30.0,29.9,72.6,77.0,80.8,53.9,58.3,60.9,0.4,0.8,2.5,stable
33.9,33.1,32.4,48.9,50.3,49.3,63.5,54.8,57.6,5.4,5.6,7.6,future_water_stress
38.0,36.1,40.1,30.8,28.5,28.6,60.8,67.2,63.8,5.4,3.6,4.6,stable
30.2,28.1,31.7,71.7,72.9,73.0,72.5,69.6,76.8,2.6,3.7,3.6,stable
38.1,43.1,42.9,31.8,32.6,28.3,56.6,49.7,53.1,6.3,6.9,7.1,future_water_stress
28.7,29.5,28.5,57.9,53.4,60.0,71.5,74.2,73.5,-1.7,0.2,0.2,stable
29.3,29.4,27.9,78.5,77.7,75.8,64.2,60.1,62.5,5.4,4.6,5.1,stable
31.2,29.2,29.9,70.1,72.8,67.4,63.1,66.2,57.4,4.6,5.9,5.0,stable
41.5,42.9,42.1,55.0,54.8,60.0,73.0,77.6,80.7,3.0,3.8,4.4,stable
29.0,27.7,31.6,55.5,51.2,59.4,60.4,62.5,63.9,3.2,4.0,3.4,stable
38.3,41.2,40.0,34.9,32.8,34.3,54.9,52.8,56.8,6.7,5.4,6.2,stable
39.4,41.4,42.0,44.1,35.4,39.8,66.7,66.3,63.8,14.5,11.1,12.1,future_heat_stress
34.1,35.9,35.4,56.2,53.8,50.3,90.9,95.1,96.1,8.7,8.1,6.9,stable
39.6,41.4,43.8,63.5,57.7,62.6,66.1,65.2,63.4,5.4,6.7,5.9,stable
42.5,44.7,45.6,46.1,41.7,43.3,52.3,50.9,53.1,9.5,8.9,9.6,future_heat_stress
42.6,41.0,45.7,42.2,44.9,37.3,59.4,61.7,61.5,8.4,10.0,8.0,future_root_zone_stress
41.0,38.7,40.1,39.0,34.6,30.8,59.6,60.4,58.3,6.5,7.1,6.7,future_heat_stress
27.7,32.6,31.7,73.4,70.4,70.9,51.3,56.8,55.1,4.6,2.3,3.0,stable
29.5,31.4,32.4,75.5,73.1,73.1,65.6,64.0,66.2,3.5,3.4,5.2,stable
27.3,29.0,27.3,77.2,72.9,72.5,69.2,60.6,65.1,6.1,4.1,5.7,stable
30.9,29.1,31.5,86.0,88.9,83.9,69.8,68.9,71.2,2.3,3.5,2.9,stable
27.2,26.3,28.0,61.3,71.8,63.5,46.6,43.9,41.0,3.8,3.0,2.0,stable
28.4,27.2,27.9,65.7,65.6,64.4,33.9,30.0,28.4,5.7,4.5,5.1,stable
51.0,52.1,51.2,44.7,43.2,45.2,73.9,68.9,68.9,8.0,7.7,8.8,future_heat_stress
22.4,23.7,27.8,73.1,64.8,68.8,24.6,25.9,35.7,9.0,7.4,6.5,future_root_zone_stress
26.7,23.3,26.6,80.5,80.1,84.8,58.5,64.3,64.4,4.1,5.2,5.0,stable
30.0,32.7,32.6,59.9,63.4,68.8,77.8,84.7,82.1,8.7,8.2,7.5,stable
32.6,36.0,35.7,69.6,59.6,67.3,72.4,70.7,75.2,6.6,7.5,7.1,stable
23.7,24.6,27.6,59.0,60.1,56.9,67.1,64.3,70.8,1.6,3.0,3.4,stable
27.0,30.0,27.5,64.4,71.9,65.8,35.6,33.5,34.1,5.6,6.8,6.8,future_root_zone_stress
31.9,30.3,31.1,69.9,70.1,65.5,49.1,53.6,48.8,5.1,3.7,3.5,stable
35.6,35.2,35.7,58.3,56.1,60.1,35.7,38.7,43.5,5.4,4.4,4.7,stable
23.7,24.0,28.2,62.1,65.4,65.7,55.4,52.5,60.1,-0.1,1.7,2.3,stable
33.5,30.9,34.0,24.5,37.6,27.2,34.7,39.2,35.1,3.9,3.5,4.4,stable
24.1,22.8,26.0,72.9,72.4,69.4,75.6,80.0,81.3,3.5,3.0,3.0,stable
26.5,26.3,28.8,48.2,46.2,45.6,52.8,41.8,43.6,2.6,2.9,3.1,stable
26.1,27.7,30.0,61.3,49.1,56.5,62.9,63.0,64.2,2.4,4.3,3.8,stable
32.7,32.3,34.2,42.0,41.0,38.1,36.4,37.7,38.9,3.7,4.1,5.0,future_water_stress
32.3,30.7,33.1,53.1,45.8,44.4,58.4,54.5,58.6,7.3,5.6,5.1,future_heat_stress
21.9,23.0,24.0,61.8,65.7,61.4,82.6,78.2,81.4,2.6,4.7,3.6,stable
38.7,38.2,42.0,57.8,60.3,59.6,57.1,59.7,57.2,5.5,7.0,6.8,future_heat_stress
27.7,30.1,29.4,75.5,72.2,69.5,90.8,88.9,93.3,1.7,0.8,1.2,stable
33.3,31.9,32.3,50.2,52.0,49.5,75.5,76.1,73.7,1.4,2.5,2.8,stable
27.3,28.6,30.2,68.2,62.8,65.0,76.0,81.1,81.0,2.7,2.1,4.5,stable
37.6,36.0,38.6,48.6,46.8,43.8,56.9,66.2,66.6,10.5,11.6,10.4,future_water_stress
31.8,33.4,34.3,60.5,59.3,67.2,73.4,73.0,76.9,9.6,9.2,8.9,future_heat_stress
33.7,33.4,36.9,60.3,60.8,58.6,53.6,52.5,50.4,8.6,8.8,8.6,future_root_zone_stress
29.4,30.6,30.3,67.8,71.7,65.3,64.4,64.4,69.2,5.8,4.0,4.5,stable
29.9,30.4,30.7,64.9,63.7,54.2,50.8,53.9,55.3,4.3,2.6,3.6,stable
22.9,22.3,23.3,60.0,60.4,52.6,34.4,38.4,29.9,3.5,3.8,3.7,stable
30.1,31.5,32.0,59.5,49.3,56.6,62.3,57.6,54.5,6.1,7.3,8.4,future_root_zone_stress
33.1,35.0,34.7,59.6,63.5,61.2,57.6,53.4,56.7,6.0,5.9,5.3,future_root_zone_stress
31.4,32.8,31.3,63.3,58.5,62.7,60.4,65.7,62.4,1.7,4.5,3.9,stable
27.7,27.4,27.6,77.4,81.5,81.3,79.7,73.6,78.1,5.4,4.1,5.3,stable
23.8,27.0,27.8,60.4,63.7,67.9,70.3,66.4,69.4,3.3,3.8,3.5,stable
26.2,27.8,30.9,67.5,66.6,65.2,57.4,58.0,66.1,7.0,5.7,5.1,stable
33.4,34.4,34.2,65.4,68.7,65.0,31.6,35.7,37.1,8.6,6.9,7.1,future_water_stress
31.0,33.0,31.9,78.2,75.5,70.2,74.0,73.5,70.2,1.9,1.8,3.1,stable
27.0,30.3,28.2,89.3,88.1,83.4,40.4,36.1,38.2,2.9,4.0,4.7,stable
35.4,34.9,34.2,79.8,74.0,73.1,47.0,41.6,42.9,6.2,5.4,5.2,future_root_zone_stress
24.7,27.4,28.8,61.7,63.9,65.3,75.8,74.5,67.6,3.2,2.6,1.9,stable
31.6,34.2,33.7,36.8,48.5,45.3,64.6,68.8,63.0,6.5,5.8,6.2,stable
26.7,26.2,26.2,42.5,59.7,52.3,30.3,32.5,28.7,5.1,4.9,4.0,future_root_zone_stress
25.2,27.9,28.8,54.1,61.2,65.3,61.4,69.3,66.8,3.6,3.5,5.2,stable
33.7,33.6,32.4,75.0,84.4,81.6,49.2,55.4,53.5,6.7,5.1,4.4,stable
25.5,26.9,26.8,87.3,91.0,90.1,74.4,72.7,67.7,1.7,4.9,4.7,stable
27.9,29.8,30.5,70.8,70.6,74.2,71.6,70.1,71.8,0.4,3.4,2.4,stable
24.5,28.1,25.1,62.9,67.8,61.1,51.7,55.6,56.1,4.4,3.2,4.2,stable
36.0,34.6,34.8,46.4,50.6,53.5,60.8,58.9,59.1,6.6,6.4,7.0,future_heat_stress
38.9,38.5,39.8,49.9,48.3,48.7,56.9,57.4,61.7,8.1,9.6,7.6,future_root_zone_stress
33.6,35.0,35.7,60.2,60.0,54.0,45.5,41.0,48.4,4.7,5.6,6.3,future_water_stress
30.9,31.4,32.4,81.5,83.2,78.3,54.9,58.2,63.1,1.3,2.9,2.1,stable
33.2,33.4,34.0,23.3,24.0,30.7,46.8,44.4,44.4,6.2,7.1,7.7,future_water_stress
23.2,27.4,28.2,58.4,66.7,59.7,70.5,71.1,77.9,3.5,2.2,3.5,stable
28.7,31.5,31.3,39.3,36.4,36.8,25.4,32.1,28.0,6.2,6.9,6.2,stable
30.2,30.5,31.8,97.3,92.0,91.2,39.0,30.1,33.5,6.1,7.6,8.0,future_water_stress
25.4,24.4,25.0,72.8,70.7,70.3,49.2,44.8,42.6,2.3,0.1,1.8,stable
28.2,25.5,27.6,81.7,72.0,80.9,98.4,98.3,101.0,5.2,5.8,6.2,stable
26.9,24.2,25.7,68.4,73.9,65.3,75.5,80.0,79.7,5.1,3.7,4.9,stable
37.5,40.0,39.8,75.9,74.2,75.0,55.8,55.5,58.6,3.9,4.0,4.0,future_root_zone_stress
24.8,25.5,25.5,76.3,77.4,75.6,55.4,52.4,49.4,3.2,1.0,1.6,stable
28.1,27.6,29.6,51.0,58.8,55.3,60.9,65.6,68.5,4.5,3.9,3.8,stable
39.7,38.4,37.0,47.7,48.2,44.7,80.7,74.4,72.1,5.7,6.5,5.5,stable
31.3,34.4,34.5,59.0,57.3,61.6,74.9,73.5,74.7,1.4,3.8,2.5,stable
32.1,33.3,33.1,85.1,78.2,89.3,43.1,43.9,44.6,1.9,3.0,2.7,stable
25.5,27.1,26.9,58.1,53.8,59.2,63.0,62.5,63.1,2.8,3.3,2.1,stable
20.5,26.3,25.4,57.3,60.3,57.3,52.2,59.4,59.5,1.8,2.0,2.7,stable
34.9,36.6,39.4,40.9,43.2,39.3,43.1,47.0,41.7,9.6,8.7,7.4,future_heat_stress
24.9,22.7,26.5,67.9,75.3,68.6,60.5,57.0,58.2,6.3,4.1,3.8,stable
29.3,30.8,30.2,70.4,62.4,71.4,70.0,68.8,71.5,2.4,2.9,2.8,stable
34.6,33.7,37.2,75.5,74.3,74.7,38.0,34.5,31.8,7.3,6.7,5.9,future_water_stress
30.0,29.8,32.3,75.0,70.3,66.9,46.8,45.1,46.7,1.0,3.4,3.7,stable
27.8,28.2,30.7,47.4,51.3,52.9,54.3,54.3,53.9,5.9,4.1,2.9,stable
29.8,30.7,31.3,58.6,53.2,57.5,67.5,68.0,71.2,6.3,4.5,5.6,future_root_zone_stress
32.5,33.9,34.0,80.5,89.2,85.8,63.1,63.4,57.6,4.8,4.0,3.0,stable
35.8,35.0,35.4,37.5,37.1,30.2,64.0,69.3,64.0,5.1,7.0,6.1,future_heat_stress
30.4,32.4,31.9,46.3,51.5,47.6,42.7,44.8,42.9,7.6,5.7,4.4,future_water_stress
28.2,28.8,29.0,74.6,77.5,72.9,57.3,51.3,51.8,2.9,3.9,3.4,stable
27.1,29.5,29.3,87.3,89.2,85.9,74.1,72.5,77.6,2.5,2.9,2.8,stable
35.7,34.3,35.4,63.6,68.8,66.4,61.2,56.1,62.5,8.1,6.9,5.8,future_root_zone_stress
33.1,31.8,33.3,75.6,75.4,77.7,56.0,53.4,55.5,5.5,5.1,5.0,stable
23.7,26.9,30.0,44.0,36.9,44.0,75.0,84.2,79.2,3.9,3.3,3.3,stable
34.9,33.2,34.7,65.2,64.0,74.6,66.6,58.1,63.1,4.4,4.7,4.8,stable
25.4,27.7,28.5,58.8,57.6,57.9,43.3,53.3,49.7,3.7,2.8,3.6,stable
29.3,26.8,29.8,62.9,60.8,65.7,42.9,46.6,43.5,9.2,7.2,7.8,future_water_stress
30.3,30.3,33.2,64.1,73.5,68.9,42.0,44.5,39.6,5.3,7.6,7.5,future_root_zone_stress
34.9,36.8,38.6,49.5,44.5,44.6,34.9,38.4,37.5,6.3,4.2,5.5,future_water_stress
21.8,22.2,27.1,64.2,59.2,55.3,65.0,66.1,66.9,4.0,4.8,5.4,stable
38.8,39.1,40.2,38.2,47.8,48.3,64.8,67.4,64.8,3.8,5.9,5.6,stable
17.6,18.8,24.0,74.2,68.7,63.6,79.9,77.9,81.4,4.4,3.2,4.0,stable
27.6,28.0,30.3,58.2,56.0,53.9,43.3,45.3,43.4,6.5,4.3,4.1,future_root_zone_stress
36.6,38.5,38.8,53.3,51.6,49.2,69.6,63.6,67.3,5.3,5.2,4.8,stable
30.2,28.5,31.3,47.3,43.1,43.8,71.6,78.8,75.5,4.6,7.2,6.9,stable
34.4,32.5,34.9,52.9,49.9,53.3,66.8,69.4,76.4,1.1,4.1,3.6,stable
32.1,36.3,34.7,59.5,60.6,55.6,53.0,51.5,47.1,6.1,6.7,5.1,future_water_stress
41.4,42.1,42.3,51.2,42.5,53.8,79.0,83.8,82.2,2.4,3.8,4.3,stable
34.3,36.0,33.2,76.2,83.3,80.9,67.7,67.4,67.2,5.4,3.7,4.4,stable
34.8,34.6,36.5,39.4,44.2,40.9,61.0,55.6,60.5,1.7,1.7,2.5,stable
28.9,27.6,28.9,47.1,51.9,47.5,66.5,61.7,61.2,1.7,0.7,1.5,stable
31.1,31.3,30.4,76.8,76.9,78.6,26.3,22.0,22.6,5.2,7.7,6.4,future_root_zone_stress
32.8,33.7,33.4,54.2,45.4,48.8,21.0,18.1,24.1,6.6,7.2,7.7,future_water_stress
28.9,30.3,31.2,80.0,84.2,78.8,72.1,66.7,69.9,4.4,1.5,2.7,stable
33.1,36.3,37.3,56.1,53.1,58.4,60.0,56.0,54.1,5.8,4.1,4.7,stable
32.2,32.0,32.9,58.2,64.3,56.5,80.1,85.9,83.3,5.7,8.5,7.1,stable
25.4,25.4,28.0,82.2,81.0,85.1,78.1,77.6,74.8,4.0,4.4,3.6,stable
26.7,29.5,29.6,52.5,57.6,49.2,64.5,55.9,55.5,1.2,2.3,2.9,stable
35.1,35.1,35.1,41.7,32.8,36.2,33.0,36.3,32.4,11.3,10.6,10.0,future_root_zone_stress
43.5,40.9,42.9,51.7,53.1,56.6,37.7,36.2,36.4,10.3,10.1,10.1,future_water_stress
40.8,44.0,41.6,16.2,15.4,14.3,67.5,66.8,65.3,10.6,9.4,9.3,future_heat_stress
38.3,41.5,42.7,40.0,47.1,46.1,70.4,64.2,71.5,7.4,7.6,8.0,future_heat_stress
21.1,22.2,24.9,71.4,63.1,64.3,57.8,52.7,54.0,5.9,4.4,4.3,stable
29.9,29.6,33.4,91.0,95.7,87.2,58.3,60.6,59.0,1.1,1.7,2.0,stable
24.3,25.4,27.5,74.3,74.7,73.7,58.9,58.3,57.5,1.6,2.0,1.9,stable
35.7,34.8,37.2,39.1,32.4,38.0,63.9,65.0,69.0,5.8,4.3,3.9,stable
38.3,39.8,40.9,29.1,38.6,35.4,57.2,57.4,53.7,6.1,4.6,4.3,stable
31.9,28.6,30.5,73.9,61.9,69.4,66.3,64.5,68.4,3.8,3.5,4.5,stable
25.8,29.6,28.6,40.5,52.8,48.2,82.5,82.9,82.3,4.7,4.7,4.1,stable
30.9,32.1,32.5,64.7,59.3,62.4,86.6,79.4,80.9,5.8,5.5,6.4,future_root_zone_stress
37.3,36.2,37.1,27.8,33.5,29.8,49.3,46.6,49.3,4.0,6.5,5.3,stable
40.2,41.3,40.5,51.2,43.9,51.7,81.0,80.2,76.8,3.3,5.8,4.7,stable
37.6,37.7,40.5,28.1,36.0,40.0,25.0,27.6,28.1,9.8,8.7,7.5,future_water_stress
34.1,34.2,36.4,70.3,71.0,63.9,68.1,65.4,63.0,3.6,5.4,4.8,stable
28.4,29.6,30.0,49.9,51.6,56.7,73.7,68.1,70.9,5.3,4.4,4.2,stable
26.5,27.3,29.0,42.2,41.8,42.9,67.0,76.0,71.2,3.7,2.6,4.3,stable
35.4,31.6,35.3,86.1,73.3,74.9,28.0,34.4,30.2,5.3,7.9,6.9,future_root_zone_stress
35.9,37.3,37.7,49.4,51.1,54.8,36.4,36.1,37.8,2.9,4.0,3.6,future_water_stress
23.7,24.4,27.7,65.5,72.3,72.8,36.2,34.9,39.6,6.7,2.8,4.6,future_root_zone_stress
29.5,31.5,34.8,72.1,81.1,76.7,61.8,58.3,63.3,5.8,5.7,5.7,future_root_zone_stress
22.0,23.5,21.9,80.5,77.9,81.5,59.0,62.7,58.7,1.4,3.6,3.3,stable
34.2,31.9,34.3,51.9,56.2,59.6,82.0,83.9,83.7,4.7,5.9,4.7,future_heat_stress
30.3,33.7,34.2,79.7,72.7,81.9,45.8,45.4,47.8,6.2,3.8,5.1,stable
36.7,33.9,38.4,28.4,29.9,33.4,38.3,31.8,34.9,9.8,8.7,9.0,future_root_zone_stress
29.6,30.7,31.5,69.9,69.3,71.1,100.8,98.7,101.0,2.6,3.0,2.7,stable
28.9,32.8,31.6,52.3,51.5,55.6,57.2,57.5,59.6,4.0,4.0,5.4,stable
38.9,37.0,40.8,37.7,32.9,34.6,27.2,21.2,28.9,4.3,7.0,6.8,future_water_stress
26.3,23.8,26.3,78.8,85.3,76.8,73.2,76.1,75.9,3.5,2.6,3.0,stable
32.3,30.0,31.0,48.3,41.3,45.9,44.9,47.5,48.1,0.8,2.4,3.3,stable
37.2,37.2,36.5,46.8,43.2,44.3,48.7,42.6,46.1,5.5,5.0,2.7,stable
37.1,35.7,35.9,43.0,39.4,39.7,31.5,39.2,31.3,10.5,9.6,10.4,future_root_zone_stress
39.6,43.1,45.0,17.7,24.5,24.4,74.4,76.7,72.0,10.8,9.5,9.7,future_heat_stress
29.0,27.9,28.9,48.9,52.1,48.7,68.6,55.9,60.6,0.4,2.7,3.3,stable
28.9,27.2,30.3,56.8,62.6,58.9,67.9,64.2,61.9,4.3,5.1,4.7,stable
29.3,29.9,32.5,62.1,54.6,54.7,32.1,23.3,25.6,5.5,4.8,4.7,future_water_stress
32.3,32.1,32.5,73.2,71.6,73.3,22.8,15.9,21.8,8.1,6.5,6.2,future_water_stress
29.3,29.4,30.6,56.5,54.0,50.6,101.0,96.4,96.6,1.4,2.1,2.7,stable
31.9,32.5,33.0,61.4,56.4,57.6,95.9,100.7,94.6,6.8,4.6,4.7,stable
26.2,25.6,25.8,77.4,84.1,82.6,53.1,60.4,56.0,5.0,4.3,4.7,stable
33.8,30.9,32.9,74.5,69.3,68.5,64.8,68.0,67.9,2.5,1.4,1.8,stable
24.1,24.3,27.6,45.0,47.6,50.8,57.5,47.7,48.9,1.4,3.6,3.1,stable
29.9,33.0,31.1,81.3,77.3,79.7,29.7,29.9,33.0,5.3,5.6,5.3,future_root_zone_stress
25.8,25.5,26.6,70.2,71.4,74.4,39.9,40.7,41.9,0.5,1.5,2.7,stable
31.1,30.8,31.1,60.5,60.0,65.1,66.6,70.4,74.1,4.4,5.0,4.5,stable
32.2,32.4,36.1,61.2,59.7,62.7,69.0,74.6,71.6,5.9,5.4,7.9,stable
23.0,22.5,24.1,65.1,58.2,63.3,62.1,53.4,51.9,5.1,3.5,3.3,stable
36.2,35.3,36.2,34.6,33.7,31.1,75.6,69.3,69.2,6.8,4.1,4.2,stable
33.7,32.1,34.4,53.8,56.8,60.7,52.5,49.2,49.6,5.6,6.9,6.4,stable
31.7,33.5,32.5,67.7,59.3,57.0,56.6,46.8,52.8,5.1,2.4,3.5,stable
34.6,37.7,38.5,35.7,41.1,41.5,60.3,64.0,64.8,5.3,5.4,5.2,future_water_stress
25.8,24.9,24.1,73.7,70.5,74.5,62.9,67.5,72.1,2.0,5.3,5.5,stable
32.9,31.3,33.6,48.4,52.5,47.2,64.3,70.3,67.0,5.5,6.2,4.4,future_root_zone_stress
25.7,24.5,25.8,50.5,44.2,46.3,63.6,62.8,67.7,-1.5,1.2,0.2,stable
27.7,28.9,31.0,47.0,52.0,55.8,70.1,61.5,64.8,3.8,2.4,2.7,stable
28.2,26.8,27.3,49.4,45.6,47.5,60.0,66.9,66.7,4.0,4.7,3.4,stable
30.6,35.4,35.2,68.0,71.6,68.0,49.8,44.4,49.5,7.1,7.2,4.9,stable
27.0,24.7,27.7,90.2,84.8,82.3,64.2,71.9,70.1,1.9,2.1,2.5,stable
25.3,25.7,27.5,82.0,71.6,77.9,45.9,50.7,46.7,6.2,6.8,7.5,future_root_zone_stress
30.3,28.1,31.4,67.4,67.4,67.6,62.6,62.6,57.6,0.2,1.6,1.1,stable
35.6,32.2,34.6,66.9,58.4,62.0,71.4,65.9,64.0,2.3,4.0,4.1,stable
29.3,31.0,32.6,37.5,31.1,35.8,63.3,61.5,58.6,8.5,7.4,6.9,future_heat_stress
35.0,33.7,37.2,53.4,44.9,51.8,53.0,55.6,51.8,7.3,7.5,7.6,future_heat_stress
33.3,36.4,35.7,68.6,67.6,73.2,55.3,60.3,63.7,8.8,9.3,8.1,future_water_stress
28.0,29.7,29.9,44.9,47.6,42.9,72.9,75.4,72.8,3.0,1.5,2.3,stable
21.8,27.4,25.9,73.0,70.5,78.9,69.4,66.8,69.3,3.6,2.1,4.6,stable
44.6,43.0,43.9,37.7,38.9,44.0,55.6,47.7,51.8,9.4,8.7,10.0,future_root_zone_stress
43.2,43.5,43.2,33.0,32.8,27.5,47.7,48.2,52.3,8.6,8.1,7.9,future_water_stress
37.6,35.5,36.3,43.1,49.2,45.6,79.8,71.1,76.0,8.9,8.5,7.8,future_heat_stress
33.8,35.5,36.9,61.5,58.7,60.7,69.3,63.7,65.0,3.1,5.0,4.9,future_root_zone_stress
33.6,31.9,31.7,48.5,55.1,51.6,68.1,72.6,68.0,2.6,3.6,3.5,stable
41.0,41.2,42.0,55.5,50.6,54.0,57.4,53.5,52.3,8.5,8.4,7.1,future_heat_stress
35.1,37.6,38.4,23.4,24.0,19.6,54.7,51.8,53.3,5.0,5.4,5.7,future_heat_stress
36.1,40.6,40.8,48.4,52.3,50.8,55.8,61.8,61.5,2.0,4.8,4.5,stable
38.0,38.7,39.1,23.6,29.1,27.8,46.1,45.9,42.0,7.8,8.3,9.1,future_water_stress
26.8,26.8,26.3,85.2,90.0,86.3,68.3,75.0,71.7,5.4,3.5,3.4,stable
29.0,30.0,34.0,79.0,81.2,78.2,107.8,114.5,106.1,3.4,3.8,3.9,stable
38.8,37.8,37.3,41.4,38.8,40.1,55.2,57.5,61.7,4.5,6.1,5.7,stable
39.7,38.9,36.6,22.5,27.3,22.3,71.1,59.9,59.1,2.1,2.3,3.9,stable
34.3,34.3,37.9,37.5,42.7,44.8,84.3,89.5,87.1,9.3,10.7,9.3,future_heat_stress
27.3,28.8,30.4,65.0,70.5,64.1,60.5,58.9,55.2,6.0,4.7,5.0,future_root_zone_stress
32.4,32.4,33.9,55.9,52.2,51.8,94.4,86.4,84.6,3.4,4.4,4.7,stable
25.5,24.6,27.6,41.6,54.6,50.8,64.7,65.9,65.3,3.3,3.0,3.1,stable
27.8,30.1,31.2,63.0,72.8,74.1,96.2,99.5,100.2,6.5,3.9,5.5,stable
29.8,32.5,34.0,66.1,66.8,61.5,24.7,30.4,33.3,7.1,7.1,7.0,future_water_stress
29.5,29.8,28.6,61.1,57.5,59.4,52.0,48.4,50.6,4.0,1.3,2.5,stable
33.8,34.6,34.2,70.1,68.8,72.5,48.0,53.4,49.9,4.0,4.7,3.8,stable
43.8,43.7,44.6,41.0,40.2,39.5,90.7,91.0,87.1,6.1,8.2,7.4,future_heat_stress
33.4,34.9,32.3,34.9,45.7,43.1,60.4,58.6,56.9,8.1,9.5,8.9,future_root_zone_stress
30.6,36.3,37.0,28.1,32.6,40.4,61.8,59.7,62.3,7.8,5.4,6.0,stable
36.7,35.9,36.0,49.8,51.6,47.4,87.7,88.2,89.4,5.1,5.6,3.5,stable
31.3,32.1,32.7,46.9,41.2,42.2,74.6,70.6,78.4,6.1,8.3,6.7,future_heat_stress
31.3,32.0,30.5,68.0,56.5,59.1,99.4,96.3,94.5,2.0,2.2,1.5,stable
39.0,42.0,41.8,36.8,47.2,42.0,75.3,83.6,77.4,3.8,3.9,5.0,stable
31.2,32.7,30.8,33.1,38.1,38.5,70.0,74.2,76.4,7.4,7.0,7.2,stable
30.5,30.8,29.7,46.8,52.0,50.8,42.5,42.4,47.7,5.6,3.5,3.2,stable
27.5,28.5,30.2,78.9,76.4,84.5,66.2,70.3,66.1,4.3,3.6,4.5,stable
22.8,23.1,26.4,60.8,58.8,64.1,55.7,55.3,58.5,-0.3,1.9,2.9,stable
33.0,35.1,38.6,54.0,60.6,58.3,95.9,94.5,89.7,2.1,1.7,2.0,stable
34.3,35.5,36.3,66.7,72.5,69.7,81.3,83.7,84.3,2.0,2.3,2.1,stable
37.4,40.1,39.2,54.2,47.9,49.3,75.3,74.0,73.5,6.4,6.3,7.6,future_root_zone_stress
36.6,39.1,38.1,46.9,48.4,53.9,69.1,71.5,73.9,2.8,3.5,5.0,stable
32.4,29.6,31.6,41.9,48.4,40.2,27.2,32.6,33.3,8.6,7.0,7.9,future_water_stress
28.9,26.1,28.8,82.9,85.2,84.1,69.9,59.2,65.2,6.0,4.9,4.4,stable
27.4,25.2,29.4,49.8,56.5,57.6,50.7,55.4,54.1,0.0,2.4,1.4,stable
30.1,32.5,32.5,37.0,38.8,29.6,48.8,45.3,42.2,6.7,6.6,6.8,future_water_stress
27.6,28.5,28.7,75.2,84.9,84.5,64.2,73.8,76.4,5.3,2.8,2.4,stable
29.7,29.9,31.2,62.6,68.1,62.7,48.2,45.6,47.8,6.4,7.3,5.7,future_root_zone_stress
32.2,30.4,32.1,34.7,33.6,30.2,79.6,82.7,76.4,6.1,6.4,5.8,future_heat_stress
25.8,24.8,29.3,35.5,35.9,36.4,29.3,23.2,34.3,5.8,7.7,6.5,future_water_stress
28.5,26.7,26.9,86.1,93.6,91.6,48.8,51.1,52.8,2.5,3.8,3.5,stable
38.2,39.3,38.1,42.6,42.8,50.1,71.9,67.3,67.4,9.6,6.6,6.9,future_root_zone_stress
25.1,24.8,23.9,62.7,60.0,61.6,55.1,58.1,61.0,5.6,4.1,3.7,stable
29.2,31.2,28.5,67.7,57.6,59.5,57.0,58.3,50.1,3.8,1.8,1.6,stable
30.4,29.7,31.0,47.9,61.1,58.0,54.8,58.2,61.4,4.8,6.7,6.9,stable
28.3,28.1,29.8,40.8,37.5,39.6,69.9,68.9,74.5,5.8,7.2,6.6,stable
32.8,32.0,35.7,55.2,54.9,56.2,80.6,80.8,85.8,8.1,8.1,8.1,future_root_zone_stress
27.6,28.3,29.0,64.6,63.3,67.2,51.3,55.5,57.9,7.1,4.1,3.4,stable
23.4,26.0,24.6,84.3,72.5,78.7,64.8,63.1,66.8,2.6,3.2,3.9,stable
33.0,31.2,34.6,48.2,56.9,55.0,62.2,56.5,61.5,2.6,2.0,4.0,stable
26.1,29.9,30.1,52.2,53.2,53.3,76.8,85.2,76.5,2.2,3.9,4.0,stable
24.2,26.9,26.8,56.2,59.3,53.5,73.2,66.5,73.5,6.2,4.2,4.4,stable
28.3,27.7,27.8,60.2,64.2,65.6,68.4,70.5,67.1,2.9,3.8,3.3,stable
31.5,31.0,30.7,81.0,88.9,83.8,55.6,51.3,59.4,2.6,5.1,3.7,stable
34.0,33.3,36.4,44.8,49.0,56.7,63.8,68.1,66.9,7.2,6.7,7.5,future_root_zone_stress
33.4,35.1,35.0,59.6,60.1,55.7,77.1,80.6,79.6,8.2,6.0,5.9,stable
39.5,36.8,39.0,48.7,50.1,50.8,105.0,101.5,105.8,8.0,6.7,7.7,future_heat_stress
29.1,27.9,28.3,57.3,58.5,56.5,59.4,65.1,59.5,3.0,3.8,4.6,stable
33.0,33.2,33.7,57.9,65.9,64.5,82.6,90.0,84.8,3.7,3.2,5.5,stable
30.2,30.3,31.4,59.9,50.4,58.0,67.8,71.8,74.0,7.5,5.3,5.3,stable
26.3,25.5,28.6,60.6,63.2,61.1,81.1,86.7,91.9,2.3,2.8,2.7,stable
35.2,33.2,37.1,57.4,70.9,66.6,60.0,66.2,61.9,5.4,5.3,6.4,future_root_zone_stress
29.2,29.4,33.1,64.2,64.3,62.0,42.2,40.2,39.2,5.3,4.6,3.4,stable
27.7,30.2,29.7,88.3,84.7,87.4,87.0,86.1,82.0,5.2,3.8,5.0,stable
42.3,46.9,46.2,26.9,33.3,24.5,64.7,69.0,70.4,10.0,8.7,9.3,future_heat_stress
29.0,32.7,34.0,39.8,45.3,42.9,50.4,50.7,50.0,6.8,5.6,6.5,future_heat_stress
25.5,26.5,26.6,76.3,84.9,86.5,75.3,76.7,83.3,2.9,3.5,2.4,stable
30.3,28.8,31.9,68.7,67.6,68.4,62.9,64.9,64.8,2.4,2.9,4.2,stable
22.5,21.3,23.3,73.6,66.4,71.3,52.9,43.1,49.7,7.1,4.7,5.8,stable
38.8,37.1,40.7,55.1,52.6,47.6,41.9,52.1,44.3,3.4,4.0,4.9,future_heat_stress
30.5,30.0,31.9,50.3,55.2,51.9,84.2,76.4,79.1,2.5,1.8,2.0,stable
38.0,34.6,37.9,52.5,48.2,49.8,91.3,87.6,85.9,5.3,7.3,4.8,future_root_zone_stress
31.8,35.6,36.8,57.6,51.3,55.5,60.4,57.7,55.0,4.8,5.6,5.6,future_water_stress
37.7,39.6,39.5,55.4,50.8,55.1,56.6,65.5,64.7,7.8,7.5,5.8,future_root_zone_stress
36.2,39.0,38.0,53.6,55.6,57.5,53.8,53.7,52.6,4.7,6.7,6.1,stable
28.4,29.2,30.5,77.6,66.5,67.5,44.8,39.1,40.9,1.3,3.6,3.0,stable
19.7,22.0,24.9,67.8,62.6,65.5,74.3,78.4,76.6,6.5,4.3,3.6,stable
29.2,28.6,30.1,52.1,61.3,60.3,63.0,58.7,54.7,5.1,4.0,4.1,stable
28.1,26.3,28.8,53.3,54.2,45.8,74.2,73.2,68.7,2.9,2.9,3.0,stable
29.6,32.0,32.1,80.5,71.5,70.7,37.1,33.6,38.6,6.1,3.3,2.7,future_water_stress
38.2,39.9,39.2,13.2,16.1,14.0,58.2,51.0,51.8,5.9,6.5,5.2,future_heat_stress
25.8,23.2,28.1,68.7,70.1,72.8,64.6,66.3,68.5,1.5,2.1,2.6,stable
34.7,35.1,36.9,56.7,64.2,64.5,45.6,47.7,49.6,7.2,5.0,7.3,future_heat_stress
31.6,32.3,32.5,69.8,70.7,73.7,55.0,52.1,55.2,1.3,3.4,2.7,stable
34.3,33.2,35.1,59.3,55.8,55.6,45.6,45.7,47.9,5.0,5.4,6.5,future_root_zone_stress
34.4,34.6,37.6,58.6,52.0,58.9,54.4,51.7,61.1,5.1,7.4,5.8,stable
23.7,25.9,25.6,57.7,55.1,53.9,76.4,66.7,74.0,3.0,2.7,2.8,stable
38.6,37.1,37.1,42.2,42.9,41.5,75.7,66.8,75.8,7.3,6.3,7.3,stable
32.4,29.7,33.0,50.8,52.6,49.8,57.2,53.3,55.9,2.9,3.2,3.5,stable
33.7,35.7,36.7,50.2,45.5,42.7,29.3,31.1,28.7,5.1,6.3,6.0,future_water_stress
30.5,30.9,35.4,42.9,36.5,46.4,41.9,41.5,41.6,2.4,4.9,3.0,stable
35.8,34.8,37.6,58.3,58.3,60.0,66.3,67.2,75.9,6.4,4.6,5.9,future_root_zone_stress
37.2,37.8,39.1,36.1,30.7,37.3,17.4,21.2,19.3,6.4,8.1,8.7,future_water_stress
34.9,38.8,37.9,63.5,59.3,62.3,56.4,56.6,55.2,5.3,6.5,5.7,future_heat_stress
34.7,35.6,37.4,36.2,47.5,42.2,51.9,53.4,52.6,6.0,4.6,4.7,stable
31.0,27.7,31.3,73.2,79.9,79.2,60.2,53.8,64.7,2.1,3.3,2.3,stable
44.5,44.0,43.7,35.2,31.2,29.4,75.0,76.5,72.1,9.7,12.3,12.3,future_heat_stress
28.8,29.5,29.4,51.7,52.4,55.2,64.4,59.8,60.3,8.6,9.3,7.4,stable
33.4,33.5,32.8,42.1,36.2,37.3,46.0,47.2,44.0,3.9,2.3,3.2,stable
20.5,21.6,20.3,73.0,80.8,77.0,53.3,49.3,47.2,6.0,4.4,3.5,stable
37.7,38.9,39.3,72.9,67.9,66.9,50.9,47.4,48.6,6.0,4.4,4.4,future_root_zone_stress
38.6,38.6,37.7,79.5,81.5,71.7,40.2,33.3,37.9,4.0,5.8,6.6,future_water_stress
31.1,31.7,32.7,50.6,52.6,52.3,35.5,32.9,38.0,5.5,5.6,5.4,future_root_zone_stress
27.2,29.4,26.7,67.0,56.3,61.3,82.6,79.3,77.4,3.0,3.5,3.2,stable
34.1,34.3,36.3,47.5,46.7,45.2,43.8,44.3,42.1,6.4,5.9,6.0,future_water_stress
28.1,31.0,31.3,60.7,63.7,59.2,38.7,41.2,39.4,4.4,3.7,2.7,stable
25.5,23.7,25.5,68.0,59.2,59.0,66.2,55.9,63.4,6.5,3.5,3.8,stable
25.5,29.6,28.4,59.7,63.6,55.1,54.5,59.1,54.2,3.1,5.0,3.9,stable
25.7,24.6,25.9,72.9,71.6,72.5,78.2,82.2,81.6,3.2,3.4,2.8,stable
32.3,33.4,33.9,68.2,66.2,67.9,67.2,68.5,68.0,3.0,2.1,2.0,stable
26.0,24.9,29.8,63.8,69.2,68.1,68.9,74.7,69.4,5.1,4.3,4.4,stable
22.9,27.1,26.1,61.2,58.7,69.9,67.8,67.9,66.9,1.1,0.7,-0.6,stable
32.8,31.4,31.9,89.3,89.6,88.5,71.3,67.7,70.5,4.6,4.0,5.4,stable
35.3,38.5,35.6,62.7,62.1,60.3,55.3,54.6,55.4,3.1,6.6,4.8,future_root_zone_stress
36.8,35.7,37.7,40.3,36.0,36.5,78.5,71.3,75.7,5.6,3.7,5.0,future_heat_stress
29.9,29.4,28.9,67.6,64.5,73.4,55.7,58.2,55.4,3.2,2.1,2.8,stable
31.1,32.3,32.9,56.5,55.5,59.1,58.5,50.0,56.9,2.6,4.6,6.5,future_root_zone_stress
28.0,29.6,29.5,91.6,86.1,88.6,63.4,57.1,55.4,2.9,1.6,3.1,stable
31.5,29.5,32.0,68.5,70.6,69.5,87.3,94.9,91.9,5.5,3.0,3.7,stable
28.3,29.9,30.2,52.3,55.8,57.6,74.3,71.8,75.8,5.8,4.0,4.6,stable
25.3,27.0,26.9,47.6,49.8,51.0,38.5,38.9,42.5,4.9,3.2,3.9,future_root_zone_stress
31.1,29.0,29.8,79.9,74.2,76.1,41.7,46.5,50.4,4.8,4.6,3.3,stable
32.6,33.8,32.1,58.4,53.6,59.0,38.2,33.4,33.3,5.8,4.9,4.4,future_water_stress
35.9,35.1,33.6,75.2,77.3,75.4,80.2,73.5,79.8,5.2,2.1,2.9,stable
33.1,33.2,32.6,85.5,91.8,83.7,84.7,81.4,85.5,4.7,3.4,5.6,future_root_zone_stress
22.7,22.2,24.2,61.0,65.5,63.1,65.4,57.6,61.9,3.0,3.7,4.0,stable
28.0,30.1,32.0,92.3,94.1,85.7,67.2,63.9,62.6,6.8,8.2,7.3,future_root_zone_stress
28.6,28.9,30.7,64.3,66.3,72.2,58.2,66.6,61.3,7.9,9.7,8.8,future_water_stress
29.8,31.7,29.8,72.4,78.8,78.8,74.9,83.7,74.7,4.1,4.0,5.1,stable
24.7,26.5,23.7,59.4,49.6,48.7,47.2,41.8,44.2,2.1,4.3,3.5,stable
34.0,35.3,37.1,60.0,54.3,57.4,75.5,73.8,79.8,4.7,3.5,4.7,stable
48.7,48.6,46.1,23.5,18.5,19.7,69.1,68.8,67.8,6.3,10.0,9.3,future_heat_stress
26.1,22.8,26.2,87.6,86.5,85.7,56.6,57.9,55.4,4.2,2.2,3.1,stable
34.6,37.4,35.2,57.0,54.1,64.4,56.6,50.4,48.8,4.4,5.7,6.8,stable
30.2,31.7,32.5,67.2,70.2,71.0,54.4,59.2,56.1,4.1,3.7,4.1,stable
27.2,27.8,27.0,72.8,72.1,72.5,51.5,44.7,49.2,2.0,4.8,4.6,stable
30.6,28.8,31.7,48.2,45.8,48.4,34.7,38.4,36.9,5.2,4.1,4.4,future_root_zone_stress
29.7,26.8,30.5,64.8,72.6,69.4,67.5,63.4,67.8,4.2,2.7,4.8,stable
38.5,40.9,40.1,45.7,48.4,48.2,45.5,45.6,48.6,6.9,9.4,6.8,future_water_stress
36.1,38.5,38.5,51.6,56.7,49.1,81.3,82.5,82.1,8.0,6.3,7.4,future_heat_stress
29.9,29.8,29.8,56.1,57.0,51.2,70.2,71.6,72.8,1.9,5.3,4.8,stable
27.4,30.4,28.7,64.6,69.7,70.2,25.6,24.4,26.3,4.1,4.9,3.6,future_root_zone_stress
43.9,43.7,45.1,25.5,28.0,28.9,51.8,61.5,60.1,5.9,6.6,7.5,future_root_zone_stress
39.8,39.0,40.5,38.6,51.3,46.3,57.0,62.5,62.7,9.5,7.4,8.8,future_water_stress
38.6,36.5,37.0,54.3,52.7,49.3,26.7,29.6,28.6,5.2,7.0,7.3,future_water_stress
29.2,29.7,33.2,59.0,60.2,65.4,63.4,61.6,61.0,4.6,4.5,4.1,stable
34.8,34.6,35.0,37.9,36.7,46.2,86.6,80.9,90.0,8.4,4.4,6.6,stable
29.9,25.8,29.8,52.1,65.6,63.5,54.7,52.9,50.8,5.9,4.3,4.7,stable
39.4,40.9,42.5,72.9,68.0,69.8,85.8,86.9,88.0,2.6,5.0,4.2,future_heat_stress
34.0,37.1,37.7,23.2,23.6,25.4,57.4,53.1,52.0,5.8,7.8,6.7,future_heat_stress
25.4,23.4,26.8,69.8,62.6,68.8,42.3,39.4,37.8,4.8,3.4,4.4,stable
40.6,43.4,43.4,49.6,51.0,55.9,44.1,43.2,41.3,11.5,10.7,9.6,future_water_stress
34.1,34.4,35.1,36.9,37.0,43.6,56.3,55.7,57.7,6.0,4.6,4.2,stable
35.4,37.5,37.1,55.4,60.1,56.1,62.6,60.4,60.4,6.9,6.1,6.7,stable
25.8,28.2,28.1,78.3,81.5,77.3,51.9,53.3,55.1,2.2,1.3,2.7,stable
36.0,38.2,38.1,60.0,54.7,55.5,34.2,41.6,38.3,8.1,6.9,7.1,future_heat_stress
29.6,28.4,30.5,65.6,63.3,65.6,41.5,42.5,38.9,0.3,2.9,1.3,stable
30.6,30.1,32.7,43.2,45.1,39.5,53.5,58.4,52.4,8.2,5.8,7.4,future_heat_stress
35.7,36.8,38.7,30.2,30.6,30.7,68.5,61.8,63.6,6.0,5.9,6.0,stable
36.8,38.6,36.8,41.7,40.4,38.4,27.5,26.3,26.1,3.4,7.2,6.5,future_water_stress
30.3,28.7,32.7,65.8,70.3,69.7,12.2,3.8,8.9,7.1,7.5,7.1,future_water_stress
25.7,23.7,25.5,69.1,75.7,75.6,25.5,34.5,28.9,7.7,4.0,5.5,future_root_zone_stress
33.5,34.2,35.4,58.8,62.5,58.9,47.0,47.0,50.3,7.5,5.6,6.3,stable
29.9,32.6,34.8,73.4,78.6,68.6,33.4,24.8,28.3,3.8,6.4,3.9,future_root_zone_stress
37.0,34.2,37.9,56.3,53.2,53.0,19.9,26.2,24.3,4.3,5.0,6.4,future_water_stress
41.9,41.0,39.2,43.2,46.1,44.9,43.5,43.8,40.2,5.2,6.1,6.0,stable
31.8,33.8,34.3,38.1,38.1,35.4,59.6,53.5,61.9,5.6,4.9,4.6,stable
32.5,32.6,35.0,53.2,55.6,55.9,75.5,78.9,75.1,0.7,2.1,2.6,stable
31.2,34.0,34.5,61.9,63.6,62.5,58.2,54.3,53.6,5.2,5.5,5.7,stable
31.5,31.4,34.8,63.7,60.2,66.0,48.4,40.6,39.7,2.0,3.6,2.4,stable
25.9,27.1,29.4,58.7,56.5,53.0,43.9,51.4,46.7,0.8,3.7,3.0,stable
36.4,34.8,37.0,52.5,50.9,54.1,70.4,66.2,70.3,4.4,5.1,5.0,stable
42.9,42.8,45.5,70.5,64.7,69.8,57.4,57.8,61.5,5.0,6.8,6.6,future_heat_stress
29.7,27.4,27.9,73.0,68.6,75.0,41.5,38.5,46.5,3.8,3.8,3.3,stable
39.7,37.7,38.4,54.0,49.7,52.2,42.1,49.5,48.5,7.2,6.3,7.3,future_heat_stress
24.7,24.8,23.8,56.7,47.7,48.5,48.1,45.3,50.0,1.0,2.0,2.3,future_root_zone_stress
45.9,47.1,46.2,35.4,30.5,27.0,54.9,66.8,63.9,9.4,11.5,11.0,future_heat_stress
22.7,24.6,25.2,69.5,77.7,68.1,75.2,69.1,69.2,3.6,3.4,4.0,stable
24.3,25.6,25.4,67.9,67.4,71.6,79.1,79.0,81.0,3.3,2.8,2.0,stable
34.9,34.7,35.2,24.7,27.2,32.4,64.0,59.5,65.1,9.2,11.6,10.0,future_root_zone_stress
23.7,27.1,28.0,60.7,69.6,64.4,69.2,64.6,65.2,3.5,2.9,4.2,stable
32.8,32.4,34.2,75.4,79.7,80.4,78.6,80.3,82.5,5.9,5.1,3.7,stable
33.2,34.1,36.6,52.5,55.4,51.1,37.5,39.0,43.1,0.8,4.8,3.1,stable
39.3,38.7,39.6,44.3,38.5,37.6,59.4,64.0,52.9,6.0,5.1,6.5,future_heat_stress
25.2,25.3,27.6,57.4,65.5,57.8,60.1,63.1,58.7,5.9,4.1,3.9,stable
41.1,39.5,40.4,38.9,44.5,44.6,102.7,94.8,97.3,8.2,7.1,7.6,future_heat_stress
28.6,26.7,29.0,63.9,65.3,58.8,85.5,83.4,85.6,3.3,2.6,2.3,stable
36.0,38.5,38.2,48.4,48.1,38.1,49.2,57.0,53.1,7.0,6.1,4.8,future_heat_stress
30.1,34.2,35.0,31.7,37.4,34.7,52.0,50.8,55.2,4.9,5.5,5.9,future_water_stress
31.1,32.2,32.1,64.7,69.4,74.6,62.3,70.1,70.6,1.6,2.0,1.3,stable
35.4,35.4,37.8,56.0,63.1,65.8,39.8,46.6,46.7,9.6,7.0,7.4,future_root_zone_stress
26.9,24.1,27.1,83.3,82.3,83.9,44.3,49.4,46.1,3.7,1.7,2.1,stable
27.0,28.7,30.8,63.5,64.1,59.2,40.1,42.7,41.1,9.1,7.5,6.6,future_water_stress
31.6,33.6,33.9,84.2,77.2,83.8,82.3,82.2,85.6,4.7,3.3,4.8,stable
35.1,32.7,33.7,70.3,75.4,70.5,63.6,63.4,62.3,5.2,2.9,2.8,future_root_zone_stress
29.1,30.8,29.6,77.7,70.6,70.2,57.9,63.1,66.2,1.2,3.4,3.7,stable
25.0,31.0,29.3,45.2,49.2,40.8,45.4,45.7,43.5,2.5,5.1,3.8,future_root_zone_stress
32.8,33.6,33.4,64.7,62.7,65.0,43.7,54.0,47.2,4.8,2.6,3.3,stable
27.1,26.8,27.9,82.2,78.3,73.9,95.8,85.9,90.4,1.5,1.5,2.5,stable
35.1,39.9,39.7,33.8,39.1,35.4,54.9,56.1,55.3,8.8,8.2,7.8,future_root_zone_stress
27.9,24.3,29.2,72.7,74.7,76.0,83.0,85.0,85.6,3.2,3.3,2.2,stable
32.1,31.0,31.6,62.1,60.9,66.6,47.3,46.0,38.3,3.7,5.6,5.1,stable
24.6,24.1,27.0,65.3,68.5,70.3,44.5,41.7,42.7,4.9,2.7,2.2,stable
43.4,43.4,41.8,50.8,43.9,43.5,76.3,77.6,76.9,10.1,10.9,10.6,future_heat_stress
26.6,25.1,26.6,73.8,77.3,76.6,77.7,76.2,81.1,6.5,4.7,5.0,stable
27.9,28.3,29.9,41.1,36.6,41.7,93.4,96.6,93.3,4.4,4.3,3.9,stable
41.0,42.8,43.7,39.3,42.8,36.6,31.6,35.8,33.8,11.6,10.1,9.5,future_water_stress
29.7,28.6,33.7,85.1,87.0,87.4,62.9,63.4,56.5,1.3,2.5,2.8,stable
31.2,33.4,32.1,43.7,59.6,55.5,54.5,52.7,57.8,4.3,5.6,5.7,stable
31.7,34.7,34.3,35.6,34.5,32.9,65.1,55.3,62.3,6.4,5.6,7.2,stable
32.7,31.2,33.2,74.7,64.7,64.7,57.7,58.2,55.9,7.9,5.4,6.3,stable
39.8,39.9,38.7,38.2,30.1,39.8,46.6,52.1,45.5,3.1,3.3,2.3,stable
32.5,32.5,33.2,69.6,56.9,66.3,61.7,69.9,60.8,5.5,3.4,4.6,stable
31.8,33.1,34.8,54.6,63.0,59.3,68.5,68.7,70.2,4.9,4.0,5.4,stable
28.7,30.5,32.2,46.2,51.7,46.8,83.5,75.6,79.9,1.1,2.0,3.3,stable
33.6,30.5,33.9,67.9,63.2,63.3,36.8,40.9,37.8,6.6,5.1,5.4,future_water_stress
40.8,36.2,39.4,60.5,67.2,65.6,68.7,67.1,66.1,8.5,8.8,9.0,future_heat_stress
24.3,28.8,26.5,71.0,69.5,76.8,46.1,44.8,45.4,2.1,2.7,3.1,stable
27.0,28.7,28.5,57.6,57.8,55.0,54.8,67.4,61.4,3.4,3.6,4.7,stable
27.0,24.3,25.9,49.5,48.9,47.7,53.9,47.8,52.6,0.5,4.2,2.0,stable
25.8,23.0,25.2,56.1,62.8,60.2,53.3,46.9,45.3,4.5,3.6,4.8,stable
25.1,26.6,27.5,76.3,84.9,77.1,55.9,53.6,50.1,1.0,1.7,2.5,stable
27.4,26.1,27.1,73.5,69.6,66.9,82.9,79.8,74.9,4.1,4.5,5.2,stable
36.5,35.7,36.9,55.2,50.7,57.6,73.1,72.2,74.0,10.0,7.9,8.0,stable
33.5,31.6,33.3,32.1,40.9,36.8,55.6,60.7,57.4,4.7,5.1,3.9,future_heat_stress
26.6,31.8,28.9,62.3,66.1,66.7,94.1,88.2,92.5,4.8,5.6,5.0,stable
36.7,37.4,40.2,23.1,23.1,29.8,62.2,60.9,59.0,7.5,4.2,4.2,stable
23.4,23.5,26.8,80.9,90.4,84.1,72.8,75.7,74.9,5.8,5.3,5.5,stable
27.7,27.5,28.3,57.3,64.2,64.4,79.5,73.8,78.5,2.7,2.8,3.6,stable
27.8,26.0,28.6,65.0,69.5,59.4,59.7,58.9,56.9,6.0,3.7,4.7,stable
28.8,30.6,31.3,49.6,47.0,56.6,56.7,63.0,60.4,3.4,2.9,2.7,stable
39.1,39.3,40.3,65.1,61.3,59.7,21.5,20.4,18.8,6.7,7.5,7.3,future_water_stress
28.3,26.2,30.4,51.7,48.4,48.8,52.1,57.5,59.3,2.9,2.9,3.4,future_water_stress
27.2,26.3,28.5,66.2,66.0,64.7,52.8,56.2,51.5,2.0,3.0,1.9,stable
36.5,34.5,34.6,50.0,55.0,57.7,77.9,87.3,84.7,9.2,8.8,8.1,future_heat_stress
31.5,31.9,33.6,94.0,98.2,88.7,69.4,66.5,70.3,2.2,1.8,1.9,stable
28.2,30.1,30.7,90.9,89.0,88.5,76.6,74.7,81.6,1.3,2.7,2.9,stable
36.5,37.5,37.7,55.3,50.4,59.4,48.1,42.7,44.8,7.6,6.5,7.4,stable
31.9,33.6,36.0,62.9,55.5,61.5,63.6,61.1,64.6,5.7,7.4,6.2,stable
27.3,26.0,28.6,66.6,62.0,68.2,78.8,83.9,77.3,4.1,2.9,2.3,stable
30.9,35.2,34.3,72.4,71.5,67.4,46.8,50.0,43.1,4.4,4.8,6.3,future_water_stress
34.8,34.2,35.3,61.0,65.7,62.7,53.1,48.9,41.8,8.3,6.6,8.9,future_heat_stress
33.4,35.0,34.9,60.5,63.7,56.4,57.5,62.2,61.5,3.8,3.7,2.7,future_root_zone_stress
26.8,25.4,27.1,55.9,60.6,62.1,65.2,62.3,63.8,7.5,5.6,6.4,future_heat_stress
31.6,32.6,33.6,70.1,67.6,62.6,85.1,87.2,82.0,4.8,5.1,4.8,stable
42.0,44.2,44.4,38.4,34.1,38.3,61.8,52.9,57.6,11.6,7.5,8.6,future_heat_stress
31.0,30.0,30.8,58.6,58.9,63.3,70.6,75.2,76.4,2.9,4.3,3.9,stable
28.6,29.6,29.5,77.5,75.7,87.5,80.6,69.9,71.4,2.0,3.7,4.2,stable
36.1,33.1,37.1,43.5,47.7,45.8,78.6,71.8,74.7,8.1,6.7,6.5,stable
38.2,37.1,35.8,51.0,47.3,44.5,62.3,72.8,69.2,9.3,6.7,7.2,future_heat_stress
27.3,30.9,30.6,76.7,81.7,84.6,80.1,73.6,74.2,2.8,4.5,4.8,stable
34.3,31.8,36.2,29.2,38.8,38.9,68.1,63.0,67.0,6.1,4.9,5.3,stable
28.5,28.9,32.2,48.4,45.4,50.4,60.9,62.2,63.2,8.8,8.2,9.2,future_heat_stress
29.4,33.7,31.0,86.8,89.7,92.9,79.1,87.1,84.6,4.1,3.6,5.0,stable
29.8,29.0,31.3,60.7,65.7,64.6,69.8,63.3,68.2,1.8,5.3,3.9,stable
25.5,26.8,31.2,67.4,58.1,60.3,67.9,70.8,72.7,2.4,3.0,2.4,stable
27.8,31.2,30.4,79.6,76.3,73.7,49.9,50.8,50.0,1.1,3.4,3.0,stable
30.9,33.9,35.6,72.7,64.1,70.9,53.3,61.9,56.8,2.1,0.7,0.3,stable
29.6,27.7,27.5,62.5,55.5,64.5,19.9,15.3,16.7,7.3,5.2,6.4,future_water_stress
33.4,33.2,33.4,73.1,67.1,74.7,70.6,73.1,74.0,4.6,6.6,7.3,future_root_zone_stress
29.6,28.8,29.9,76.9,70.3,78.2,40.0,33.0,34.6,4.6,3.3,3.5,stable
22.5,28.2,25.1,62.3,63.0,58.1,62.2,65.4,67.1,5.5,3.9,3.6,stable
31.2,28.5,29.7,75.6,73.9,71.1,59.5,63.5,61.9,2.0,3.3,3.0,stable
29.9,27.2,29.3,54.5,54.1,54.3,65.2,73.6,69.6,5.3,4.5,4.1,stable
34.5,37.2,37.9,40.8,38.7,42.5,68.1,66.9,66.7,5.1,4.8,6.4,stable
32.4,32.2,32.4,83.0,80.8,72.9,52.8,54.2,48.4,1.1,1.7,2.9,stable
